0.3268526932079997
0.3303349225617507
0.32685331551016994
0.32685276796588414
0.3268704000491168
0.3268533902680544
0.3268533902680544
0.32685276796588414
0.32685276796588414
0.32687102235128707
0.3268526932079997
0.3268533902680544
0.32685276796588414
0.3268533902680544
0.3268533902680544
0.3268533902680544
0.3268533902680544
0.3268533902680544
0.3268533902680544
0.3268533902680544
0.3268533902680544
0.3268533902680544
0.32685276796588414
0.32685276796588414
0.3268533902680544
0.5924470818259978
0.3285887480021438
0.3268533902680544
0.3268704000491168
0.3292347827486515
0.3268533902680544
0.32687808586756706
0.7957641285179022
0.32687102235128707
0.3268704000491168
0.32685276796588414
0.32685331551016994
0.3268533902680544
0.32685331551016994
0.3268533902680544
0.32685276796588414
0.32687102235128707
0.32685276796588414
0.32685276796588414
0.32687102235128707
0.3268533902680544
0.32784080261865445
0.32741444423272004
0.3268533902680544
0.3268526932079997
0.3268533902680544
0.32685331551016994
0.32685276796588414
0.32685276796588414
0.3268533902680544
0.3268533902680544
0.3268533902680544
0.3268533902680544
0.3268533902680544
0.3268526932079997
0.32685276796588414
0.32685276796588414
0.326911587732585
0.32687808586756706
0.32685276796588414
0.3268533902680544
0.3268533902680544
0.326911587732585
0.32685276796588414
0.32685276796588414
0.35051972718871316
0.32685331551016994
0.3268533902680544
0.32685276796588414
0.3268533902680544
0.32685276796588414
0.3268533902680544
0.3268533902680544
0.3268533902680544
0.3268533902680544
0.32687102235128707
0.32685276796588414
0.32685331551016994
0.5924470818259978
0.32685276796588414
0.3268533902680544
0.3268533902680544
0.32687808586756706
0.32685276796588414
0.32687102235128707
0.3268533902680544
0.32741444423272004
0.32685276796588414
0.3268533902680544
0.32685276796588414
0.32685276796588414
0.32685276796588414
0.32685276796588414
0.3268533902680544
0.3268533902680544
0.3268533902680544
0.32685276796588414
0.32685276796588414
0.32685276796588414
0.3268533902680544
0.3268533902680544
0.3268533902680544
0.32685276796588414
0.32685276796588414
0.3268533902680544
0.3268704000491168
0.32685276796588414
0.34600944783997295
0.3268533902680544
0.3268533902680544
0.32685276796588414
0.32685276796588414
0.32685276796588414
0.32979157543820214
0.32685276796588414
0.3268533902680544
0.32685276796588414
0.32685276796588414
0.3268774635653968
0.3268526932079997
0.3268533902680544
0.3268533902680544
0.32685276796588414
0.32685276796588414
0.32685331551016994
0.32685276796588414
0.3465497580357172
0.32685276796588414
0.3268533902680544
0.32685276796588414
0.3274138219305498
0.32685276796588414
0.32687102235128707
0.32685276796588414
0.3268533902680544
0.32685276796588414
0.3268533902680544
0.34654913573354695
0.32685331551016994
0.32685276796588414
0.3268533902680544
0.3268533902680544
0.3292347827486515
0.3268704000491168
0.32784025507436865
0.32861344360165656
0.3268533902680544
0.3268533902680544
0.32685276796588414
0.3268526932079997
0.32685276796588414
0.32685276796588414
0.32839915238060635
0.3268533902680544
0.3268533902680544
0.32685276796588414
0.32685331551016994
0.3268533902680544
0.3268533902680544
0.3547235735017491
0.32685276796588414
0.32687102235128707
0.3268533902680544
0.32685276796588414
0.5668461284403795
0.32685331551016994
0.32685276796588414
0.32693566102992744
0.32691096543041476
0.32685276796588414
0.3268780111096826
0.32685276796588414
0.32687102235128707
0.3268774635653968
0.3268526932079997
0.3268533902680544
0.32685276796588414
0.3268526932079997
0.32977394335496946
0.3268533902680544
0.3268533902680544
0.3268533902680544
0.3268533902680544
0.32685276796588414
0.35472349874386466
0.8912329417586258
0.3268533902680544
0.32685276796588414
0.3268533902680544
0.3268533902680544
0.32685276796588414
0.32685276796588414
0.34654913573354695
0.33853762193752435
0.3385382442396946
0.32687102235128707
0.3268533902680544
0.32685276796588414
0.32685276796588414
0.3268533902680544
0.3268533902680544
0.3268533902680544
0.3268533902680544
0.3268533902680544
0.32685276796588414
0.3465497580357172
0.32685276796588414
0.32685276796588414
0.3268533902680544
0.32685331551016994
0.32685276796588414
0.32685276796588414
0.3268533902680544
0.3268703252912324
0.3268533902680544
0.3268533902680544
0.32685276796588414
0.3268533902680544
0.32687102235128707
0.3268533902680544
0.3268533902680544
0.3268533902680544
0.32685276796588414
0.32784025507436865
0.3286469454666745
0.32685276796588414
0.32685276796588414
0.32693628333209773
0.32685276796588414
0.7957641285179022
0.3268533902680544
0.32685276796588414
0.32685276796588414
0.32685276796588414
0.3278401803164842
0.32685276796588414
0.32685276796588414
0.32923470799076704
0.3268533902680544
0.3268533902680544
0.3268533902680544
0.35472295119957886
0.3268533902680544
0.3268773888075124
0.3268533902680544
0.3268533902680544
0.32687808586756706
0.32687102235128707
0.3268533902680544
0.32685276796588414
0.3268533902680544
0.3268533902680544
0.32685276796588414
0.32685276796588414
0.3268704000491168
0.3268533902680544
0.3268526932079997
0.32685276796588414
0.3385382442396946
0.32685276796588414
0.32685276796588414
0.3268533902680544
0.3268533902680544
0.5924166245590432
0.3268533902680544
0.35472349874386466
0.3268533902680544
0.32687808586756706
0.32685276796588414
0.3268526932079997
0.32687102235128707
0.35472349874386466
0.3268533902680544
0.3268533902680544
0.32685276796588414
0.32685276796588414
0.3268526932079997
0.3268533902680544
0.32685276796588414
0.3268533902680544
0.3268533902680544
0.32685276796588414
0.3268533902680544
0.32685276796588414
0.3268533902680544
0.3268533902680544
0.32685276796588414
0.3268533902680544
0.3268533902680544
0.3268533902680544
0.3268526932079997
0.3268533902680544
0.32685276796588414
0.32685276796588414
0.32685331551016994
0.32685331551016994
0.32685276796588414
0.32685276796588414
0.3268533902680544
0.32685276796588414
0.3268533902680544
0.32685331551016994
0.3268526932079997
0.3268533902680544
0.3268533902680544
0.3268533902680544
0.32685331551016994
0.3268774635653968
0.3268533902680544
0.3268533902680544
0.3268703252912324
0.32685276796588414
0.3268533902680544
0.3268533902680544
0.32685276796588414
0.3268704000491168
0.3268533902680544
0.3268533902680544
0.32685276796588414
0.32685276796588414
0.3268533902680544
0.3268533902680544
0.32685276796588414
0.3547235735017491
0.3268533902680544
0.32685276796588414
0.3268533902680544
0.3268533902680544
0.32685276796588414
0.34656780493948164
0.32685276796588414
0.32693566102992744
0.3268533902680544
0.3268533902680544
0.3268533902680544
0.3268533902680544
0.32685276796588414
0.3268533902680544
0.32685276796588414
0.3268526932079997
0.32687102235128707
0.32685331551016994
0.4468490133558735
0.3268533902680544
0.3268533902680544
0.3268533902680544
0.32685276796588414
0.3268704000491168
0.32685276796588414
0.3268533902680544
0.3547235735017491
0.3268533902680544
0.32685276796588414
0.3268533902680544
0.32977394335496946
0.3268533902680544
0.32685276796588414
0.4468490133558735
0.3268780111096826
0.32685276796588414
0.32685276796588414
0.32685276796588414
0.32687102235128707
0.3268533902680544
0.32685276796588414
0.3268533902680544
0.3268533902680544
0.3268533902680544
0.32685331551016994
0.3268533902680544
0.32685276796588414
0.3268533902680544
0.32685276796588414
0.3268533902680544
0.32685276796588414
0.32685276796588414
0.35704264286285303
0.32685276796588414
0.326911587732585
0.32685276796588414
0.3268533902680544
0.44706527568371224
0.32685276796588414
0.32685276796588414
0.3268533902680544
0.32685276796588414
0.3268533902680544
0.32685276796588414
0.3268704000491168
0.32685276796588414
0.32685276796588414
0.32687102235128707
0.3268709475934026
0.32685276796588414
0.3268526932079997
0.32685276796588414
0.3292347827486515
0.3268533902680544
0.9515185097413174
0.3268526932079997
0.32685276796588414
0.3268533902680544
0.3268533902680544
0.32685276796588414
0.3268533902680544
0.3268533902680544
0.32685331551016994
0.32685276796588414
0.32685276796588414
0.3268533902680544
0.3268533902680544
0.3268533902680544
0.5596293874791254
0.3268533902680544
0.3268533902680544
0.3268533902680544
0.32685276796588414
0.3268533902680544
0.32685331551016994
0.32685276796588414
0.3268533902680544
0.3268533902680544
0.3268533902680544
1.442206866188893
0.3385382442396946
0.32685276796588414
0.32685276796588414
0.3268533902680544
0.32685276796588414
0.32685276796588414
0.3268533902680544
1.4414510735002701
0.32685276796588414
0.3268526932079997
0.3268704000491168
0.3268533902680544
0.32685276796588414
0.3268533902680544
0.3268533902680544
0.3268533902680544
0.3471278217814453
0.4242565408460075
0.3268526932079997
0.3278408773765389
0.3268533902680544
0.3268533902680544
0.3268533902680544
0.3268533902680544
0.3268533902680544
0.3268533902680544
0.3268533902680544
0.32685276796588414
0.3268533902680544
0.32685331551016994
0.32685276796588414
0.3268533902680544
0.3268533902680544
0.32685276796588414
0.3268533902680544
0.3268533902680544
0.32687808586756706
0.32687102235128707
0.3268533902680544
0.3268533902680544
0.3385382442396946
0.3268533902680544
0.32685331551016994
0.3268533902680544
0.32685276796588414
0.3268533902680544
0.34654913573354695
0.3268533902680544
0.3268533902680544
0.32685276796588414
0.3268533902680544
0.3283985300784361
0.3268533902680544
0.3268526932079997
0.32685276796588414
0.3268533902680544
0.32685276796588414
0.32685276796588414
0.32685276796588414
0.32685276796588414
0.32685331551016994
0.32685276796588414
0.3268533902680544
0.5596293874791254
0.3268533902680544
0.32685276796588414
0.3268533902680544
0.3268533902680544
0.3268533902680544
0.3268533902680544
1.4414391584149269
0.3268533902680544
0.3297733210527992
0.3268533902680544
0.32685276796588414
0.3385382442396946
0.7957641285179022
0.3268704000491168
0.32685276796588414
0.3268533902680544
0.32685276796588414
0.3268533902680544
0.3268533902680544
0.3268533902680544
0.32685276796588414
0.32685276796588414
0.3268533902680544
0.32839915238060635
0.3268533902680544
0.3268533902680544
0.3268533902680544
0.32685276796588414
0.3268533902680544
0.3268533902680544
0.3268533902680544
0.32685276796588414
0.3385382442396946
0.3268704000491168
0.3268533902680544
0.3268533902680544
0.3268533902680544
0.3268533902680544
0.3268533902680544
0.3268533902680544
0.32685276796588414
0.3268533902680544
0.3268533902680544
0.32685276796588414
0.32685331551016994
0.3268533902680544
0.3268533902680544
0.32685276796588414
0.32685276796588414
0.32687102235128707
0.3268533902680544
0.3268526932079997
0.3268533902680544
0.32685276796588414
0.3268533902680544
0.3268533902680544
0.32685276796588414
0.3268533902680544
0.3268533902680544
0.3268533902680544
0.32685276796588414
0.3268533902680544
0.32685276796588414
0.32687808586756706
0.32685276796588414
0.3268533902680544
0.3268533902680544
0.3268533902680544
0.3268533902680544
0.3268533902680544
0.3268533902680544
0.3268533902680544
0.32685276796588414
0.32685276796588414
0.32687102235128707
0.32693628333209773
0.3268533902680544
0.32687102235128707
0.3268533902680544
0.32687808586756706
0.3268526932079997
0.3268533902680544
0.32685276796588414
0.3268533902680544
0.32685276796588414
0.32687102235128707
0.32685276796588414
0.32687102235128707
0.32685276796588414
0.3268533902680544
0.32685276796588414
0.3268533902680544
0.3268533902680544
0.3268526932079997
0.32685276796588414
0.35472349874386466
0.3268533902680544
0.32685331551016994
0.3268533902680544
0.3268533902680544
0.32685276796588414
0.32685331551016994
0.32861344360165656
0.3268533902680544
0.32685276796588414
0.3268533902680544
0.32685276796588414
0.3268526932079997
0.32685331551016994
0.3268533902680544
0.32685276796588414
0.3268709475934026
0.3268774635653968
0.32685276796588414
0.3268533902680544
0.3268533902680544
0.32685276796588414
0.32685276796588414
1.642248953977804
0.32685276796588414
0.32685331551016994
0.3268533902680544
0.3268533902680544
0.32685276796588414
0.3268533902680544
0.3268533902680544
0.35472349874386466
0.3268533902680544
0.3268533902680544
0.32693628333209773
0.32685276796588414
0.3268533902680544
0.3268533902680544
0.3268533902680544
0.3268533902680544
0.5668306098571383
0.3268533902680544
0.3268533902680544
0.3385382442396946
0.3268533902680544
0.3268533902680544
0.32685276796588414
0.3268533902680544
0.32687102235128707
0.3268533902680544
0.3268533902680544
0.32687102235128707
0.32685276796588414
0.3268533902680544
0.32685276796588414
0.3268533902680544
0.3268533902680544
0.3385395345599872
0.5596293874791254
0.32685276796588414
0.32685276796588414
0.3268533902680544
0.32685276796588414
0.3268533902680544
0.32685276796588414
0.32685331551016994
0.32685276796588414
0.3268533902680544
0.32685276796588414
0.32685276796588414
0.3268533902680544
0.32685276796588414
0.32784025507436865
0.3268533902680544
0.35472349874386466
0.32693628333209773
0.3268704000491168
0.3268533902680544
0.35472349874386466
0.32741444423272004
0.32685276796588414
0.32685276796588414
0.32685276796588414
0.3268533902680544
0.3268533902680544
0.32685276796588414
0.32685331551016994
0.3268704000491168
0.32685276796588414
0.3268533902680544
0.32861344360165656
0.3268533902680544
0.32685276796588414
0.3268533902680544
0.3268533902680544
0.32685276796588414
0.32685276796588414
0.3268533902680544
0.3268533902680544
0.3268533902680544
0.3268533902680544
0.3268533902680544
0.3268533902680544
0.3268533902680544
0.32685276796588414
0.3268533902680544
0.32693628333209773
0.3268533902680544
0.3268533902680544
0.3646415013991626
0.3268533902680544
0.3268533902680544
0.3268774635653968
0.3268533902680544
0.3268774635653968
0.32685276796588414
0.3268533902680544
0.3268533902680544
0.3268533902680544
0.32685276796588414
0.3547412055849818
0.3268526932079997
0.3268533902680544
0.3268533902680544
0.32685276796588414
0.32685276796588414
0.32685276796588414
0.3268533902680544
0.3268704000491168
0.32693566102992744
0.3274138219305498
0.32685276796588414
0.3268704000491168
0.32685276796588414
0.32685276796588414
0.32685276796588414
0.3268533902680544
0.3268533902680544
0.3268533902680544
0.8913873420193058
0.32685276796588414
0.7957372607177207
0.3268526932079997
0.3268533902680544
0.326911587732585
0.3268533902680544
0.3268533902680544
0.32685276796588414
0.32685276796588414
0.3268526932079997
0.3268533902680544
0.3268533902680544
0.3268533902680544
0.3268533902680544
0.3268533902680544
0.3268533902680544
0.4242565408460075
0.3268533902680544
0.3268533902680544
0.32685276796588414
0.32685276796588414
0.3268533902680544
0.32685276796588414
0.3268704000491168
0.32685276796588414
0.3297733210527992
0.3268533902680544
0.3268533902680544
0.3285887480021438
0.32685276796588414
0.32685276796588414
0.3268533902680544
0.3268533902680544
0.3268533902680544
0.32685276796588414
0.32687102235128707
0.3268533902680544
0.32687808586756706
0.32685276796588414
0.3268533902680544
0.32685276796588414
0.7960324352958629
0.3268533902680544
0.8912329417586258
0.3268533902680544
0.3268533902680544
0.3268533902680544
0.32685276796588414
0.3268533902680544
0.3268533902680544
0.3268533902680544
0.3268533902680544
1.4414514960420408
0.3268533902680544
0.3268533902680544
0.3268533902680544
0.3268533902680544
0.3268533902680544
0.4242565408460075
0.3268533902680544
0.4242869981129621
0.4242565408460075
0.3268533902680544
0.3268533902680544
0.32685276796588414
0.3268526932079997
0.32685276796588414
0.32685276796588414
0.32687808586756706
0.3268533902680544
0.3268533902680544
0.32685276796588414
0.32685276796588414
0.32685276796588414
0.32685276796588414
0.3283985300784361
0.32685276796588414
0.3268533902680544
0.3268533902680544
0.3268533902680544
0.3268533902680544
0.3268533902680544
0.32685276796588414
0.32685276796588414
0.3268533902680544
0.3268533902680544
0.3268533902680544
0.3268533902680544
0.3274138219305498
0.3268533902680544
0.32685276796588414
0.32860343259785857
0.3268533902680544
0.32685276796588414
0.5668540055745103
0.3268533902680544
0.32685276796588414
0.32685276796588414
0.32687102235128707
0.32685276796588414
0.3268533902680544
0.3268533902680544
0.3268533902680544
0.3268533902680544
0.3268533902680544
0.32685276796588414
0.3268533902680544
0.3268533902680544
0.3268533902680544
0.32685276796588414
0.32687102235128707
0.3268533902680544
0.3268533902680544
0.32687102235128707
0.3268533902680544
0.3268533902680544
0.3268526932079997
0.3268533902680544
0.33853762193752435
0.3268533902680544
0.3268533902680544
0.3268533902680544
0.32685276796588414
0.3268533902680544
0.3268533902680544
0.32685276796588414
0.3268533902680544
0.32685276796588414
0.5668296562675345
0.3268533902680544
0.32685276796588414
0.3381294323199697
0.32687102235128707
0.32685276796588414
0.3268533902680544
0.3268533902680544
0.8912329417586258
0.3268533902680544
0.3471101896982126
0.326911587732585
0.3268533902680544
0.3268533902680544
0.3268533902680544
0.3268533902680544
0.3268533902680544
0.32687102235128707
0.3268774635653968
0.32685276796588414
0.32687102235128707
0.3268533902680544
0.32784025507436865
0.32685276796588414
0.3268533902680544
0.32685276796588414
0.3268533902680544
0.32685276796588414
0.35472349874386466
0.32685276796588414
0.3268533902680544
0.32685276796588414
0.3268533902680544
0.32685276796588414
0.3268533902680544
0.3268533902680544
0.3268533902680544
0.3268533902680544
0.3268533902680544
0.3268533902680544
0.3268533902680544
0.3268533902680544
0.3268533902680544
0.3268533902680544
0.3278408773765389
0.32691096543041476
0.3268533902680544
0.32685276796588414
0.32685276796588414
0.7957888241174149
0.3268704000491168
0.3268533902680544
0.3268533902680544
0.3268533902680544
0.3268533902680544
0.3268533902680544
0.3268533902680544
0.3268533902680544
0.3268533902680544
0.32685331551016994
0.3268533902680544
0.32685276796588414
0.3268533902680544
0.3385382442396946
0.33853762193752435
0.3268533902680544
0.3268533902680544
0.3268533902680544
0.3285887480021438
0.3268533902680544
0.32685276796588414
0.32693628333209773
0.32979157543820214
0.3268533902680544
0.32685331551016994
0.3268533902680544
0.3268526932079997
0.32685276796588414
0.3268533902680544
0.32685276796588414
0.32784025507436865
0.3268533902680544
0.32685276796588414
0.32685276796588414
0.5716373887467995
0.32685276796588414
0.32685276796588414
0.3268774635653968
0.32685276796588414
0.3268533902680544
0.3268533902680544
0.32685276796588414
0.3268533902680544
0.32685276796588414
0.3268533902680544
0.32687808586756706
0.3268533902680544
0.3297733210527992
0.3268533902680544
0.3268533902680544
0.3268533902680544
0.3268533902680544
0.3268533902680544
0.3278408773765389
0.3268774635653968
0.3268533902680544
0.3268533902680544
0.3268533902680544
0.3268533902680544
0.32685276796588414
0.3268533902680544
0.3285887480021438
0.3268533902680544
0.3268533902680544
0.4468801815064599
0.32685276796588414
0.32685276796588414
0.32685331551016994
0.3268704000491168
0.32685331551016994
0.32687102235128707
0.3268533902680544
0.3268533902680544
0.32839915238060635
0.35472349874386466
0.32685276796588414
0.32685276796588414
0.32687102235128707
0.3268533902680544
0.32687808586756706
0.3268533902680544
0.32685276796588414
0.32685276796588414
0.3268533902680544
0.32685331551016994
0.3268533902680544
0.32685276796588414
0.3268533902680544
0.32685276796588414
0.3268533902680544
0.32687808586756706
0.3268526932079997
0.3268526932079997
0.3268709475934026
