0.3271599523570031
0.32716074672727874
0.3283985300784361
0.32715861917120104
0.32716074672727874
0.32716003584364683
0.3271592414733713
0.3271593300548329
0.3271593300548329
0.32715861917120104
0.32715861917120104
0.32716003584364683
0.32716003584364683
0.32715861917120104
0.3271599523570031
0.3271592414733713
0.32715861917120104
0.32716074672727874
0.32716074672727874
0.3271593300548329
0.327161369029449
0.32715861917120104
0.3271593300548329
0.3271592414733713
0.32715861917120104
0.32715861917120104
0.32716003584364683
0.32715861917120104
0.3271593300548329
0.32716003584364683
0.3271593300548329
0.3271593300548329
0.32715861917120104
0.32716074672727874
0.32715861917120104
0.32715861917120104
0.32715861917120104
0.3450416244112824
0.32715861917120104
0.32716003584364683
0.32718535374532975
0.32716003584364683
0.32715861917120104
0.3271599523570031
0.32716003584364683
0.32716003584364683
0.3271593300548329
0.3276065524892562
0.32716003584364683
0.3271593300548329
0.4252943555000325
0.3271592414733713
0.32716003584364683
0.3271592414733713
0.32715861917120104
0.3271593300548329
0.32716074672727874
0.32716003584364683
0.32715861917120104
0.3450423302000963
0.32716074672727874
0.3271592414733713
0.32716003584364683
0.38197340787711287
0.3638161912663855
0.32715861917120104
0.32716003584364683
0.32716074672727874
0.3271593300548329
0.32716003584364683
0.32715861917120104
0.7278997937962769
0.32715861917120104
0.32715861917120104
0.3271593300548329
0.32715861917120104
0.3450436633858984
0.32715861917120104
0.3271593300548329
0.3271593300548329
0.32715861917120104
0.3271599523570031
0.327161369029449
0.32715861917120104
0.32716003584364683
0.3450422467134526
1.6201701943053584
0.32715861917120104
0.3271592414733713
0.32716074672727874
0.3271593300548329
0.3283985300784361
0.3271593300548329
0.9880535381850795
0.32715861917120104
0.3271593300548329
0.32715861917120104
0.3271593300548329
0.7419539244997491
0.32715861917120104
0.32716003584364683
0.32715861917120104
0.32715861917120104
0.32715861917120104
0.3271593300548329
0.32715861917120104
0.3298315185173299
0.32715861917120104
0.32715861917120104
0.32716003584364683
0.32715861917120104
0.32715861917120104
0.32715861917120104
0.32715861917120104
0.32715861917120104
0.32715861917120104
0.3271593300548329
0.32715861917120104
0.32715861917120104
0.32716074672727874
0.32716003584364683
0.327161369029449
0.3271592414733713
0.32715861917120104
0.32716003584364683
0.32715861917120104
0.32715861917120104
0.3297732462949148
0.3271593300548329
0.32716074672727874
0.32715861917120104
0.32715861917120104
0.32715861917120104
0.32715861917120104
0.32715861917120104
0.32715861917120104
0.3271593300548329
0.32715861917120104
0.32715861917120104
0.3271606581458171
0.3271593300548329
0.3283985300784361
0.32715861917120104
0.3271593300548329
0.32716003584364683
0.32715861917120104
0.32716003584364683
0.3271593300548329
0.3271593300548329
0.3271593300548329
0.32715861917120104
0.32716074672727874
0.3271592414733713
0.3271593300548329
0.32715861917120104
0.32715861917120104
0.32715861917120104
0.3271593300548329
0.3271593300548329
0.32715861917120104
1.6201701943053584
0.32716003584364683
0.3271606581458171
0.3271593300548329
0.32715861917120104
0.32715861917120104
0.3271606581458171
0.32715861917120104
0.32716003584364683
0.32716074672727874
0.32716003584364683
0.32715861917120104
0.3271593300548329
0.3271593300548329
0.3271593300548329
0.3271606581458171
0.3271593300548329
0.32715861917120104
0.32715861917120104
0.32716003584364683
0.32716003584364683
0.32716074672727874
0.3271593300548329
0.32715861917120104
0.3271593300548329
0.32715861917120104
0.32716074672727874
0.32716074672727874
0.3515721629710503
0.32716003584364683
0.32715861917120104
0.32716003584364683
0.3271593300548329
0.3271593300548329
0.32716074672727874
0.32716003584364683
0.32715861917120104
0.32715861917120104
0.32715861917120104
0.3271593300548329
0.3271593300548329
0.35157287385468217
0.32716003584364683
0.32715861917120104
0.3271593300548329
0.3271593300548329
0.3271592414733713
0.3271592414733713
0.3271593300548329
0.32715861917120104
0.3271593300548329
0.3271593300548329
0.3271593300548329
0.3271593300548329
0.3271593300548329
0.3271593300548329
0.3456020204854071
0.32716003584364683
0.32715861917120104
0.3271593300548329
0.32715861917120104
0.32716003584364683
0.3271599523570031
0.32715861917120104
0.32715861917120104
0.3271593300548329
0.32716074672727874
0.32716074672727874
0.32715861917120104
0.32715861917120104
0.7279010149361418
0.32716074672727874
0.32715861917120104
0.3276044249331785
0.3303349973196351
0.32715861917120104
0.32715861917120104
0.327161369029449
0.32839923586725006
0.32771759857287996
0.5652065662989607
0.32716074672727874
0.32716074672727874
0.3309746789313679
1.4172759896386962
0.7279010149361418
0.3271599523570031
0.3271593300548329
0.32715861917120104
0.32715861917120104
0.32715861917120104
0.32715861917120104
0.32715861917120104
0.32716003584364683
0.32715861917120104
0.32715861917120104
0.32715861917120104
0.32715861917120104
0.32717618300092105
0.32716003584364683
0.32715861917120104
0.32716003584364683
0.3312147721774316
0.32716074672727874
0.3271593300548329
0.32715861917120104
0.32715861917120104
0.32716074672727874
0.32716074672727874
0.9890636659833425
0.3271593300548329
0.32715861917120104
0.3271593300548329
0.32715861917120104
0.32760380263100825
0.32715861917120104
0.32760380263100825
0.32716074672727874
0.32716003584364683
0.4252982868439156
0.3271593300548329
0.32716003584364683
0.3271593300548329
0.32715861917120104
0.3271593300548329
0.32715861917120104
0.3271593300548329
0.3271593300548329
0.3271599523570031
0.3271593300548329
0.32715861917120104
0.9880799718928676
0.3271593300548329
0.32715861917120104
0.35157287385468217
0.3271593300548329
0.32716003584364683
0.3271593300548329
0.32760584160562434
0.32716003584364683
0.32716074672727874
0.3309746789313679
0.32715861917120104
0.32715861917120104
0.32716003584364683
0.32715861917120104
0.32715861917120104
0.32716003584364683
0.32716003584364683
0.32716074672727874
0.32716003584364683
0.32716074672727874
0.32715861917120104
0.32716003584364683
0.3271593300548329
0.3276065524892562
0.32715861917120104
0.32716003584364683
0.32715861917120104
0.3271593300548329
0.32983144375944545
0.32716003584364683
0.32715861917120104
0.327161369029449
1.6201710081360945
0.32715861917120104
0.32715861917120104
0.32715861917120104
0.3454875362238769
0.32715861917120104
0.3271606581458171
0.3638169021500174
0.3271593300548329
0.3271593300548329
0.32715861917120104
0.3271593300548329
0.32760451351464015
0.3271593300548329
0.32716074672727874
0.3271592414733713
0.3271593300548329
0.3271593300548329
0.32716003584364683
0.7279004069234539
0.32715861917120104
0.32715861917120104
0.3515735796434961
0.3271599523570031
0.32716003584364683
0.32716003584364683
0.3271593300548329
0.3271593300548329
0.32715861917120104
0.32715861917120104
0.3271593300548329
0.32715861917120104
0.3271593300548329
0.32715861917120104
0.3271593300548329
0.32715861917120104
0.32841467214089237
0.5297342117397468
0.32715861917120104
0.3276065524892562
0.32716074672727874
0.32716003584364683
0.32716003584364683
0.32760451351464015
0.32715861917120104
0.3271593300548329
0.3271593300548329
0.32715861917120104
0.4242869981129621
0.32715861917120104
0.32715861917120104
0.3271593300548329
0.3271593300548329
0.3271593300548329
0.3297733210527992
0.32716074672727874
0.3271593300548329
0.32715861917120104
0.32716003584364683
0.32716003584364683
0.32715861917120104
0.3271593300548329
0.32716003584364683
0.329773868597085
0.3277183094565118
0.3271593300548329
0.32716003584364683
0.32716074672727874
0.32716074672727874
0.32716074672727874
0.32716003584364683
0.32716074672727874
0.32715861917120104
0.32715861917120104
0.32716074672727874
0.3271593300548329
0.32715861917120104
0.32715861917120104
0.32715861917120104
0.32715861917120104
0.3271593300548329
0.32716074672727874
0.32715861917120104
0.3271593300548329
0.32716003584364683
0.6891297049337389
0.3271593300548329
0.32716003584364683
0.32760584160562434
0.32715861917120104
0.32715861917120104
0.3271593300548329
0.32716003584364683
0.9880468385571193
0.32716003584364683
0.32715861917120104
0.3271592414733713
0.32716003584364683
0.32715861917120104
0.3271606581458171
0.3271593300548329
0.32715861917120104
0.3271593300548329
0.35157287385468217
0.3271593300548329
0.327161369029449
0.32716074672727874
0.3271593300548329
0.32715861917120104
0.32716003584364683
0.32715861917120104
0.32716003584364683
0.3271592414733713
0.3271606581458171
0.32716003584364683
0.3271592414733713
0.3271593300548329
0.32715861917120104
0.32716074672727874
0.32715861917120104
0.32715861917120104
0.3271593300548329
0.3271593300548329
0.32715861917120104
0.32715861917120104
0.33122407739241566
0.32716003584364683
0.32716074672727874
0.32715861917120104
0.32715861917120104
0.32716074672727874
0.32715861917120104
0.32715861917120104
0.32715861917120104
0.32716074672727874
0.3271593300548329
0.3271593300548329
0.32715861917120104
0.32715861917120104
0.32715861917120104
0.32715861917120104
0.3271593300548329
0.32715861917120104
0.32715861917120104
0.32716074672727874
0.32716003584364683
0.32715861917120104
0.32715861917120104
0.3271593300548329
0.32715861917120104
0.3271606581458171
0.32715861917120104
0.36381539689610987
0.3271593300548329
0.32715861917120104
0.32715861917120104
0.3271599523570031
0.3450422467134526
0.32715861917120104
0.32715861917120104
0.32716074672727874
0.3271593300548329
0.3309768064874456
0.32716074672727874
0.3271593300548329
0.3271592414733713
0.32715861917120104
0.32715861917120104
0.32715861917120104
0.32716003584364683
0.3271599523570031
0.32716003584364683
0.32715861917120104
0.32715861917120104
0.3596379994369149
0.32716003584364683
0.32715861917120104
0.3271593300548329
0.32715861917120104
0.32715861917120104
0.32715861917120104
0.3271593300548329
0.32716003584364683
0.3271593300548329
0.32715861917120104
0.32716003584364683
0.32715861917120104
0.32715861917120104
0.32715861917120104
0.3271599523570031
0.32715861917120104
0.9880468385571193
0.32717759967336685
0.3271593300548329
0.3297732462949148
0.35157287385468217
0.32716003584364683
0.32717759967336685
0.32716003584364683
0.32715861917120104
0.32715861917120104
0.32716003584364683
0.32716003584364683
0.32715861917120104
0.3271593300548329
0.32715861917120104
0.3298315185173299
0.32715861917120104
0.3271593300548329
0.32715861917120104
0.32715861917120104
0.32715861917120104
0.5297342864976313
0.32716074672727874
0.32716003584364683
0.32715861917120104
0.32715861917120104
0.32716003584364683
0.32715861917120104
0.32716003584364683
0.32716074672727874
0.3271593300548329
0.3271593300548329
0.32715861917120104
0.3271593300548329
0.3271593300548329
0.32715861917120104
0.32715861917120104
0.32715861917120104
0.3271592414733713
0.32716003584364683
0.3271599523570031
0.3271593300548329
0.7278997937962769
0.32716003584364683
0.32716074672727874
0.32716003584364683
0.3271592414733713
0.32716003584364683
0.32715861917120104
0.3271593300548329
1.6422485458780254
0.3271593300548329
0.32715861917120104
0.32715861917120104
0.32716003584364683
0.32715861917120104
0.32716074672727874
0.32715861917120104
0.32716074672727874
0.32716074672727874
0.32716003584364683
0.3271593300548329
0.3596379994369149
0.32715861917120104
0.3271593300548329
0.32716074672727874
0.32715861917120104
0.3271593300548329
0.32716003584364683
0.3271592414733713
0.32715861917120104
0.3271593300548329
0.32715861917120104
0.3271592414733713
0.32715861917120104
0.3271593300548329
0.32715861917120104
0.32716074672727874
0.32715861917120104
0.6891304158173708
0.3271606581458171
0.32716003584364683
0.3303343750174649
0.32716003584364683
0.32716003584364683
0.32715861917120104
0.32715861917120104
0.3271593300548329
0.3271606581458171
0.6891882787211245
0.3271593300548329
0.988079454924457
0.3271593300548329
0.3271606581458171
0.32716074672727874
0.32716074672727874
0.32715861917120104
0.32716074672727874
0.3638147745939397
0.32716003584364683
1.6201714162358731
0.32716074672727874
0.32715861917120104
0.32716003584364683
0.32716003584364683
0.3271593300548329
0.32716003584364683
0.3271599523570031
0.32716074672727874
0.3271593300548329
0.32715861917120104
0.32716003584364683
0.32716003584364683
0.3515735796434961
0.7279004069234539
0.3271593300548329
0.32715861917120104
0.3596387103205468
0.3271593300548329
0.32716074672727874
0.32715861917120104
0.3271593300548329
0.32716003584364683
0.32715861917120104
0.32716003584364683
0.32715861917120104
0.32715861917120104
0.32716074672727874
0.32715861917120104
0.3271593300548329
0.32715861917120104
0.32718464795651586
0.32716074672727874
0.32716003584364683
0.32715861917120104
0.3271593300548329
0.32839915238060635
0.5306049116295194
0.32716074672727874
0.3271593300548329
0.32716003584364683
0.3271593300548329
0.3271606581458171
0.32716003584364683
0.32715861917120104
0.32715861917120104
0.3311886599054731
0.3271593300548329
0.32716003584364683
0.3607348660540065
0.32716003584364683
0.32715861917120104
0.3309653788112018
0.32716074672727874
0.327161369029449
0.32716003584364683
0.3271593300548329
0.32715861917120104
0.32716003584364683
0.3271593300548329
0.32715861917120104
0.32716074672727874
0.32715861917120104
0.32716074672727874
0.32716003584364683
0.32715861917120104
0.32716074672727874
0.32716003584364683
0.32716003584364683
0.32715861917120104
0.32715861917120104
0.32716003584364683
0.3271593300548329
0.32716003584364683
0.32716003584364683
0.3271592414733713
0.3271593300548329
0.32716003584364683
0.32715861917120104
0.32715861917120104
0.32716003584364683
0.3271593300548329
0.3271593300548329
0.32715861917120104
0.32716003584364683
0.32715861917120104
0.3271593300548329
0.32716003584364683
0.32715861917120104
0.3271593300548329
0.32716074672727874
0.3271593300548329
0.3312133555049858
0.3271593300548329
0.32716074672727874
0.32715861917120104
0.3271593300548329
0.32715861917120104
0.3271599523570031
0.32715861917120104
0.32716003584364683
0.32716074672727874
0.32715861917120104
0.327161369029449
0.3271592414733713
0.3271593300548329
0.32715861917120104
0.32716003584364683
0.3271847314431595
0.32716003584364683
0.32715861917120104
0.9880799718928676
0.32716003584364683
0.32715861917120104
0.5297646690067014
0.3271593300548329
0.32716074672727874
0.3271593300548329
0.32718535374532975
0.32716003584364683
0.32715861917120104
0.3596387103205468
0.32716074672727874
0.32716074672727874
0.32715861917120104
0.32715861917120104
0.3271606581458171
0.3271599523570031
0.32715861917120104
0.3271599523570031
0.32716074672727874
0.32716003584364683
0.3271592414733713
0.32716003584364683
0.32715861917120104
0.3271592414733713
0.3271593300548329
0.32715861917120104
0.32716074672727874
0.3271593300548329
0.32715861917120104
0.32716003584364683
0.3271593300548329
0.32716003584364683
0.32715861917120104
0.3271593300548329
0.32716074672727874
0.32715861917120104
0.32715861917120104
0.32715861917120104
0.3271599523570031
0.32716074672727874
0.32716003584364683
0.32715861917120104
0.3271593300548329
0.32715861917120104
0.3271593300548329
0.33100079120332637
0.3271606581458171
0.32716074672727874
0.3271606581458171
0.32715861917120104
0.9880782337845921
0.32716003584364683
0.3271592414733713
0.3271593300548329
0.327161369029449
0.32716074672727874
0.32716003584364683
0.3271593300548329
0.3638154854775716
0.32715861917120104
0.32715861917120104
0.36381539689610987
0.32715861917120104
0.3271593300548329
0.32715861917120104
0.6891297049337389
0.32716074672727874
0.32717751109190524
0.32715861917120104
0.32716003584364683
0.32716074672727874
0.32716003584364683
0.32716003584364683
0.32715861917120104
0.6891882787211245
0.6891304158173708
0.3271592414733713
0.3271593300548329
0.32716003584364683
0.32715861917120104
0.3271599523570031
0.32715861917120104
0.32716003584364683
0.32715861917120104
0.3271599523570031
0.3309746789313679
0.3271593300548329
0.3271593300548329
0.3271833147707137
0.32716003584364683
0.32716074672727874
0.32716003584364683
0.32715861917120104
0.32715861917120104
0.32716003584364683
0.3271599523570031
0.32716003584364683
0.327161369029449
0.3271593300548329
0.35157287385468217
0.32715861917120104
0.3271840256543456
0.32716003584364683
0.32716003584364683
0.32716074672727874
0.7279238813831017
0.3271593300548329
0.32716003584364683
0.32716003584364683
0.3271593300548329
0.3271593300548329
0.32716003584364683
0.3271592414733713
0.3271606581458171
0.32760451351464015
0.32715861917120104
0.3271593300548329
0.32715861917120104
0.32715861917120104
0.32715861917120104
0.32715861917120104
0.4252950663836644
0.3277183094565118
0.32716074672727874
0.3271593300548329
0.32715861917120104
0.3271593300548329
0.32716003584364683
0.3271593300548329
0.32716074672727874
0.3271592414733713
0.32716003584364683
0.32771901524532576
0.32716003584364683
0.32715861917120104
0.32715861917120104
0.32716003584364683
0.32716074672727874
0.32715861917120104
0.32716074672727874
0.32716003584364683
0.32716003584364683
0.3271592414733713
0.32715861917120104
0.32715861917120104
0.32716074672727874
0.32716003584364683
0.32715861917120104
0.5300869647979345
0.32716003584364683
0.3271592414733713
0.3638175244521876
0.3309746789313679
0.32716003584364683
0.3271593300548329
1.64224775814631
0.32715861917120104
0.32715861917120104
0.32716003584364683
0.32715861917120104
0.32715861917120104
0.9880535381850795
0.32718535374532975
0.3271592414733713
0.32716074672727874
0.3271599523570031
0.32716003584364683
0.3271593300548329
0.34559989292932936
0.32716074672727874
0.32716003584364683
0.3271593300548329
0.32715861917120104
0.3271593300548329
0.3271592414733713
0.32715861917120104
0.32716074672727874
0.3271593300548329
0.32716074672727874
0.32716003584364683
0.3271833147707137
0.32716074672727874
0.32715861917120104
0.3271593300548329
0.32716003584364683
0.32717688878973494
0.32715861917120104
0.3271593300548329
0.3271847314431595
0.3271593300548329
0.32715861917120104
0.32715861917120104
0.3271593300548329
1.6201697862055797
0.32715861917120104
0.3309746789313679
0.32715861917120104
0.32715861917120104
0.32715861917120104
0.3271592414733713
0.3271593300548329
0.3271593300548329
0.32716074672727874
0.327161369029449
0.6891304158173708
0.3271593300548329
0.32715861917120104
0.3271593300548329
0.3271593300548329
0.3271593300548329
0.327161369029449
0.32715861917120104
0.32715861917120104
0.3271592414733713
1.6201714423348939
0.3271592414733713
0.32716003584364683
0.32716074672727874
0.32715861917120104
0.32716074672727874
0.32715861917120104
0.32715861917120104
0.45058660785953186
0.3271593300548329
0.32841679969697
0.32715861917120104
0.32715861917120104
0.32715861917120104
0.3271593300548329
0.32715861917120104
0.32715861917120104
0.3271593300548329
0.3271847314431595
0.32716003584364683
0.32715861917120104
0.3271606581458171
0.3271593300548329
0.327161369029449
0.32716074672727874
0.3271593300548329
0.327161369029449
0.32716074672727874
0.32715861917120104
0.32716074672727874
0.3271592414733713
0.3271593300548329
0.3271593300548329
0.3271593300548329
0.3271593300548329
0.3271592414733713
0.32715861917120104
0.3271592414733713
0.32715861917120104
0.32716003584364683
0.3271593300548329
0.32715861917120104
0.32716003584364683
0.32716003584364683
0.3271593300548329
0.32716074672727874
0.3271593300548329
0.35964012699299264
0.3271592414733713
0.3271592414733713
0.32718464795651586
0.3271593300548329
0.3271592414733713
0.32715861917120104
0.3271606581458171
0.32716074672727874
0.32715861917120104
0.3271606581458171
0.32715861917120104
