0.3268704000491168
0.3268533902680544
0.32685276796588414
0.32685276796588414
0.3268533902680544
0.3268533902680544
0.32685276796588414
0.32685276796588414
0.32685276796588414
0.32685276796588414
0.3268533902680544
0.3381294323199697
0.32685276796588414
0.3268533902680544
0.32685276796588414
0.32977394335496946
0.32685276796588414
0.3547228764416944
0.3268533902680544
0.35314234924509325
0.5254914238121082
0.32685276796588414
0.32685276796588414
0.3268533902680544
0.3268533902680544
0.3268533902680544
0.3646415013991626
0.32685276796588414
0.32685276796588414
0.32685276796588414
0.32685276796588414
0.32685276796588414
0.3268533902680544
0.3268526932079997
0.32685331551016994
0.32685276796588414
0.32685276796588414
0.3285787369983459
0.32685276796588414
0.32685276796588414
0.32685276796588414
0.32685276796588414
0.3268533902680544
0.32687102235128707
0.32685276796588414
0.5238745103502453
0.32685276796588414
0.32685276796588414
0.32685276796588414
0.3268526932079997
0.7957641285179022
0.3268533902680544
0.32685276796588414
0.32685276796588414
0.32685276796588414
0.3268533902680544
0.32687102235128707
0.3297733210527992
0.32687102235128707
0.32685276796588414
0.3268533902680544
0.32685276796588414
0.3268533902680544
0.32685276796588414
0.3268533902680544
0.3268704000491168
0.32685276796588414
0.32685276796588414
0.32979087837814747
0.32685276796588414
0.32685276796588414
0.32685276796588414
0.3268533902680544
0.32685276796588414
1.4414401221982664
0.3278408773765389
0.3385382442396946
0.32685276796588414
0.32687102235128707
0.3547412055849818
0.32979157543820214
0.4556374785148568
0.32685276796588414
0.32685276796588414
0.32691096543041476
0.32685276796588414
0.32685276796588414
0.32685276796588414
0.32685276796588414
0.32685276796588414
0.3268533902680544
0.32685276796588414
0.3268533902680544
0.32691096543041476
0.3268533902680544
0.32685276796588414
0.33813005462214
0.32685276796588414
0.7957641285179022
0.3268533902680544
0.3268533902680544
0.3268704000491168
0.32685276796588414
0.3268533902680544
0.3268533902680544
0.32685276796588414
0.32685276796588414
0.32977394335496946
0.32685276796588414
0.3268533902680544
0.3268533902680544
0.3268533902680544
0.3268533902680544
0.3283985300784361
0.3268533902680544
0.32685276796588414
0.32977394335496946
0.32693566102992744
0.3402748922940767
0.32685276796588414
0.32685276796588414
0.3268533902680544
0.7960346074965317
0.32685276796588414
0.3268950956486295
0.32685276796588414
0.32685276796588414
0.32685276796588414
0.3268526932079997
0.32685276796588414
0.32685276796588414
0.3268533902680544
0.32685276796588414
0.32685276796588414
0.4556679357818114
0.32685276796588414
0.3268533902680544
0.32685276796588414
0.3268533902680544
0.32685276796588414
0.32685276796588414
0.32685276796588414
0.32685276796588414
0.3268533902680544
0.32685276796588414
0.32685276796588414
0.32685276796588414
0.32685276796588414
0.8912329417586258
0.32685276796588414
0.32685276796588414
0.3268774635653968
0.8917843521830551
0.3385382442396946
0.32685276796588414
0.326911587732585
0.7957372607177207
0.32685276796588414
0.3268533902680544
0.3268533902680544
0.32685276796588414
0.32691096543041476
0.32685276796588414
0.32685276796588414
0.32691096543041476
0.32685276796588414
0.3385382442396946
0.32685331551016994
0.32685276796588414
0.32685276796588414
0.3268533902680544
0.32685276796588414
0.32685276796588414
0.32784025507436865
0.32685276796588414
0.33853762193752435
0.3268533902680544
0.32693628333209773
0.3268533902680544
0.32685276796588414
0.32685331551016994
0.32685276796588414
1.4414405447400374
0.32685276796588414
0.3643750871814207
0.32685276796588414
0.32685276796588414
0.3268533902680544
0.32691096543041476
0.32685276796588414
0.3268704000491168
0.3268533902680544
0.32685276796588414
0.3268533902680544
0.3268533902680544
0.32685331551016994
0.32685276796588414
0.32685276796588414
0.32685276796588414
0.32685276796588414
0.32685276796588414
0.3268533902680544
0.32685276796588414
0.3268533902680544
0.32685276796588414
0.3268533902680544
0.3268526932079997
0.35472349874386466
0.32685276796588414
0.3465497580357172
0.3268704000491168
0.3471101896982126
0.32685276796588414
0.3268533902680544
0.32685276796588414
0.32685331551016994
0.32685276796588414
0.32685276796588414
0.32685276796588414
0.3268533902680544
0.32685276796588414
0.32685276796588414
0.32685276796588414
0.32687808586756706
0.32685276796588414
0.3268533902680544
0.32685276796588414
0.32685276796588414
0.3268526932079997
0.32685276796588414
0.32685276796588414
0.34711081200038285
0.32685276796588414
0.3268533902680544
0.32693628333209773
0.3268533902680544
0.32685276796588414
0.32685276796588414
0.32685276796588414
1.419655488994486
0.32685276796588414
0.3268533902680544
0.32685276796588414
0.32685276796588414
0.32685276796588414
0.326911587732585
0.3268774635653968
0.32839915238060635
0.8912250209908006
0.3268533902680544
0.32685276796588414
0.3268526932079997
0.3268533902680544
0.3268533902680544
0.32685276796588414
0.3268533902680544
0.32685276796588414
0.3268533902680544
0.32685276796588414
0.32685276796588414
0.3268533902680544
0.33821232538401313
0.32685276796588414
0.3274138219305498
0.32685276796588414
0.32685276796588414
0.32685276796588414
0.32685276796588414
0.32685276796588414
0.3268533902680544
0.32685276796588414
0.32685276796588414
0.3268533902680544
0.32685276796588414
0.32685276796588414
0.32685276796588414
0.32685276796588414
0.9505628202678036
0.32685276796588414
0.3268533902680544
0.32685276796588414
0.32685276796588414
0.32685276796588414
0.3385382442396946
0.32685276796588414
0.3560584442391577
0.32685276796588414
0.32685276796588414
0.3268533902680544
0.3268533902680544
1.4196445376924822
0.454168309437193
0.3268533902680544
0.32691096543041476
0.32685276796588414
0.32685276796588414
0.32691096543041476
0.32685276796588414
0.32685276796588414
0.3268533902680544
0.32685276796588414
0.7957372607177207
0.32685276796588414
0.32685276796588414
0.32685276796588414
0.32685276796588414
0.32693566102992744
0.326911587732585
0.32685276796588414
0.3268526932079997
0.32685276796588414
0.32685276796588414
0.32685276796588414
0.32685276796588414
0.3268533902680544
0.3268533902680544
0.32685276796588414
0.3465497580357172
0.32685276796588414
0.32922477174485354
0.3268533902680544
0.3268533902680544
0.3268533902680544
0.32685276796588414
0.3268704000491168
0.3385375471796399
0.32693566102992744
0.3547405085249271
0.32685276796588414
0.32685276796588414
0.32685276796588414
0.3268533902680544
0.32685276796588414
0.33853762193752435
0.3268533902680544
0.32685276796588414
0.32685276796588414
0.8912576373581385
0.32685276796588414
0.32685276796588414
0.3268533902680544
1.4414401221982664
0.32685276796588414
0.32691096543041476
0.32685276796588414
0.32685276796588414
1.4414401221982664
0.3268533902680544
0.5239049676172
0.32685276796588414
0.32691096543041476
0.3268533902680544
0.32685276796588414
0.32685276796588414
0.32693566102992744
0.4556892864057357
0.32685276796588414
0.3268533902680544
0.32685276796588414
0.3268533902680544
0.3268533902680544
0.32685276796588414
0.3268704000491168
0.32685276796588414
0.3268533902680544
0.3547228764416944
0.32685276796588414
0.3268774635653968
0.3268704000491168
0.32685276796588414
0.3268533902680544
0.32685276796588414
0.32685276796588414
0.32685276796588414
0.32685276796588414
0.32685276796588414
0.32685276796588414
0.3268533902680544
0.32685276796588414
0.32685276796588414
0.3268533902680544
0.3268533902680544
0.3268533902680544
0.32685276796588414
0.3268533902680544
0.3268526932079997
0.3268533902680544
0.32685276796588414
0.32685276796588414
0.3268704000491168
0.3268533902680544
0.32685276796588414
0.7957641285179022
0.3269285975136475
0.32685276796588414
0.32692921981581774
0.32685276796588414
0.3268533902680544
0.3297733210527992
0.3268533902680544
0.3268533902680544
0.3268533902680544
0.3268704000491168
0.32685276796588414
0.32685276796588414
0.3268533902680544
0.32685276796588414
0.32685276796588414
0.32685276796588414
0.3268533902680544
0.32866163006238924
0.3268704000491168
0.32685276796588414
0.32685276796588414
0.5238745103502453
0.32685276796588414
0.3292347827486515
0.35472295119957886
0.3268533902680544
0.32691096543041476
0.32691096543041476
0.32685276796588414
0.3268533902680544
0.3268533902680544
0.3268533902680544
0.3268704000491168
0.3268533902680544
0.3268533902680544
0.32685276796588414
0.3268704000491168
0.32685276796588414
0.32685276796588414
0.3268533902680544
0.32685276796588414
0.32685276796588414
0.5239049676172
1.4414401221982664
0.7957641285179022
0.32685276796588414
0.3268533902680544
0.32685276796588414
0.3268533902680544
0.32693566102992744
0.8917922729508803
0.32685276796588414
0.3268533902680544
0.3268533902680544
0.3268704000491168
0.32685276796588414
0.32685276796588414
0.32685276796588414
0.32685276796588414
0.32685276796588414
0.3268704000491168
0.32687102235128707
0.32685276796588414
0.3268533902680544
0.32685276796588414
0.3268533902680544
0.3268950956486295
0.3268533902680544
0.32691096543041476
0.32685276796588414
0.3268526932079997
1.4414405447400374
0.32685276796588414
0.3268533902680544
0.32685276796588414
0.32685276796588414
0.3385382442396946
0.3278408773765389
0.32685276796588414
0.32685276796588414
0.32685276796588414
0.32685276796588414
0.32685276796588414
0.34656780493948164
0.32685276796588414
0.3268533902680544
0.3268533902680544
0.32685276796588414
0.3268533902680544
0.32685276796588414
0.32685276796588414
0.3268704000491168
0.32685276796588414
0.3268533902680544
0.3268533902680544
0.32687102235128707
0.32685276796588414
0.32685276796588414
0.3268704000491168
0.32685276796588414
0.7957619563172333
0.3268533902680544
0.32685276796588414
0.32977394335496946
0.32914301717485983
0.3297733210527992
0.32685276796588414
0.34656780493948164
0.3278408773765389
0.553522817810951
0.32685276796588414
0.3283985300784361
0.32685276796588414
0.32685276796588414
0.32685276796588414
1.4414514960420408
0.3268533902680544
0.3268533902680544
0.32685276796588414
0.32685276796588414
0.3268533902680544
0.32685276796588414
0.33853762193752435
0.32685276796588414
0.32685276796588414
0.32685276796588414
0.32685276796588414
0.32685276796588414
0.32685276796588414
0.326911587732585
0.32685276796588414
0.32685276796588414
0.32692921981581774
0.32685276796588414
0.32685276796588414
0.3268533902680544
0.32685276796588414
0.3268533902680544
0.32685276796588414
0.3471101896982126
0.3268533902680544
0.32685276796588414
0.32685276796588414
0.32685276796588414
0.32685276796588414
0.32685276796588414
0.32685276796588414
0.32685276796588414
0.3268533902680544
0.32685276796588414
0.32685276796588414
0.3268533902680544
0.32685276796588414
0.3268533902680544
0.32685276796588414
0.5238745103502453
0.5239514266525853
0.34654913573354695
0.32685276796588414
0.32685276796588414
0.33853762193752435
0.3268533902680544
0.32685276796588414
0.32685276796588414
0.32685276796588414
0.32685276796588414
0.32685276796588414
0.32685276796588414
0.8912250209908006
0.3268703252912324
0.32687102235128707
0.32685276796588414
0.33853762193752435
0.3268704000491168
0.32691096543041476
0.7960346074965317
0.32685276796588414
0.32685276796588414
0.32685276796588414
0.3268526932079997
0.32685276796588414
0.3268704000491168
0.3268533902680544
0.32685276796588414
0.32685276796588414
0.5239049676172
0.32685276796588414
0.32685276796588414
0.8912329417586258
0.32685276796588414
0.3268533902680544
0.3268704000491168
0.32685276796588414
0.553522817810951
0.32685276796588414
0.3268533902680544
0.32685276796588414
0.3381294323199697
0.32685276796588414
0.3268533902680544
0.3268774635653968
0.3268533902680544
0.32685276796588414
0.3278408773765389
0.32685276796588414
0.3268533902680544
0.32685331551016994
0.32685276796588414
0.3268533902680544
0.32685276796588414
0.32685276796588414
1.4414401221982664
0.3285787369983459
0.32687808586756706
0.32685276796588414
0.32685276796588414
0.32685276796588414
0.32685276796588414
0.3268533902680544
0.32685276796588414
0.3268709475934026
0.32685276796588414
0.32685276796588414
0.3268533902680544
0.32685276796588414
0.32687102235128707
0.32685276796588414
0.3268533902680544
0.3268533902680544
0.32685276796588414
0.32685276796588414
0.32685276796588414
0.3283985300784361
0.3268533902680544
0.32685276796588414
0.32685276796588414
0.32685276796588414
0.3268533902680544
0.32685276796588414
0.3268533902680544
1.4414401221982664
0.3268533902680544
0.32685276796588414
0.3268533902680544
0.32687102235128707
0.3268533902680544
0.3268533902680544
0.32685276796588414
0.3268533902680544
0.3268533902680544
0.32685276796588414
0.32685276796588414
0.3268533902680544
0.32685276796588414
0.3268533902680544
0.32685276796588414
0.32685276796588414
0.33853762193752435
0.3268533902680544
0.32685276796588414
0.32685276796588414
0.3268533902680544
0.32685276796588414
0.32685276796588414
0.5668293099749976
0.32685276796588414
0.32685276796588414
0.32693628333209773
0.32685276796588414
0.32685276796588414
0.32685276796588414
0.32685276796588414
0.32685276796588414
0.3268533902680544
0.32685276796588414
0.3268533902680544
0.32685276796588414
0.32685276796588414
0.32685276796588414
0.32685276796588414
0.32685276796588414
0.3268533902680544
0.32685276796588414
0.32685276796588414
0.32685276796588414
0.32685276796588414
0.32685276796588414
0.32977394335496946
0.32685276796588414
0.3268533902680544
0.32685276796588414
0.32685276796588414
0.32685276796588414
0.32685276796588414
0.3268533902680544
0.32685276796588414
0.3268533902680544
0.3268704000491168
0.3268704000491168
0.32685276796588414
0.32691096543041476
0.32685276796588414
0.32685276796588414
0.32685276796588414
0.3268704000491168
0.3268533902680544
0.32685276796588414
0.32685276796588414
0.32685276796588414
0.32685276796588414
0.7957641285179022
0.32685276796588414
0.32685276796588414
0.32685276796588414
0.32685276796588414
0.32685276796588414
0.32685276796588414
0.32685276796588414
0.3268533902680544
0.3268533902680544
0.32685276796588414
0.32685276796588414
0.32685276796588414
0.32685276796588414
0.32685276796588414
0.32685276796588414
0.3285787369983459
0.32685276796588414
0.32685276796588414
0.34654913573354695
0.5239048928593155
0.32685276796588414
0.32685276796588414
0.32685276796588414
0.3268533902680544
0.32685276796588414
0.3268533902680544
0.32685276796588414
0.3268704000491168
0.32685276796588414
0.32685331551016994
0.32685276796588414
0.33853762193752435
0.3268533902680544
0.3268533902680544
0.32685276796588414
0.32685276796588414
0.32685276796588414
0.3268774635653968
0.32685276796588414
0.32687102235128707
0.3268533902680544
0.32685276796588414
0.3283985300784361
0.3268533902680544
0.32685276796588414
0.32685276796588414
0.32685276796588414
0.32685276796588414
0.3285787369983459
0.32685276796588414
0.32685276796588414
0.3268533902680544
0.32685276796588414
0.3268533902680544
0.4556374785148568
0.3268533902680544
0.32685276796588414
0.32685276796588414
0.32685276796588414
0.32685276796588414
0.32685276796588414
0.32685276796588414
0.3268533902680544
0.3268704000491168
0.3268533902680544
0.32685276796588414
0.32685276796588414
0.32685276796588414
0.5668293099749976
0.32685276796588414
0.32685276796588414
0.32685276796588414
0.32685276796588414
0.3547228764416944
0.32685276796588414
0.3268533902680544
0.3268533902680544
0.5534923605439964
0.32685276796588414
0.3268533902680544
0.3268533902680544
0.3278408773765389
0.32685276796588414
0.3268704000491168
0.32685276796588414
0.3268704000491168
0.32685276796588414
0.3268533902680544
0.3268533902680544
0.5239049676172
0.32685276796588414
0.32685276796588414
0.32685276796588414
0.32685276796588414
0.3285787369983459
0.32685276796588414
0.3268533902680544
0.32685276796588414
0.32685276796588414
0.32685276796588414
0.3297733210527992
0.3268533902680544
0.32685276796588414
0.32685276796588414
0.33813005462214
0.32685276796588414
0.32685276796588414
0.7957372607177207
0.32685276796588414
0.3268533902680544
0.32685276796588414
0.3381294323199697
0.3268533902680544
0.32685276796588414
0.32685276796588414
0.3268533902680544
0.32685276796588414
0.32691096543041476
0.32693566102992744
0.32685276796588414
0.32685276796588414
0.3268533902680544
0.32685276796588414
0.3268533902680544
0.4549371709425558
0.32922477174485354
0.32685276796588414
0.32685276796588414
0.3268533902680544
0.3297733210527992
0.32685276796588414
0.34654913573354695
0.3268533902680544
0.32685276796588414
0.32685276796588414
0.3268533902680544
0.3268704000491168
0.3268533902680544
0.32685276796588414
0.32685276796588414
0.32685276796588414
0.32685276796588414
0.32685276796588414
0.3268533902680544
0.3268533902680544
0.32685276796588414
0.3268533902680544
0.32685276796588414
0.32685276796588414
0.32685276796588414
0.32685276796588414
0.32685276796588414
0.32685276796588414
0.3268533902680544
0.32685276796588414
0.32685276796588414
0.3268533902680544
0.3268704000491168
1.4414510735002701
0.4242869981129621
0.32685276796588414
0.34654913573354695
0.3268533902680544
0.3268533902680544
0.32685276796588414
0.32685276796588414
0.3268704000491168
0.32685276796588414
0.5239049676172
0.32685276796588414
0.32685276796588414
0.32685276796588414
0.32685276796588414
0.32685276796588414
0.33853762193752435
0.7957888241174149
0.32685276796588414
0.32685276796588414
0.3268533902680544
0.3268533902680544
0.3268526932079997
0.3268533902680544
0.32685276796588414
0.32691096543041476
0.3268533902680544
0.32685276796588414
0.32685276796588414
0.32685276796588414
0.3297733210527992
0.3268533902680544
0.32685276796588414
0.32685276796588414
0.3268533902680544
0.32685276796588414
0.32685276796588414
0.3268533902680544
0.8912329417586258
0.32685276796588414
0.3268774635653968
0.32685276796588414
0.32685276796588414
0.32685276796588414
0.3268533902680544
0.32685276796588414
0.32685276796588414
0.32685276796588414
0.32685276796588414
0.32685276796588414
0.32685276796588414
0.3268526932079997
0.32685276796588414
0.32685276796588414
0.32685276796588414
0.32685276796588414
0.3268533902680544
0.32685276796588414
0.32685276796588414
0.3268533902680544
0.3292347827486515
0.32685276796588414
0.3268533902680544
0.3274138219305498
0.3268533902680544
0.3268533902680544
0.32685276796588414
0.32685276796588414
0.32685276796588414
0.32685276796588414
0.32685276796588414
0.32685276796588414
0.32685331551016994
0.3268533902680544
0.32685276796588414
0.32685276796588414
0.3268704000491168
0.3268950956486295
0.32685276796588414
0.33853762193752435
0.3547235735017491
0.32685276796588414
0.32685276796588414
0.32685276796588414
0.32685276796588414
0.32685276796588414
0.32685276796588414
0.3268533902680544
0.3274385175300625
0.32685331551016994
0.32691096543041476
0.4549371709425558
0.32685276796588414
0.33853762193752435
0.3268533902680544
0.32685276796588414
0.3268533902680544
0.3268533902680544
0.3268704000491168
0.3269285975136475
0.32685276796588414
0.3268533902680544
0.32685276796588414
0.32685276796588414
0.35472349874386466
0.32685276796588414
0.32685276796588414
0.32685276796588414
0.3268704000491168
0.32685276796588414
0.32685276796588414
0.35472295119957886
0.32685276796588414
1.4414405447400374
0.32685276796588414
0.3268533902680544
0.3268533902680544
0.32685276796588414
0.32685276796588414
0.32685276796588414
0.32685276796588414
0.4250177629522176
0.3268533902680544
0.3381293575620853
0.32685276796588414
0.3268533902680544
0.3268526932079997
0.32685276796588414
0.7957641285179022
0.3268774635653968
0.32685276796588414
0.3268533902680544
0.32685276796588414
0.32922477174485354
0.32685276796588414
0.32685276796588414
0.3488353819089699
0.3471348852977253
