0.3465684272416519
0.3268526932079997
0.3268533902680544
0.3268526932079997
0.3268773888075124
0.3268533902680544
0.3268533902680544
0.32685276796588414
0.35472295119957886
0.32685331551016994
0.3547235735017491
0.3268533902680544
0.32685331551016994
0.32685331551016994
0.32685331551016994
0.789075428086704
0.3268533902680544
0.32685276796588414
0.3268533902680544
0.3268526932079997
0.32685276796588414
0.32685276796588414
0.32685276796588414
0.3268533902680544
0.3268533902680544
0.32685276796588414
0.3268533902680544
0.3268533902680544
0.3268533902680544
0.32685276796588414
0.3268526932079997
0.32685276796588414
0.32685276796588414
0.3268526932079997
0.3268533902680544
0.32685331551016994
0.32685276796588414
0.3268533902680544
0.32685276796588414
1.1959723316341861
0.3268533902680544
0.33952510904600885
0.32685276796588414
0.8912250209908006
0.553492285786112
0.32685276796588414
0.3268533902680544
0.32685331551016994
0.32685276796588414
0.3268533902680544
0.32685276796588414
0.3297733210527992
0.32685331551016994
0.3268533902680544
0.32685331551016994
0.32685276796588414
1.4414391584149269
0.3268533902680544
0.3268533902680544
0.3268533902680544
0.32685331551016994
0.33813005462214
0.3285887480021438
0.33853762193752435
0.32685276796588414
0.32685331551016994
0.32685331551016994
0.3285787369983459
0.3268526932079997
0.32685331551016994
0.3268533902680544
0.32693566102992744
0.32922477174485354
0.34656771635802
0.3268526932079997
0.3268533902680544
0.3646415013991626
0.3268533902680544
0.32685331551016994
0.32685276796588414
0.3268533902680544
0.3268526932079997
0.3268533902680544
0.3268533902680544
0.32685276796588414
0.3268533902680544
0.3268533902680544
0.32691096543041476
0.32685276796588414
0.3268526932079997
0.3268773888075124
0.3268533902680544
0.3292246969869691
0.32687808586756706
0.32685276796588414
0.3268533902680544
0.3268526932079997
0.3268533902680544
0.32685276796588414
0.3286133688437721
0.32685276796588414
0.3268774635653968
0.32685276796588414
0.32685331551016994
0.3278408773765389
0.35472295119957886
0.7957372607177207
0.3268533902680544
0.35472349874386466
0.32685331551016994
0.3268526932079997
0.8548781865220142
0.32857866224046145
0.32685276796588414
0.32687808586756706
0.3268526932079997
0.3268533902680544
0.3268533902680544
0.3268533902680544
0.3268526932079997
0.32685276796588414
0.3268526932079997
0.3268533902680544
0.3268533902680544
0.3268526932079997
0.32685276796588414
0.32685276796588414
0.44687947062282807
0.3268526932079997
0.3278408773765389
1.4414401221982664
0.32685331551016994
0.3268533902680544
0.3268533902680544
0.32685276796588414
0.32685276796588414
0.32685276796588414
0.32685276796588414
0.3268533902680544
0.3268780111096826
0.3268526932079997
0.32685276796588414
0.32687808586756706
0.3268526932079997
0.32685331551016994
0.3268533902680544
0.3268526932079997
0.3268533902680544
0.3268526932079997
0.3268533902680544
0.32685276796588414
0.3268533902680544
0.34656780493948164
0.32685276796588414
0.32685276796588414
0.5535227430530666
0.33149929008526097
0.3268703252912324
0.32685331551016994
0.32685331551016994
0.32979157543820214
0.32685331551016994
0.3268533902680544
0.7957372607177207
0.3268533902680544
0.3268526932079997
0.32685331551016994
0.3268526932079997
0.32685276796588414
0.3268533902680544
0.3381313449424327
0.3646409538548768
0.3268533902680544
0.32857866224046145
0.3268533902680544
0.32685276796588414
0.3268526932079997
0.3268533902680544
0.3268533902680544
0.32685276796588414
0.3297790409175695
0.32685276796588414
0.32685331551016994
0.32685276796588414
0.350332429668062
0.3286469454666745
0.3268526932079997
0.3268533902680544
0.32685276796588414
0.32685276796588414
0.32685276796588414
0.32685331551016994
0.32685276796588414
0.3547235735017491
0.3381299798642556
0.3268533902680544
0.3286310009270048
0.32685276796588414
0.7957372607177207
0.32685276796588414
0.5668306098571383
0.32685331551016994
0.3268526932079997
0.3268526932079997
0.3278401803164842
0.32685276796588414
0.3268526932079997
0.32685276796588414
0.5716210107111063
0.32685276796588414
0.3268526932079997
0.32691096543041476
0.3268533902680544
0.3268533902680544
0.3268526932079997
0.3268533902680544
0.3268533902680544
0.3268533902680544
0.338130647882378
0.32685276796588414
1.4414405447400374
0.3297732462949148
0.8912329417586258
0.32685276796588414
0.3268533902680544
0.3268533902680544
0.3268526932079997
0.32685331551016994
0.3268773888075124
0.3268533902680544
0.32685276796588414
0.3268526932079997
0.32685276796588414
0.3268533902680544
0.3268533902680544
0.32685276796588414
0.32685276796588414
0.32685276796588414
0.32685276796588414
0.32685276796588414
0.9905949684948678
0.32685331551016994
0.32685331551016994
0.3278401803164842
0.329773868597085
0.3286133688437721
0.32685276796588414
0.32839915238060635
0.3285787369983459
0.3297915006803177
0.3268533902680544
0.3268533902680544
0.3268526932079997
0.3268526932079997
0.3268526932079997
0.3268526932079997
0.32685331551016994
0.3268526932079997
0.3268533902680544
0.3285787369983459
0.32685276796588414
0.3268533902680544
0.32685276796588414
0.3268533902680544
0.32685276796588414
0.326911587732585
0.3268533902680544
0.35472295119957886
0.3385375471796399
0.5297342117397468
0.3268533902680544
1.4414401221982664
0.32685276796588414
0.3268526932079997
0.3385375471796399
0.3268526932079997
0.5534923605439964
0.3268526932079997
0.32685331551016994
0.32685331551016994
0.3268533902680544
0.3471101896982126
0.32685276796588414
0.3268533902680544
0.3268533902680544
0.3268526932079997
0.3268526932079997
0.32685331551016994
0.3268533902680544
0.32685331551016994
0.3268533902680544
0.32685276796588414
0.3268533902680544
0.3268533902680544
0.3268526932079997
0.3268526932079997
0.32685331551016994
0.3268533902680544
0.32685276796588414
0.32685331551016994
0.32693628333209773
0.3268533902680544
0.3268533902680544
0.3268533902680544
0.32685276796588414
0.32685276796588414
0.3278408773765389
0.32685276796588414
0.32685331551016994
0.32685276796588414
0.32685331551016994
0.3268533902680544
0.3269108906725303
0.7960323605379784
0.3268533902680544
0.32685276796588414
0.32685276796588414
0.32685276796588414
0.32685276796588414
0.3465490609756625
0.32685276796588414
0.32685276796588414
0.98011084881519
0.3268533902680544
0.3292347827486515
0.35472295119957886
0.32685276796588414
0.32685276796588414
0.32685276796588414
0.32685276796588414
0.3268703252912324
0.3268780111096826
0.33853816948181015
0.32685276796588414
0.32685331551016994
0.34656709405584973
0.32923470799076704
0.32685276796588414
0.3268526932079997
0.3268533902680544
0.32685276796588414
0.3268533902680544
0.3268526932079997
0.3297909531360319
0.3268533902680544
0.3268533902680544
0.3292246969869691
0.32687102235128707
0.32685276796588414
0.32784080261865445
0.995285851540569
0.3268533902680544
0.3268533902680544
0.32685276796588414
0.5239049676172
0.32685276796588414
0.3268533902680544
0.3268526932079997
0.3268526932079997
0.3268533902680544
0.34711081200038285
0.5668306098571383
0.32685276796588414
0.3268533902680544
0.32685276796588414
0.32685331551016994
0.32685276796588414
0.32691096543041476
0.3268533902680544
0.3285887480021438
0.32685276796588414
0.32685276796588414
0.32685276796588414
0.32685276796588414
0.3268533902680544
0.3268526932079997
0.32685276796588414
0.32685276796588414
0.3268533902680544
0.3283985300784361
0.3268533902680544
0.32685331551016994
0.3268533902680544
0.5238745103502453
0.32685276796588414
0.32784080261865445
0.3268526932079997
0.32685276796588414
0.32685276796588414
0.3268533902680544
0.32685276796588414
0.3268533902680544
0.6755909812803322
0.7957641285179022
0.32685276796588414
0.35472295119957886
0.32685276796588414
0.7322353633741319
0.3297733210527992
0.5239048928593155
0.32685331551016994
0.32685276796588414
0.32687102235128707
0.32685331551016994
0.980118769583015
0.3268526932079997
0.3660494037125855
0.3268533902680544
0.3268533902680544
0.32685276796588414
0.3268533902680544
0.32685276796588414
0.326911587732585
0.3268774635653968
0.3268533902680544
0.3268533902680544
0.3268533902680544
0.3268526932079997
0.3268533902680544
0.32685276796588414
0.3268533902680544
0.3268533902680544
0.32685276796588414
0.3268526932079997
0.3268526932079997
0.3268533902680544
0.32685331551016994
1.4414391584149269
0.3268533902680544
0.3268526932079997
0.32685276796588414
0.3268533902680544
0.32687808586756706
0.32685276796588414
0.32839844149697445
0.3286615553045048
0.3268533902680544
0.36464157615704706
0.3268703252912324
0.32685276796588414
0.34654913573354695
0.3268533902680544
0.32685276796588414
0.3268533902680544
0.3268533902680544
0.3268526932079997
0.32685276796588414
0.32857866224046145
0.32685331551016994
0.5669688785170275
0.3268526932079997
0.32685331551016994
0.3297732462949148
0.3268533902680544
0.32685331551016994
0.8886747362647075
0.32685276796588414
0.32685276796588414
0.32685331551016994
0.3268533902680544
1.3960291008589636
0.32685276796588414
0.7957641285179022
0.3268533902680544
0.3268533902680544
0.9504664068299455
0.5668306098571383
0.3268533902680544
0.3268533902680544
0.3385382442396946
0.3268526932079997
0.3268533902680544
0.32685276796588414
0.33853762193752435
0.3269108906725303
0.3268526932079997
0.32685276796588414
0.4242869981129621
0.32685276796588414
1.2333960482099142
0.3268533902680544
0.32685331551016994
0.3268533902680544
0.32685331551016994
0.3268533902680544
0.3606760462873056
0.3268526932079997
0.3268533902680544
0.5535227430530666
0.3268533902680544
0.3268533902680544
0.3268533902680544
0.32977394335496946
0.3268533902680544
0.32685276796588414
0.32685276796588414
0.32685276796588414
0.3268533902680544
0.32685331551016994
0.32685276796588414
0.35472295119957886
0.32685276796588414
0.35472295119957886
0.3268526932079997
0.3268526932079997
0.32685276796588414
0.9424102617027355
1.4414501097169305
0.3268526932079997
0.32685331551016994
0.3268526932079997
0.3268526932079997
0.32685331551016994
0.3488453181548834
0.32685276796588414
0.32839844149697445
0.3268533902680544
0.3268533902680544
0.3268526932079997
0.3268526932079997
0.8912319881690218
0.3268533902680544
0.3268533902680544
0.32685276796588414
0.32685276796588414
0.3268526932079997
0.3268533902680544
0.3268533902680544
0.3268533902680544
0.3268533902680544
0.3268526932079997
0.3268533902680544
0.3268533902680544
0.3268533902680544
0.32685276796588414
0.3646415013991626
0.3283978191948042
0.32685276796588414
0.3268526932079997
0.32685276796588414
0.32685331551016994
0.32685331551016994
0.32685331551016994
0.3268526932079997
0.338538912257817
0.5924166245590432
0.5238745103502453
0.32685276796588414
0.3268533902680544
0.3268533902680544
0.32685276796588414
0.32685276796588414
0.32685331551016994
0.3268533902680544
0.3547228764416944
0.8912240674011968
0.32685331551016994
1.4414401221982664
0.32685276796588414
0.32685276796588414
0.3268526932079997
0.3268533902680544
0.3268533902680544
0.3268533902680544
0.32685276796588414
0.32685276796588414
0.32685276796588414
0.32685276796588414
0.32922477174485354
0.32685331551016994
0.3268533902680544
0.32685331551016994
0.3268533902680544
0.3268533902680544
0.3268533902680544
0.32685331551016994
0.3268533902680544
0.32685276796588414
0.8548513187218327
0.32923470799076704
0.32685276796588414
0.3268533902680544
0.7957372607177207
0.7957641285179022
0.3268526932079997
0.32685331551016994
0.32685276796588414
0.3268533902680544
0.32685276796588414
0.32685276796588414
0.32839915238060635
0.3268526932079997
0.3547228764416944
0.32685276796588414
0.32685276796588414
0.3268526932079997
0.7957641285179022
0.3385375471796399
0.9504594396517244
0.3268526932079997
0.3268533902680544
1.4414405447400374
0.32685276796588414
0.3268533902680544
0.32685331551016994
0.32685276796588414
0.3268526932079997
0.32685276796588414
0.3268526932079997
0.32786549821816713
0.3268533902680544
0.32685276796588414
0.3268533902680544
0.7506338052734721
0.3268533902680544
0.32685331551016994
0.3297909531360319
0.32685276796588414
0.32685276796588414
0.3268526932079997
0.32685276796588414
0.32685276796588414
0.3268533902680544
1.4414395809566978
0.3268533902680544
0.3268533902680544
0.3268533902680544
0.3268526932079997
0.32685276796588414
0.32685276796588414
0.33853762193752435
0.32685276796588414
0.32685331551016994
0.32685331551016994
0.32839915238060635
0.32685276796588414
0.32685276796588414
0.32685331551016994
0.3268709475934026
0.3268533902680544
0.3268533902680544
0.33813005462214
0.3268533902680544
0.7957640537600177
0.3285787369983459
0.3268533902680544
0.32685276796588414
0.32685276796588414
0.32685276796588414
0.3286716410661872
0.32685276796588414
0.32685276796588414
0.3268526932079997
0.3268526932079997
0.3268533902680544
0.32685276796588414
0.32685331551016994
0.3268526932079997
0.3381313449424327
0.34654913573354695
0.32685276796588414
0.34654913573354695
0.3268526932079997
0.3285886732442594
0.32685276796588414
0.3268533902680544
0.3268533902680544
0.3268533902680544
0.32685276796588414
0.3292246969869691
0.32685276796588414
0.3268526932079997
0.3268533902680544
0.32685331551016994
0.32685276796588414
0.8912329417586258
0.3268526932079997
0.3268526932079997
0.3268526932079997
0.7957372607177207
0.32685276796588414
0.32685331551016994
1.4414401221982664
0.32685276796588414
0.3268533902680544
0.3268526932079997
0.3268533902680544
0.32693566102992744
0.32685276796588414
0.32685276796588414
0.3465684272416519
0.3268533902680544
0.32685331551016994
0.3268526932079997
0.8912240674011968
0.32685276796588414
0.3297733210527992
0.3268533902680544
0.3268533902680544
0.5238745103502453
0.3268533902680544
0.32685276796588414
0.553492285786112
0.3268533902680544
0.3268533902680544
0.32691096543041476
0.32685331551016994
0.32685331551016994
0.32685331551016994
0.3268526932079997
0.3268526932079997
0.3268533902680544
0.9515105889734923
1.4414505322587012
0.3268533902680544
0.3268526932079997
0.3268533902680544
1.4420373823992958
0.32685331551016994
0.3268526932079997
0.32685276796588414
0.32685276796588414
1.4414405447400374
0.32685331551016994
0.32685276796588414
0.32685331551016994
0.32685276796588414
0.3268533902680544
0.32685331551016994
0.3268526932079997
0.32685276796588414
0.3268533902680544
0.7957372607177207
0.32685276796588414
0.32685276796588414
0.34656780493948164
0.3268774635653968
1.4414505322587012
0.3268780111096826
0.32687808586756706
0.3286716410661872
0.32685276796588414
0.32685331551016994
0.3268533902680544
0.32685276796588414
1.4414401221982664
0.3268533902680544
0.3285886732442594
0.3268533902680544
0.3268533902680544
0.32685276796588414
0.32685276796588414
0.32685276796588414
0.32685276796588414
0.3268533902680544
0.32685276796588414
0.3268533902680544
0.553492285786112
0.3268526932079997
0.32685331551016994
0.3268533902680544
0.32685276796588414
0.3268526932079997
0.32685276796588414
0.3268533902680544
0.3268533902680544
0.32691096543041476
0.3465684272416519
0.3268526932079997
0.3268533902680544
0.32685331551016994
0.3268533902680544
0.32685331551016994
0.32861344360165656
0.8912250209908006
0.32685331551016994
0.32685331551016994
0.3268526932079997
0.3268533902680544
0.3268533902680544
0.3268526932079997
0.3297733210527992
0.3268526932079997
0.3268526932079997
0.3268526932079997
0.3268533902680544
0.33813127018454825
0.3268533902680544
0.3268533902680544
0.32685276796588414
0.32685276796588414
0.3278401803164842
0.32685276796588414
0.32685276796588414
0.3268533902680544
0.32685276796588414
0.32685276796588414
0.32685331551016994
0.32685276796588414
0.32685276796588414
0.3268533902680544
0.3268533902680544
0.3268526932079997
0.32685331551016994
0.9504664068299455
0.3268526932079997
0.32685276796588414
0.32685276796588414
0.32685276796588414
0.3268526932079997
0.32685276796588414
0.32685331551016994
0.3268526932079997
0.3268533902680544
0.5239049676172
0.32685331551016994
0.3268533902680544
0.3268533902680544
0.3268533902680544
0.9504673604195495
0.32687102235128707
0.32685276796588414
0.3268533902680544
0.3268533902680544
0.3285787369983459
0.326935586272043
0.32691096543041476
0.3279237704405823
0.32685276796588414
0.3283985300784361
0.3268533902680544
0.3268533902680544
0.3268526932079997
0.3268526932079997
0.3268533902680544
0.3268526932079997
0.32685276796588414
0.32685276796588414
0.51776567815895
0.32685331551016994
0.32685276796588414
0.32685331551016994
0.3268526932079997
0.32685276796588414
0.3385382442396946
0.32685276796588414
0.32685276796588414
0.32784025507436865
0.32685276796588414
0.3268533902680544
0.32685276796588414
0.3268533902680544
0.32685276796588414
0.32685276796588414
0.32685276796588414
0.3268526932079997
1.4414401221982664
0.3268533902680544
0.32685276796588414
0.32685331551016994
0.3268526932079997
0.34656780493948164
0.39970559277236406
0.32866163006238924
0.3646409538548768
0.3268533902680544
0.3268526932079997
0.32685331551016994
0.32685276796588414
0.3268526932079997
0.3547235735017491
1.4414405447400374
0.32685276796588414
0.32685331551016994
0.32741444423272004
0.32685331551016994
0.32691096543041476
0.32685331551016994
0.32685331551016994
0.3268533902680544
0.356047209710564
0.3268526932079997
0.32685276796588414
0.32685331551016994
0.32685276796588414
0.5845879953608247
0.3268533902680544
0.32685276796588414
0.32685276796588414
0.3268526932079997
0.326911587732585
0.3268526932079997
0.3268533902680544
0.32685331551016994
0.3283985300784361
0.3268533902680544
0.32685276796588414
0.32691096543041476
0.3268526932079997
0.32685276796588414
0.8912250209908006
0.32685276796588414
0.32685331551016994
0.3268533902680544
0.3268533902680544
0.3268533902680544
0.3268526932079997
0.33853762193752435
0.32685276796588414
0.3268533902680544
0.32685331551016994
0.3268526932079997
0.3268533902680544
0.3268533902680544
0.3268533902680544
0.32685331551016994
0.32784025507436865
0.32685276796588414
0.5668283563853936
0.35472349874386466
0.32687808586756706
0.3268533902680544
0.32685276796588414
0.34654913573354695
0.3268533902680544
0.32685276796588414
0.3268533902680544
0.32685331551016994
0.32685331551016994
0.3268533902680544
0.32685331551016994
1.295274960957144
0.3278401803164842
0.8917913193612763
0.3646408790969924
0.32685276796588414
0.3268526932079997
0.3646415013991626
0.3292347827486515
0.32685331551016994
0.32685276796588414
0.3268533902680544
0.32685276796588414
0.9474729965406873
0.3286716410661872
0.32685276796588414
0.3268526932079997
0.3268533902680544
0.32685276796588414
0.3268526932079997
0.32685276796588414
0.3268533902680544
0.9801199907228799
0.32685276796588414
0.32931760105481045
0.32685331551016994
0.9801120699550547
0.326911587732585
0.3268533902680544
0.32685276796588414
0.3268533902680544
0.3268526932079997
0.32685331551016994
0.32685331551016994
0.3268533902680544
0.3268533902680544
0.32922477174485354
0.32789845253889927
0.3268526932079997
0.3268533902680544
0.32685276796588414
0.9504664068299455
0.3268533902680544
0.3268533902680544
0.32685276796588414
0.34711081200038285
0.3268526932079997
0.3268533902680544
0.32685276796588414
0.3268533902680544
0.32685276796588414
0.32685331551016994
0.32685276796588414
0.3268526932079997
0.32685276796588414
0.32685276796588414
0.3285787369983459
0.3268526932079997
0.32685276796588414
0.32685331551016994
0.3268526932079997
0.5535990301331383
0.3268533902680544
0.7957371859598362
0.32839844149697445
0.329773868597085
0.3381299798642556
0.3268533902680544
0.3268533902680544
0.32685331551016994
