0.3271606581458171
0.3271833147707137
0.32716003584364683
0.3271593300548329
0.32715861917120104
0.32715861917120104
0.3271599523570031
0.32715861917120104
0.32716003584364683
0.3271592414733713
0.32715861917120104
0.32716003584364683
0.32715861917120104
0.32716003584364683
0.3271599523570031
0.32715861917120104
0.3271593300548329
0.32715861917120104
0.32716003584364683
0.32715861917120104
0.3271847314431595
0.3271593300548329
0.32716003584364683
0.327161369029449
0.3271593300548329
0.32716003584364683
0.32715861917120104
0.32715861917120104
0.32716074672727874
0.32716003584364683
0.32716003584364683
0.32716074672727874
0.32716003584364683
0.3271592414733713
0.32715861917120104
0.32715861917120104
0.327161369029449
0.32715861917120104
0.32716003584364683
0.3271593300548329
0.32716003584364683
0.3271593300548329
0.3271606581458171
0.3271593300548329
0.3271593300548329
0.32716003584364683
0.32715861917120104
0.32716074672727874
0.32715861917120104
0.32715861917120104
0.3271593300548329
0.32715861917120104
0.32715861917120104
0.3271592414733713
0.32715861917120104
0.32715861917120104
0.32716003584364683
0.32715861917120104
0.3271593300548329
0.3271593300548329
0.3271593300548329
0.32716074672727874
0.327161369029449
0.3271593300548329
0.3271599523570031
0.32716003584364683
0.32716003584364683
0.3271606581458171
0.32716003584364683
0.32716003584364683
0.32716074672727874
0.32716003584364683
0.32716003584364683
0.32716003584364683
0.3271593300548329
0.32716003584364683
0.32715861917120104
0.32715861917120104
0.32716074672727874
0.3271593300548329
0.32715861917120104
0.32715861917120104
0.32715861917120104
0.3271593300548329
0.32715861917120104
0.32715861917120104
0.327161369029449
0.32716003584364683
0.3271593300548329
0.32716074672727874
0.32716074672727874
0.32716074672727874
0.3271593300548329
0.3271592414733713
0.3271593300548329
0.3271593300548329
0.32716074672727874
0.32771893175868205
0.32716003584364683
0.32716074672727874
0.32715861917120104
0.32716074672727874
0.32716003584364683
0.3271593300548329
0.32716074672727874
0.3271593300548329
0.32716003584364683
0.3271593300548329
0.3271593300548329
0.3271592414733713
0.3271599523570031
0.3271593300548329
0.3271593300548329
0.3271593300548329
0.3271592414733713
0.3271593300548329
0.32716003584364683
0.32716003584364683
0.32716074672727874
0.3271593300548329
0.32716003584364683
0.32716003584364683
0.32716003584364683
0.32716003584364683
0.32716074672727874
0.32715861917120104
0.32716003584364683
0.32716003584364683
0.32716003584364683
0.32716003584364683
0.32716003584364683
0.32715861917120104
0.32715861917120104
0.32715861917120104
0.32716074672727874
0.32716074672727874
0.32715861917120104
0.3271593300548329
0.32715861917120104
0.32716003584364683
0.32715861917120104
0.32715861917120104
0.3271592414733713
0.32715861917120104
0.3271593300548329
0.32715861917120104
0.32717618300092105
0.3271593300548329
0.3271593300548329
0.3271593300548329
0.3271593300548329
0.32716074672727874
0.3271599523570031
0.3271593300548329
0.3271606581458171
0.3271593300548329
0.32716003584364683
0.32716074672727874
0.32715861917120104
0.32715861917120104
0.327161369029449
0.3271593300548329
0.3271599523570031
0.32715861917120104
0.3271593300548329
0.3271593300548329
0.32715861917120104
0.32716074672727874
0.32715861917120104
0.32717618300092105
0.32716003584364683
0.32716003584364683
0.3271599523570031
0.3271593300548329
0.32715861917120104
0.3271833147707137
0.32715861917120104
0.3271593300548329
0.32716003584364683
0.3271593300548329
0.32716074672727874
0.3271599523570031
0.32716074672727874
0.32716003584364683
0.32715861917120104
0.3271592414733713
0.3271593300548329
0.32715861917120104
0.3271593300548329
0.3271593300548329
0.32715861917120104
0.32716074672727874
0.3271593300548329
0.32715861917120104
0.3271593300548329
0.3271593300548329
0.3271593300548329
0.3271593300548329
0.327161369029449
0.32715861917120104
0.32715861917120104
0.32716003584364683
0.32716003584364683
0.3271593300548329
0.32715861917120104
0.32716003584364683
0.32715861917120104
0.32716074672727874
0.32715861917120104
0.32715861917120104
0.32715861917120104
0.32716003584364683
0.3271593300548329
0.3271599523570031
0.32716003584364683
0.32715861917120104
0.3271593300548329
0.32716003584364683
0.32716003584364683
0.32716074672727874
0.32716003584364683
0.32716003584364683
0.32716003584364683
0.3271593300548329
0.32716074672727874
0.32715861917120104
0.32715861917120104
0.32716074672727874
0.3271593300548329
0.32715861917120104
0.32715861917120104
0.32716074672727874
0.32716003584364683
0.3271593300548329
0.32715861917120104
0.32716003584364683
0.32715861917120104
0.32715861917120104
0.32716074672727874
0.32716074672727874
0.32716003584364683
0.32716003584364683
0.3271592414733713
0.3271593300548329
0.32716003584364683
0.3271593300548329
0.3271599523570031
0.3271593300548329
0.32716074672727874
0.32715861917120104
0.3271592414733713
0.32716003584364683
0.32716003584364683
0.32716003584364683
0.32715861917120104
0.32716003584364683
0.32716003584364683
0.32715861917120104
0.3271606581458171
0.32716074672727874
0.32841467214089237
0.32715861917120104
0.3271593300548329
0.3271847314431595
0.32716074672727874
0.32716074672727874
0.32716074672727874
0.32715861917120104
0.32715861917120104
0.32715861917120104
0.32715861917120104
0.3271593300548329
0.32715861917120104
0.3271606581458171
0.3271593300548329
0.3271593300548329
0.32716003584364683
0.3271593300548329
0.32716074672727874
0.32716074672727874
0.3271593300548329
0.32715861917120104
0.32715861917120104
0.3271593300548329
0.3271606581458171
0.3271593300548329
0.3271592414733713
0.3271599523570031
0.32715861917120104
0.327161369029449
0.32715861917120104
0.32716074672727874
0.32716074672727874
0.32716003584364683
0.32715861917120104
0.32716074672727874
0.32715861917120104
0.32715861917120104
0.32716003584364683
0.3271593300548329
0.32715861917120104
0.3271593300548329
0.3271593300548329
0.32716003584364683
0.32716074672727874
0.34559989292932936
0.3271593300548329
0.3271593300548329
0.32716074672727874
0.32716003584364683
0.32715861917120104
0.32716003584364683
0.3271593300548329
0.32716003584364683
0.32715861917120104
0.327161369029449
0.32716074672727874
0.32716003584364683
0.32715861917120104
0.3271593300548329
0.3271593300548329
0.3271593300548329
0.3271592414733713
0.32716003584364683
0.3271593300548329
0.3271593300548329
0.3271593300548329
0.3271592414733713
0.3271593300548329
0.32716074672727874
0.3271593300548329
0.3271854423267914
0.32715861917120104
0.727899185783589
0.32715861917120104
0.32715861917120104
0.32716074672727874
0.32716003584364683
0.32715861917120104
0.32715861917120104
0.32715861917120104
0.32716074672727874
0.32715861917120104
0.32715861917120104
0.32715861917120104
0.32716003584364683
0.32715861917120104
0.32715861917120104
0.3271592414733713
0.32716003584364683
0.32716074672727874
0.32716003584364683
0.32715861917120104
0.3271593300548329
0.3271606581458171
0.32716074672727874
0.32716003584364683
0.3271599523570031
0.3271606581458171
0.32716074672727874
0.3271593300548329
0.32716003584364683
0.3271593300548329
0.3271606581458171
0.32715861917120104
0.32716074672727874
0.3271593300548329
0.32716003584364683
0.32715861917120104
0.32715861917120104
0.3271593300548329
0.32716074672727874
0.3271593300548329
0.32715861917120104
0.32716003584364683
0.32715861917120104
0.32715861917120104
0.32715861917120104
0.3271593300548329
0.3271593300548329
0.3271606581458171
0.32716074672727874
0.3271606581458171
0.32716074672727874
0.3271599523570031
0.3271847314431595
0.32715861917120104
0.32715861917120104
0.3271593300548329
0.3271599523570031
0.32716003584364683
0.32716003584364683
0.32715861917120104
0.32716003584364683
0.32715861917120104
0.32716003584364683
0.32716003584364683
0.32715861917120104
0.32715861917120104
0.32716003584364683
0.3271593300548329
0.3271593300548329
0.32715861917120104
0.3450416244112824
0.32716003584364683
0.32716074672727874
0.3271593300548329
0.32716074672727874
0.32715861917120104
0.32716003584364683
0.32715861917120104
0.32716003584364683
0.3271593300548329
0.3271593300548329
0.32716003584364683
0.32716074672727874
0.327161369029449
0.32715861917120104
0.32716003584364683
0.32716074672727874
0.32716074672727874
0.3271593300548329
0.3271593300548329
0.32716074672727874
0.32716074672727874
0.3271606581458171
0.3271592414733713
0.32716003584364683
0.3271593300548329
0.3271593300548329
0.32715861917120104
0.32715861917120104
0.32716003584364683
0.32716074672727874
0.3271593300548329
0.32715861917120104
0.32716003584364683
0.32716074672727874
0.32716074672727874
0.3271593300548329
0.32716003584364683
0.32715861917120104
0.32716003584364683
0.32715861917120104
0.3271592414733713
0.3271593300548329
0.32716003584364683
0.32716074672727874
0.32839844149697445
0.3271593300548329
0.3271593300548329
0.32715861917120104
0.3271593300548329
0.32715861917120104
0.32716003584364683
0.32716074672727874
0.32715861917120104
0.32715861917120104
0.32715861917120104
0.32715861917120104
0.32716074672727874
0.3271593300548329
0.3271593300548329
0.32716003584364683
0.32715861917120104
0.3271592414733713
0.32715861917120104
0.32716003584364683
0.32715861917120104
0.3271593300548329
0.3271606581458171
0.32715861917120104
0.3271593300548329
0.3271593300548329
0.32716003584364683
0.32715861917120104
0.3271593300548329
0.32716003584364683
0.32716003584364683
0.32716003584364683
0.32715861917120104
0.32716003584364683
0.32716003584364683
0.32715861917120104
0.32715861917120104
0.32716003584364683
0.32715861917120104
0.3271593300548329
0.32715861917120104
0.32715861917120104
0.32716074672727874
0.32715861917120104
0.32715861917120104
0.32715861917120104
0.3271592414733713
0.3271593300548329
0.3271592414733713
0.3271592414733713
0.32716074672727874
0.32715861917120104
0.32715861917120104
0.32715861917120104
0.32716003584364683
0.32715861917120104
0.3271593300548329
0.32716074672727874
0.32715861917120104
0.32715861917120104
0.32715861917120104
0.3271593300548329
0.32715861917120104
0.32715861917120104
0.3271593300548329
0.3271593300548329
0.32716003584364683
0.32716003584364683
0.3271593300548329
0.3271606581458171
0.32716074672727874
0.3271593300548329
0.32715861917120104
0.3271593300548329
0.32716003584364683
0.3271599523570031
0.32715861917120104
0.32715861917120104
0.3271593300548329
0.3271593300548329
0.3271593300548329
0.32715861917120104
0.327161369029449
0.3271593300548329
0.3271593300548329
0.32715861917120104
0.32716003584364683
0.3271593300548329
0.32715861917120104
0.32715861917120104
0.32715861917120104
0.32715861917120104
0.32716074672727874
0.32716074672727874
0.32715861917120104
0.32716003584364683
0.3271593300548329
0.32716003584364683
0.32715861917120104
0.32716074672727874
0.32715861917120104
0.32716003584364683
0.32716003584364683
0.32716074672727874
0.32715861917120104
0.32716003584364683
0.32716074672727874
0.3271592414733713
0.32715861917120104
0.327161369029449
0.32716003584364683
0.32716003584364683
0.3271592414733713
0.32716003584364683
0.3271593300548329
0.3271593300548329
0.3271593300548329
0.3271847314431595
0.3271599523570031
0.3271593300548329
0.3271593300548329
0.32716074672727874
0.32715861917120104
0.32715861917120104
0.3271593300548329
0.3271593300548329
0.3271593300548329
0.32716003584364683
0.32715861917120104
0.32716003584364683
0.32716003584364683
0.3271599523570031
0.3271593300548329
0.3271593300548329
0.3271593300548329
0.3271599523570031
0.32716074672727874
0.32715861917120104
0.32771972612895767
0.32715861917120104
0.327161369029449
0.32715861917120104
0.32715861917120104
0.32715861917120104
0.32716074672727874
0.32716074672727874
0.32716003584364683
0.32716003584364683
0.32716074672727874
0.3271593300548329
0.32716074672727874
0.32715861917120104
0.32715861917120104
0.3271593300548329
0.3271593300548329
0.32716003584364683
0.32716074672727874
0.32715861917120104
0.32715861917120104
0.3271599523570031
0.32716003584364683
0.32716074672727874
0.32716003584364683
0.32716074672727874
0.3271593300548329
0.32716003584364683
0.3271593300548329
0.3271593300548329
0.3271593300548329
0.3271593300548329
0.32715861917120104
0.32715861917120104
0.32715861917120104
0.32716074672727874
0.32715861917120104
0.32716003584364683
0.3271593300548329
0.32716074672727874
0.32715861917120104
0.32715861917120104
0.3271593300548329
0.32715861917120104
0.32716074672727874
0.3271599523570031
0.32715861917120104
0.3271592414733713
0.32715861917120104
0.3271599523570031
0.32716074672727874
0.32716074672727874
0.32715861917120104
0.3271593300548329
0.32716003584364683
0.3271593300548329
0.32716003584364683
0.32716003584364683
0.3271593300548329
0.3271599523570031
0.32716074672727874
0.32977394335496946
0.32716003584364683
0.3271592414733713
0.32715861917120104
0.3271592414733713
0.32715861917120104
0.3271593300548329
0.3271593300548329
0.327161369029449
0.3271592414733713
0.32715861917120104
0.32716074672727874
0.32715861917120104
0.3271593300548329
0.32715861917120104
0.32715861917120104
0.3271593300548329
0.3271593300548329
0.3271592414733713
0.32716003584364683
0.32715861917120104
0.32716003584364683
0.3271593300548329
0.32716003584364683
0.3271593300548329
0.32716003584364683
0.3271593300548329
0.3271593300548329
0.3271606581458171
0.32716003584364683
0.32716003584364683
0.32715861917120104
0.3271593300548329
0.3271593300548329
0.327161369029449
0.3271593300548329
0.3271593300548329
0.32716074672727874
0.3271593300548329
0.32715861917120104
0.32716003584364683
0.32715861917120104
0.3271593300548329
0.32715861917120104
0.32716074672727874
0.3271593300548329
0.32716003584364683
0.32715861917120104
0.32716003584364683
0.32716003584364683
0.32716074672727874
0.3271593300548329
0.32715861917120104
0.32715861917120104
0.32715861917120104
0.3271593300548329
0.3271606581458171
0.32716003584364683
0.32716003584364683
0.32715861917120104
0.32716074672727874
0.32716074672727874
0.32716003584364683
0.32716003584364683
0.3271593300548329
0.3271593300548329
0.32715861917120104
0.32716003584364683
0.32716003584364683
0.32716003584364683
0.327161369029449
0.3271599523570031
0.32716003584364683
0.32715861917120104
0.32715861917120104
0.3271593300548329
0.32715861917120104
0.3271593300548329
0.32715861917120104
0.3271593300548329
0.32716003584364683
0.32716074672727874
0.32715861917120104
0.3271593300548329
0.32716074672727874
0.32715861917120104
0.32715861917120104
0.3271593300548329
0.32715861917120104
0.3271592414733713
0.32715861917120104
0.3271593300548329
0.32715861917120104
0.3271833147707137
0.32716074672727874
0.32715861917120104
0.32715861917120104
0.32716003584364683
0.32716003584364683
0.3271593300548329
0.32716074672727874
0.32715861917120104
0.32715861917120104
0.3271593300548329
0.32716074672727874
0.32715861917120104
0.3271593300548329
0.32715861917120104
0.3271593300548329
0.3271593300548329
0.32716003584364683
0.3271593300548329
0.3271593300548329
0.3276052193034541
0.3271599523570031
0.3271593300548329
0.3271592414733713
0.32716003584364683
0.32716074672727874
0.32715861917120104
0.32716003584364683
0.32715861917120104
0.32715861917120104
0.32715861917120104
0.32715861917120104
0.32715861917120104
0.32715861917120104
0.32716074672727874
0.32716003584364683
0.32715861917120104
0.3271599523570031
0.3271593300548329
0.32715861917120104
0.32715861917120104
0.32715861917120104
0.3271593300548329
0.32716074672727874
0.32715861917120104
0.3271593300548329
0.32715861917120104
0.3271593300548329
0.32716003584364683
0.32715861917120104
0.32715861917120104
0.32715861917120104
0.32716003584364683
0.3271593300548329
0.3271606581458171
0.32715861917120104
0.32715861917120104
0.32716074672727874
0.32716074672727874
0.32771759857287996
0.3271593300548329
0.327161369029449
0.3271593300548329
0.3271593300548329
0.32716074672727874
0.3271593300548329
0.32715861917120104
0.32715861917120104
0.32716074672727874
0.3271593300548329
0.32715861917120104
0.3271593300548329
0.32716003584364683
0.32716003584364683
0.3271593300548329
0.32715861917120104
0.32716003584364683
0.3271593300548329
0.32716074672727874
0.32716074672727874
0.32715861917120104
0.32715861917120104
0.32715861917120104
0.32715861917120104
0.32715861917120104
0.32715861917120104
0.32716074672727874
0.32715861917120104
0.32716003584364683
0.32715861917120104
0.3271606581458171
0.32716003584364683
0.3271593300548329
0.32716003584364683
0.32716003584364683
0.32715861917120104
0.3271593300548329
0.32716074672727874
0.32716074672727874
0.32716074672727874
0.32715861917120104
0.32716003584364683
0.32716074672727874
0.3271593300548329
0.3271606581458171
0.3271593300548329
0.32716074672727874
0.32715861917120104
0.32716074672727874
0.3271593300548329
0.3271593300548329
0.3271593300548329
0.32715861917120104
0.32716003584364683
0.32716003584364683
0.32716003584364683
0.32715861917120104
0.3271593300548329
0.3271593300548329
0.3271593300548329
0.3271593300548329
0.32716003584364683
0.32715861917120104
0.32715861917120104
0.3271592414733713
0.3271593300548329
0.327161369029449
0.3271593300548329
0.3271606581458171
0.32716003584364683
0.3271593300548329
0.3271593300548329
0.3271593300548329
0.32716003584364683
0.3638154854775716
0.32715861917120104
0.327161369029449
0.32716074672727874
0.32715861917120104
0.3271593300548329
0.3271593300548329
0.3271593300548329
0.32716074672727874
0.32715861917120104
0.32716003584364683
0.3271593300548329
0.32715861917120104
0.3271599523570031
0.32715861917120104
0.32715861917120104
0.3271593300548329
0.32715861917120104
0.32715861917120104
0.32716003584364683
0.3271593300548329
0.32716074672727874
0.32715861917120104
0.3271593300548329
0.32716074672727874
0.32715861917120104
0.32716074672727874
0.32715861917120104
0.32716003584364683
0.32715861917120104
0.32715861917120104
0.3271593300548329
0.32715861917120104
0.3271592414733713
0.3596387103205468
0.3271593300548329
0.3271593300548329
0.32715861917120104
0.3271593300548329
0.32715861917120104
0.32716074672727874
0.32715861917120104
0.32715861917120104
0.32715861917120104
0.32715861917120104
0.3271593300548329
0.3271593300548329
0.3271593300548329
0.3271593300548329
0.32716074672727874
0.3271593300548329
0.3271599523570031
0.32715861917120104
0.32715861917120104
0.32716074672727874
0.32715861917120104
0.3271593300548329
0.3271593300548329
0.32716003584364683
0.32716003584364683
0.3283999467508819
0.3271593300548329
0.32715861917120104
0.32716003584364683
0.32716003584364683
0.32715861917120104
0.3271593300548329
0.32715861917120104
0.3271593300548329
0.32716074672727874
0.32715861917120104
0.3271593300548329
0.32715861917120104
0.3271593300548329
0.3271593300548329
0.3271592414733713
0.3271593300548329
0.32716074672727874
0.32715861917120104
0.3271599523570031
0.32715861917120104
0.32715861917120104
0.32715861917120104
0.32715861917120104
0.32716003584364683
0.32715861917120104
0.32716003584364683
0.32716003584364683
0.32715861917120104
0.3271599523570031
0.3271599523570031
0.32716003584364683
0.3271606581458171
0.3271593300548329
0.32716003584364683
0.32715861917120104
0.32715861917120104
0.3819727855749427
0.32716074672727874
0.32716003584364683
0.32716074672727874
0.32715861917120104
0.32716074672727874
0.32715861917120104
0.3271593300548329
0.32716074672727874
0.32715861917120104
0.3271593300548329
0.3271593300548329
0.32716003584364683
0.32716003584364683
0.32716074672727874
0.32716074672727874
0.32716074672727874
0.3271593300548329
0.32715861917120104
0.327161369029449
0.32715861917120104
0.32716074672727874
0.32716074672727874
0.32715861917120104
0.4505858969759
0.3271593300548329
0.32716003584364683
0.3271593300548329
0.32715861917120104
