0.32685276796588414
0.32685331551016994
0.35472295119957886
0.3286615553045048
0.32685276796588414
0.3268704000491168
0.3268533902680544
0.3268533902680544
0.8912329417586258
0.32685276796588414
0.3471101149403282
0.3268526932079997
0.32685276796588414
0.32685276796588414
0.32685276796588414
0.3268533902680544
0.3268533902680544
0.35395247277828046
0.3268533902680544
0.32685276796588414
0.32685276796588414
0.8912250209908006
0.3268533902680544
0.7957372607177207
0.32685331551016994
1.4414514960420408
0.33853816948181015
0.3268533902680544
0.3268533902680544
0.32685331551016994
0.32685276796588414
0.32685276796588414
0.32685331551016994
0.32685276796588414
0.32685276796588414
0.3268526932079997
0.3268526932079997
0.3268533902680544
0.32685276796588414
0.3268533902680544
0.3268526932079997
0.3268533902680544
0.3268533902680544
0.3465684272416519
0.32685276796588414
0.3268533902680544
0.3268533902680544
0.32685276796588414
0.3268533902680544
0.32685276796588414
0.32685276796588414
0.3268526932079997
0.32685276796588414
0.3268533902680544
0.32685276796588414
0.3268533902680544
0.32685276796588414
0.3268533902680544
0.3268526932079997
0.33853816948181015
0.3268533902680544
0.32685276796588414
0.8912319881690218
0.3268533902680544
0.7960077396963502
0.3268533902680544
0.32685276796588414
0.3268533902680544
0.32685276796588414
0.33033430025958044
0.32685276796588414
0.3268533902680544
0.3268533902680544
0.4468801815064599
0.3268526932079997
0.32685276796588414
0.32685276796588414
0.32685276796588414
0.3268526932079997
0.3268526932079997
0.3268533902680544
0.32685276796588414
0.3268533902680544
0.3268533902680544
0.32685331551016994
0.32685331551016994
0.32685276796588414
0.3268533902680544
0.32685331551016994
0.3268526932079997
0.32685276796588414
0.3268533902680544
0.32685276796588414
0.32693628333209773
0.32685276796588414
0.32685276796588414
0.553522817810951
0.3547228764416944
0.32685276796588414
0.3268533902680544
0.32685276796588414
0.32685331551016994
0.32685331551016994
0.3268533902680544
0.3268526932079997
0.3268526932079997
0.7960346074965317
0.3465932063278082
0.3283985300784361
0.32685276796588414
0.32685331551016994
0.32685276796588414
0.3268533902680544
0.3268533902680544
0.3268526932079997
0.3268533902680544
0.32685331551016994
0.3268533902680544
0.32784025507436865
1.4414395809566978
0.32685276796588414
0.3268533902680544
0.3292246969869691
0.32685276796588414
0.3268533902680544
0.3268533902680544
0.32691096543041476
0.32685276796588414
0.3268533902680544
0.3268526932079997
0.32685276796588414
0.32685331551016994
0.32685276796588414
0.32687808586756706
0.3268526932079997
0.3268526932079997
0.32685331551016994
0.32685276796588414
0.34656709405584973
0.6755634025965188
0.3268533902680544
0.3268526932079997
0.32685331551016994
0.32861344360165656
0.3268526932079997
0.32839844149697445
0.3471101896982126
0.3268533902680544
0.3268526932079997
0.3268533902680544
0.3268526932079997
0.3268533902680544
0.32685331551016994
0.32685276796588414
0.32685331551016994
0.3268533902680544
0.3268533902680544
0.3268526932079997
0.3268774635653968
0.32691151297470056
0.32685276796588414
0.32685276796588414
0.3646408790969924
0.32685276796588414
0.32685276796588414
0.3268526932079997
0.3268533902680544
0.3268533902680544
0.32685331551016994
0.3268533902680544
0.3268526932079997
0.32685331551016994
0.32685276796588414
0.32685331551016994
0.32685331551016994
0.3268533902680544
0.32685276796588414
0.4468490133558735
0.32861344360165656
0.3268526932079997
0.32685276796588414
0.3283985300784361
0.32685276796588414
0.3268533902680544
0.32685276796588414
0.3268533902680544
0.32685276796588414
0.3268526932079997
0.3268533902680544
0.3268533902680544
0.32685276796588414
0.32685276796588414
0.3268533902680544
0.3268773888075124
0.3285886732442594
0.3268533902680544
0.3268533902680544
0.32839844149697445
0.3268533902680544
0.3268533902680544
0.32685276796588414
0.3268533902680544
0.3269108906725303
0.5668293099749976
0.3268533902680544
0.3268533902680544
0.32685276796588414
0.32685276796588414
0.32685276796588414
0.32861344360165656
0.3268533902680544
0.3268533902680544
0.32685276796588414
0.3268533902680544
0.32685276796588414
0.32685331551016994
0.3268526932079997
0.32687102235128707
0.32685276796588414
0.3268533902680544
0.32685331551016994
0.3268533902680544
0.3268526932079997
0.3285886732442594
0.3268526932079997
0.3268533902680544
0.32685331551016994
0.3268533902680544
0.3268533902680544
0.32685276796588414
0.3268533902680544
0.32685331551016994
0.3268533902680544
0.32685276796588414
0.32979087837814747
0.3268533902680544
0.32685276796588414
0.3268533902680544
0.32685331551016994
0.3268709475934026
0.32685276796588414
0.5239049676172
0.32685276796588414
0.3268533902680544
0.32685276796588414
0.3268533902680544
0.32685331551016994
0.3268773888075124
0.3268526932079997
0.32685331551016994
0.3268526932079997
0.32685276796588414
0.32685331551016994
0.32685276796588414
0.3292347827486515
0.3268533902680544
0.3381294323199697
0.32685276796588414
0.32685331551016994
0.3268533902680544
0.3268533902680544
0.3268533902680544
0.32685276796588414
0.3268526932079997
0.3268526932079997
0.32685276796588414
0.3268526932079997
0.32685331551016994
0.3268533902680544
0.3268533902680544
0.8912240674011968
0.32685276796588414
0.32685276796588414
0.32685276796588414
0.32685276796588414
0.3268533902680544
0.3268526932079997
0.3268526932079997
0.32685276796588414
0.32685331551016994
0.3268526932079997
0.32922477174485354
0.32685276796588414
0.3268526932079997
0.3268774635653968
0.3268526932079997
0.32685331551016994
0.3268533902680544
0.3268526932079997
0.32685331551016994
0.32685331551016994
0.3268533902680544
0.3268533902680544
0.32685276796588414
0.32685276796588414
0.32685276796588414
0.3268526932079997
0.8912319881690218
0.32685276796588414
0.32685276796588414
0.3268526932079997
0.3268533902680544
0.3268533902680544
0.32685331551016994
0.3268533902680544
0.3268533902680544
0.32685331551016994
0.3268533902680544
0.3268526932079997
0.32685331551016994
0.3268526932079997
0.32685331551016994
0.3268533902680544
0.32685331551016994
0.3268533902680544
0.32685276796588414
0.34654913573354695
0.32685331551016994
0.4242869981129621
0.3285787369983459
0.3292347827486515
0.3268526932079997
0.32685276796588414
0.32784025507436865
0.32741444423272004
0.3268526932079997
0.32685331551016994
0.32685276796588414
0.3268526932079997
0.32685276796588414
0.3268533902680544
0.32685331551016994
0.3268533902680544
0.3268533902680544
0.3268533902680544
0.32685276796588414
0.32685276796588414
0.32685331551016994
0.32685331551016994
0.3268533902680544
0.3268526932079997
0.3268533902680544
0.32685276796588414
0.32685276796588414
0.32685276796588414
0.3268526932079997
0.32685276796588414
0.32685276796588414
0.3268526932079997
0.32685331551016994
0.3297909531360319
0.32685276796588414
0.3268533902680544
0.3268533902680544
0.3268533902680544
0.32685276796588414
0.3268526932079997
0.3285887480021438
0.32685276796588414
0.32685276796588414
0.3268533902680544
0.553492285786112
0.32685331551016994
0.3268533902680544
0.3268526932079997
0.3268533902680544
0.3268526932079997
0.3268533902680544
0.32685331551016994
0.32685331551016994
0.3268533902680544
0.5535227430530666
0.3268526932079997
0.32687102235128707
0.32685276796588414
0.34654968327783275
0.3268533902680544
0.32685276796588414
0.3268526932079997
0.32685276796588414
0.5668293099749976
0.32685276796588414
0.3268533902680544
0.3268526932079997
0.3268526932079997
0.32685331551016994
0.3268526932079997
0.32685276796588414
0.32685276796588414
0.32685276796588414
0.7957372607177207
1.4414510735002701
0.32685331551016994
0.3268773888075124
0.32685276796588414
0.3268533902680544
0.3268533902680544
0.3268526932079997
0.3268533902680544
0.32685276796588414
0.33853816948181015
0.3268526932079997
0.3385375471796399
0.33853816948181015
0.32685276796588414
0.32685331551016994
0.3268533902680544
0.32685276796588414
0.32685276796588414
0.3268526932079997
0.3268533902680544
0.32685276796588414
0.3285887480021438
0.3268533902680544
0.32685331551016994
0.3268526932079997
0.3268533902680544
0.3268533902680544
0.32685276796588414
0.33853762193752435
0.3268526932079997
0.32685276796588414
0.5239048928593155
0.3268533902680544
0.3385375471796399
0.3268533902680544
0.32685276796588414
0.3268533902680544
0.7891176027847704
0.3268526932079997
0.3268533902680544
0.3268526932079997
0.32685276796588414
0.32685276796588414
0.32687102235128707
0.32685276796588414
0.32685276796588414
0.3268526932079997
0.3268526932079997
0.3268533902680544
1.4414405447400374
0.32685276796588414
0.523874435592361
0.3268533902680544
0.3268526932079997
0.32685276796588414
0.32685276796588414
0.3268533902680544
0.3268533902680544
0.3283985300784361
0.326935586272043
0.7957371859598362
0.3268533902680544
0.32685331551016994
0.3268526932079997
0.32784080261865445
0.32685331551016994
0.3268533902680544
0.3268533902680544
0.3268533902680544
0.32685276796588414
0.32685276796588414
0.3268533902680544
0.3268526932079997
0.32685276796588414
0.3381294323199697
0.3268533902680544
0.32685276796588414
0.32685276796588414
0.32685331551016994
0.3268533902680544
0.3268526932079997
0.32685331551016994
0.3269108906725303
0.32685276796588414
0.32685331551016994
0.32685276796588414
0.3268533902680544
0.3268526932079997
0.3268526932079997
0.3268533902680544
0.32685276796588414
0.32685276796588414
0.3268526932079997
0.3268533902680544
0.32685331551016994
0.32685276796588414
0.32685276796588414
0.3268526932079997
0.3268533902680544
0.32685276796588414
0.32685276796588414
0.32685276796588414
0.32685331551016994
0.32687808586756706
0.32685331551016994
0.32685276796588414
0.32685276796588414
0.8912240674011968
0.32685331551016994
0.32685331551016994
0.32685331551016994
0.3268526932079997
0.3268533902680544
0.7957371859598362
0.32786549821816713
0.326911587732585
0.7960346074965317
0.3268533902680544
0.3268533902680544
0.79605922833816
0.3268526932079997
0.32685276796588414
0.32685276796588414
0.3268533902680544
0.3268526932079997
0.32685276796588414
0.32685276796588414
0.32685331551016994
0.32685331551016994
0.3269108906725303
0.32685276796588414
0.3268526932079997
0.34656709405584973
0.3268533902680544
0.32685276796588414
0.3268533902680544
0.3268533902680544
0.7891001236862166
0.5239049676172
0.3268533902680544
0.3268526932079997
0.32685276796588414
0.32685331551016994
1.4414505322587012
0.3268533902680544
0.32685276796588414
0.32685276796588414
0.3268533902680544
0.3268533902680544
0.32685276796588414
0.32685276796588414
0.327923148138412
0.32685276796588414
0.3268533902680544
0.32685331551016994
0.32685276796588414
0.32685276796588414
0.5238745103502453
0.3268526932079997
0.3268526932079997
0.32685276796588414
0.3268533902680544
0.3268533902680544
0.32685331551016994
0.3268533902680544
0.32685276796588414
0.3268526932079997
0.3268526932079997
0.7243559098177182
0.32685331551016994
0.32685276796588414
0.3268526932079997
0.3268533902680544
0.326911587732585
0.3268533902680544
0.3268526932079997
0.3268533902680544
0.8912329417586258
0.3268533902680544
0.3268526932079997
0.326911587732585
0.8912250209908006
0.32685276796588414
0.5668296562675345
0.3285886732442594
0.32685276796588414
0.3268533902680544
0.32685276796588414
0.3268533902680544
0.3268533902680544
0.32685276796588414
0.3268533902680544
0.32685276796588414
0.32685276796588414
0.3268533902680544
0.32685276796588414
0.32685276796588414
0.8912319881690218
0.3268526932079997
0.3268533902680544
0.32685276796588414
0.32685276796588414
0.3268526932079997
0.32685276796588414
0.3268526932079997
0.3268533902680544
0.32685276796588414
0.34656709405584973
0.32685331551016994
1.4511109907795177
0.3268533902680544
0.3268533902680544
0.32685331551016994
0.32685331551016994
0.3268533902680544
0.3268526932079997
0.5239049676172
1.4414395809566978
0.32685276796588414
0.3268533902680544
0.3268526932079997
1.4420373823992958
0.32691096543041476
0.33813005462214
0.32685276796588414
0.3269108906725303
0.32685276796588414
0.3268533902680544
0.9505628202678036
0.3268526932079997
0.32685276796588414
0.32685276796588414
0.32685276796588414
0.3268526932079997
0.32685276796588414
0.3268533902680544
0.3268533902680544
0.32685276796588414
0.32685276796588414
0.3409196367202917
0.32685276796588414
0.3268533902680544
0.3268526932079997
0.3268526932079997
1.4414519174468279
0.32685276796588414
0.32685276796588414
0.32685276796588414
0.32685276796588414
0.3268526932079997
0.3283978191948042
0.32685276796588414
0.32685276796588414
0.3268533902680544
0.3268533902680544
0.3268533902680544
0.3268533902680544
0.3268533902680544
0.32685331551016994
0.32685276796588414
0.32685276796588414
0.3381313449424327
0.32685276796588414
0.3268533902680544
0.3268533902680544
0.3268526932079997
0.3268533902680544
0.7957641285179022
0.32685276796588414
0.32685276796588414
0.32685276796588414
0.32685276796588414
0.32685276796588414
0.3268533902680544
0.3268533902680544
0.3268526932079997
0.3268533902680544
0.32685276796588414
0.32685276796588414
0.32685276796588414
0.32685331551016994
0.32685276796588414
0.32685331551016994
0.32685276796588414
0.3465497580357172
0.3268533902680544
0.32685276796588414
0.32685331551016994
0.32685331551016994
0.32685276796588414
0.32685276796588414
0.32685276796588414
0.9505548994999785
0.3268526932079997
0.32685276796588414
0.3268533902680544
0.3268526932079997
0.3268526932079997
0.3268526932079997
0.32693628333209773
0.3268533902680544
0.32685276796588414
0.3465845693041081
0.32685331551016994
0.3268533902680544
0.32685331551016994
0.3268533902680544
0.32685331551016994
0.32685276796588414
0.32685276796588414
0.32685276796588414
0.32685276796588414
0.326911587732585
0.32685276796588414
0.32685276796588414
0.3268526932079997
0.32685276796588414
0.32685331551016994
0.3268526932079997
0.3268526932079997
0.32685276796588414
0.32685276796588414
0.3268526932079997
1.4414514960420408
0.32685331551016994
0.32685331551016994
0.3268533902680544
0.32685276796588414
0.3268533902680544
0.3268526932079997
0.32685276796588414
0.3268533902680544
0.32685276796588414
0.32685276796588414
0.3268533902680544
0.32685276796588414
0.32685276796588414
0.3268533902680544
0.3268526932079997
0.3268526932079997
0.3285787369983459
0.3268526932079997
0.32685276796588414
0.32685276796588414
0.5239049676172
0.32685331551016994
0.32685276796588414
0.3268526932079997
0.32685331551016994
0.32691151297470056
0.32685276796588414
0.32685276796588414
0.3268533902680544
0.3268533902680544
0.32685276796588414
0.32685331551016994
0.32685331551016994
0.3268533902680544
0.3268526932079997
0.32685331551016994
0.3268533902680544
0.3268526932079997
0.32685331551016994
0.3268533902680544
0.3268526932079997
0.7957641285179022
0.32685331551016994
0.32685276796588414
0.32685276796588414
0.3268533902680544
0.32685331551016994
0.3268526932079997
0.32685276796588414
0.32685276796588414
0.3268533902680544
0.32685276796588414
0.32685276796588414
0.3268533902680544
0.32685276796588414
0.32685276796588414
0.32685276796588414
0.32784080261865445
0.3268533902680544
0.32685276796588414
0.32685331551016994
0.32685276796588414
0.3268526932079997
0.3268774635653968
0.32685276796588414
0.32685331551016994
0.3268704000491168
0.3268533902680544
0.3268533902680544
0.32685276796588414
0.32685331551016994
0.32685331551016994
0.3268533902680544
0.32685276796588414
0.3268526932079997
0.3268526932079997
0.5668296562675345
0.3268526932079997
0.3268533902680544
0.3268533902680544
0.3268533902680544
0.3268526932079997
1.4511119461553426
0.32685276796588414
0.3268533902680544
0.7957640537600177
0.32685276796588414
0.3268533902680544
0.32685276796588414
0.32860335783997413
0.3268533902680544
0.32685276796588414
0.3268526932079997
0.3268533902680544
0.35478107390622504
0.32685276796588414
0.32685276796588414
0.32685331551016994
0.3268533902680544
0.32685331551016994
0.32685276796588414
0.3268533902680544
0.32685331551016994
0.3268533902680544
0.32685331551016994
0.32685276796588414
0.3471101149403282
0.32685276796588414
0.32685331551016994
0.3268533902680544
0.3268533902680544
0.3268533902680544
0.32860343259785857
0.32685276796588414
0.32685276796588414
0.32685276796588414
0.32685276796588414
0.32685331551016994
0.3268533902680544
0.32691096543041476
0.3268533902680544
0.32685276796588414
0.32685276796588414
0.3268533902680544
0.34656780493948164
0.32685276796588414
0.32685331551016994
0.32685331551016994
0.3283985300784361
0.3268533902680544
0.32685276796588414
0.3268526932079997
0.3268533902680544
0.3268533902680544
0.32685276796588414
0.32839844149697445
0.3268533902680544
0.32685331551016994
0.3268526932079997
0.3268533902680544
0.3297909531360319
0.32685276796588414
0.32685276796588414
0.326911587732585
0.3268533902680544
0.3268533902680544
0.3268526932079997
0.34656780493948164
0.32685331551016994
0.32685276796588414
0.32685276796588414
0.3268526932079997
0.32685276796588414
0.3268526932079997
0.3268704000491168
0.32685276796588414
0.32685276796588414
0.329773868597085
0.3268533902680544
0.3268526932079997
0.3268533902680544
0.32685276796588414
0.32685331551016994
0.32685276796588414
0.32685276796588414
0.32687808586756706
0.3268526932079997
0.3268704000491168
0.3268533902680544
0.32685276796588414
0.32685331551016994
0.3268533902680544
0.3268533902680544
0.32685276796588414
0.3268526932079997
0.32685331551016994
0.32685276796588414
0.32685276796588414
0.3268533902680544
0.32685276796588414
0.32685276796588414
0.32685276796588414
0.3268533902680544
0.3268526932079997
0.32685276796588414
0.32839844149697445
0.3268533902680544
0.32685276796588414
0.3268533902680544
0.32685276796588414
0.3268526932079997
0.3268533902680544
0.3268533902680544
0.33853762193752435
1.4420378049410665
0.3268533902680544
0.32685276796588414
0.3268526932079997
0.32685276796588414
0.3268533902680544
0.3268533902680544
0.32691096543041476
0.3268703252912324
0.3268526932079997
0.3268533902680544
0.3268533902680544
0.32685276796588414
0.3268533902680544
0.32685276796588414
0.32741374717266536
0.3268533902680544
0.3268704000491168
0.3268533902680544
0.3268533902680544
0.3268533902680544
0.32685276796588414
0.3268533902680544
0.32922477174485354
0.32685331551016994
0.32884362495678165
0.3268526932079997
0.3268526932079997
0.32685331551016994
0.32685331551016994
0.3268526932079997
0.7957641285179022
0.32685276796588414
0.32685331551016994
0.32685276796588414
0.32685276796588414
0.3268526932079997
0.32685276796588414
0.32685331551016994
0.3268533902680544
0.32685331551016994
0.32685276796588414
0.32685331551016994
0.32685276796588414
0.32685276796588414
0.3268526932079997
0.32685276796588414
0.3268533902680544
0.3547412055849818
0.32691096543041476
0.32685276796588414
0.32685276796588414
0.3547235735017491
0.3268533902680544
1.5571483482429058
0.3268526932079997
0.326911587732585
0.3268533902680544
0.32685331551016994
1.4414514960420408
0.3268533902680544
0.3268533902680544
0.32685276796588414
0.32685276796588414
0.9504594396517244
0.32685331551016994
0.32685276796588414
0.3268533902680544
0.3268526932079997
0.32685276796588414
0.3268533902680544
0.3268533902680544
0.3268533902680544
0.3268533902680544
0.3268526932079997
0.32685276796588414
0.32685331551016994
0.3268533902680544
0.32685276796588414
0.32685276796588414
0.3268526932079997
0.32685276796588414
0.32685276796588414
0.8912250209908006
0.32685276796588414
0.3268533902680544
0.32685331551016994
0.32685276796588414
0.3268526932079997
0.32685331551016994
0.32685276796588414
