0.35472295119957886
0.32685276796588414
0.32685276796588414
0.32685276796588414
0.32685276796588414
0.3268533902680544
0.32685276796588414
0.32685276796588414
0.32685276796588414
0.32685276796588414
0.7957641285179022
0.32685276796588414
0.3268526932079997
0.32839915238060635
0.32685276796588414
0.32685276796588414
0.32685276796588414
0.32685276796588414
0.32685276796588414
0.32685276796588414
0.3268774635653968
0.3471101896982126
0.32685276796588414
0.32685276796588414
0.32685276796588414
0.3285787369983459
0.32685276796588414
0.32685276796588414
0.32685276796588414
0.7307549815294871
0.32685276796588414
0.32685276796588414
0.3285787369983459
0.32685276796588414
0.32685276796588414
0.32685276796588414
0.3471101896982126
0.32685276796588414
0.32685276796588414
0.32685276796588414
0.32685276796588414
0.32685276796588414
0.32685276796588414
0.32685276796588414
0.32685276796588414
0.32685276796588414
0.32685276796588414
0.32685276796588414
0.32685276796588414
0.3268526932079997
0.3268526932079997
0.3268709475934026
0.32685276796588414
0.32685276796588414
0.32685276796588414
0.32685276796588414
0.32685276796588414
0.3268526932079997
0.32685276796588414
0.3268526932079997
0.32685276796588414
0.32685276796588414
0.32685276796588414
0.3268526932079997
0.32685276796588414
0.32685276796588414
0.3268533902680544
0.4242862872293302
0.33909860114430557
0.32685276796588414
0.3268526932079997
0.32685276796588414
0.32685276796588414
0.32685276796588414
0.32685276796588414
0.32685276796588414
0.32685276796588414
0.32685276796588414
0.5239048928593155
0.32685276796588414
0.32685276796588414
0.7960077396963502
0.32685276796588414
0.32685276796588414
0.3268526932079997
0.32685276796588414
0.3268533902680544
0.32685276796588414
0.32685276796588414
0.32685276796588414
0.32685276796588414
0.32685276796588414
0.3268533902680544
0.3268533902680544
0.32685276796588414
0.32685276796588414
0.32685276796588414
0.32685276796588414
0.32685276796588414
0.32685276796588414
0.32685276796588414
0.3268533902680544
0.32685276796588414
0.32685276796588414
0.32685276796588414
0.32685276796588414
0.32685276796588414
0.32685276796588414
0.32685276796588414
0.32685276796588414
0.3268533902680544
0.5238745103502453
0.32685276796588414
0.32685276796588414
0.3297909531360319
0.5669675786348868
0.32685276796588414
0.32685276796588414
0.32685276796588414
0.32685276796588414
0.32685276796588414
0.3268526932079997
0.32922477174485354
0.3268533902680544
0.32685276796588414
0.32685276796588414
0.32685276796588414
0.32685276796588414
0.32685276796588414
0.32685276796588414
0.32685276796588414
0.3268533902680544
0.32685276796588414
0.32685276796588414
0.32922477174485354
0.32685276796588414
0.5668293099749976
0.32685276796588414
0.3268526932079997
0.32685276796588414
0.32685276796588414
0.32685276796588414
0.32685276796588414
0.5668293099749976
0.32685276796588414
0.3385375471796399
0.4250177629522176
0.3268533902680544
0.3385622427791526
0.32685276796588414
0.32685276796588414
0.3268533902680544
0.3268526932079997
0.32685276796588414
0.3268533902680544
0.32685276796588414
0.32685276796588414
0.3268533902680544
0.32685276796588414
0.32685276796588414
0.3268526932079997
0.32685276796588414
0.32685276796588414
0.328957509480115
0.7888224282066283
0.32685276796588414
0.32685276796588414
0.32685276796588414
0.3268533902680544
0.32685276796588414
0.7957887493595304
0.32685276796588414
0.32685276796588414
0.328957509480115
0.32685276796588414
0.3268533902680544
0.3268533902680544
0.32685276796588414
0.32685276796588414
0.32685276796588414
0.32685276796588414
0.32685276796588414
0.32685276796588414
0.32685276796588414
0.32685276796588414
0.3268526932079997
0.32685276796588414
0.5668293099749976
0.32685276796588414
0.3268533902680544
0.3268533902680544
0.32685276796588414
0.32685276796588414
0.3269108906725303
0.32685276796588414
0.32685276796588414
0.3268526932079997
0.3385388374999326
0.32685276796588414
0.32685276796588414
0.3284013090390343
0.32685276796588414
0.32685276796588414
0.32685276796588414
0.32685276796588414
0.32691096543041476
0.3268533902680544
0.32685276796588414
0.32685276796588414
0.32685276796588414
0.32685276796588414
0.32685276796588414
0.32685276796588414
0.32685276796588414
0.32685276796588414
0.3268526932079997
0.32685276796588414
0.32685276796588414
0.32685276796588414
0.32685276796588414
0.32685331551016994
0.32685276796588414
0.32685276796588414
0.3268526932079997
0.32685276796588414
0.32685276796588414
0.32685276796588414
0.32685276796588414
0.32685276796588414
0.32685276796588414
0.3268533902680544
0.32685276796588414
0.32693566102992744
0.32685276796588414
0.3268526932079997
0.32685276796588414
0.3268526932079997
0.3547228764416944
0.32685276796588414
0.32784025507436865
0.32685276796588414
0.32685276796588414
0.32685276796588414
0.32685276796588414
0.32685276796588414
0.32685276796588414
0.32685276796588414
0.32685276796588414
1.4414401221982664
0.32685276796588414
0.32685276796588414
0.32685276796588414
0.32685276796588414
0.5239049676172
0.32685276796588414
0.32685276796588414
0.32685276796588414
0.3268526932079997
0.32685276796588414
0.32685276796588414
0.32685276796588414
0.3268533902680544
0.32685276796588414
0.32685276796588414
0.32685276796588414
0.32685276796588414
0.3285787369983459
0.32685276796588414
1.4414401221982664
0.32685276796588414
0.5535227430530666
0.32685276796588414
0.32685276796588414
0.32685276796588414
0.4251678298421438
0.32685276796588414
0.3278408773765389
0.32685276796588414
0.32685276796588414
0.32685276796588414
0.3268533902680544
0.3292246969869691
0.32685276796588414
0.32685276796588414
0.32685276796588414
0.32693566102992744
0.32685276796588414
0.553522817810951
0.32685276796588414
0.32685276796588414
0.32685276796588414
0.32685276796588414
0.3268526932079997
0.32685276796588414
0.3297909531360319
0.32685276796588414
0.32685276796588414
0.3268526932079997
0.32685276796588414
0.32685276796588414
0.32685276796588414
0.3268526932079997
0.32685276796588414
0.32685276796588414
0.32685276796588414
0.3268533902680544
0.32685276796588414
0.32685276796588414
0.32685276796588414
0.32685276796588414
0.3268526932079997
0.32685276796588414
0.32685276796588414
0.32685276796588414
0.553522817810951
0.32685276796588414
0.32685276796588414
0.32685276796588414
0.32685276796588414
0.32685276796588414
0.32685276796588414
0.3268526932079997
0.32685276796588414
0.32685276796588414
0.32685276796588414
0.32685276796588414
0.3268526932079997
0.3268526932079997
0.32685276796588414
1.4414401221982664
0.32685276796588414
0.32685276796588414
0.7957641285179022
0.5668306098571383
0.32685276796588414
0.5239049676172
1.4414401221982664
1.4414405447400374
0.32685276796588414
0.3268533902680544
0.3268533902680544
0.32685276796588414
0.32685276796588414
0.3268533902680544
0.32693566102992744
0.32685276796588414
0.3268526932079997
0.32685276796588414
0.3268526932079997
0.32685276796588414
0.3292494673443662
0.32685276796588414
0.3268533902680544
0.32685276796588414
0.34654913573354695
0.8187862283772647
0.32685276796588414
0.32685276796588414
0.3268526932079997
0.32685276796588414
0.32685276796588414
0.7960077396963502
1.4196435739091426
0.3268774635653968
0.32685276796588414
0.32685276796588414
0.32685276796588414
0.32685276796588414
0.32685276796588414
0.3268526932079997
0.32685276796588414
0.3268533902680544
0.3268533902680544
0.32685276796588414
0.3471101896982126
0.32685276796588414
0.34654913573354695
0.32685276796588414
0.32685276796588414
0.3268533902680544
0.32685276796588414
0.3268526932079997
0.32685276796588414
0.3268704000491168
0.3381294323199697
0.32685276796588414
0.32685276796588414
0.3268533902680544
0.32685276796588414
0.32685276796588414
0.32685276796588414
0.3268533902680544
0.7960324352958629
0.3268526932079997
0.32685276796588414
0.32685276796588414
0.32685276796588414
0.3268533902680544
0.32685276796588414
0.32685276796588414
0.32685276796588414
0.3268704000491168
0.3268533902680544
0.32685276796588414
0.32685276796588414
0.3465490609756625
0.3268533902680544
0.32685276796588414
0.32685276796588414
0.32685276796588414
0.32685276796588414
0.3268533902680544
0.32685276796588414
0.8603753585696362
0.32685276796588414
0.3268526932079997
0.32685276796588414
0.32685276796588414
0.32685276796588414
0.32685276796588414
0.3268526932079997
0.32685276796588414
0.32685276796588414
0.3268533902680544
0.32685276796588414
0.3268526932079997
0.7960346074965317
0.32685276796588414
0.32685276796588414
0.32685276796588414
0.3285887480021438
0.32685276796588414
0.3268533902680544
0.32685276796588414
0.32685276796588414
0.32685276796588414
0.32685276796588414
0.32685276796588414
0.3268526932079997
0.32685276796588414
0.32685276796588414
0.32685276796588414
0.32685276796588414
0.32693566102992744
0.32685276796588414
0.7976304785020141
0.32685276796588414
0.32685276796588414
0.32685276796588414
0.4250177629522176
1.4414401221982664
0.32685276796588414
0.32685276796588414
0.32685276796588414
0.32685276796588414
0.32685276796588414
0.32685276796588414
0.32685276796588414
0.3268526932079997
0.32685276796588414
1.4196445376924822
0.32685276796588414
0.32685276796588414
0.32685276796588414
0.3268526932079997
0.3268526932079997
0.32685276796588414
0.32685276796588414
0.3471101896982126
0.32685276796588414
0.328957509480115
1.3968609321213592
0.32685276796588414
0.32685276796588414
0.3268526932079997
0.32685276796588414
0.32685276796588414
0.32685276796588414
0.3285787369983459
0.32685276796588414
0.32685276796588414
0.32685276796588414
0.32685276796588414
0.32685276796588414
0.32685276796588414
0.32784025507436865
0.32685276796588414
0.32685276796588414
0.3268526932079997
0.32685276796588414
0.32685276796588414
0.32685276796588414
0.32685276796588414
0.32685276796588414
0.32685276796588414
0.32685276796588414
0.32685276796588414
0.32685276796588414
0.3268533902680544
0.32685276796588414
0.3268526932079997
0.32685276796588414
0.32685276796588414
0.7957641285179022
0.32685276796588414
0.32685276796588414
0.3268533902680544
0.5535227430530666
0.3268526932079997
0.553522817810951
0.32685276796588414
0.51776567815895
0.32685276796588414
0.3268526932079997
0.32685276796588414
0.32685276796588414
0.32685276796588414
0.3268526932079997
0.32685276796588414
0.5822693060927726
0.32685276796588414
0.32685276796588414
0.3471101896982126
0.32685276796588414
0.32685276796588414
0.3268533902680544
0.42321893581612224
0.32685276796588414
0.32685276796588414
0.3274138219305498
0.32685276796588414
0.32685276796588414
0.32685276796588414
0.32685276796588414
0.32685276796588414
0.32685276796588414
0.3274138219305498
0.32685276796588414
0.32685276796588414
0.32685276796588414
0.32685276796588414
0.3268533902680544
0.3268526932079997
0.32685276796588414
0.3268526932079997
0.3268526932079997
0.3268526932079997
0.3268526932079997
0.32685276796588414
0.32685276796588414
0.3268533902680544
0.3297909531360319
0.32784080261865445
0.3268533902680544
0.3283985300784361
0.32685276796588414
0.32685276796588414
0.32685276796588414
1.4414401221982664
0.32685276796588414
0.3274138219305498
0.32685276796588414
0.32685276796588414
0.32685276796588414
0.32784025507436865
0.32685276796588414
0.3268533902680544
0.32685276796588414
0.3268526932079997
0.32685276796588414
0.32685276796588414
0.32685276796588414
0.32685276796588414
0.32685276796588414
0.3268774635653968
0.5239049676172
0.3268533902680544
0.32685276796588414
0.32685276796588414
0.4250177629522176
0.32922477174485354
0.32685276796588414
0.32685276796588414
0.32685276796588414
0.32685276796588414
0.3268533902680544
0.32685276796588414
0.32685276796588414
0.5822857782656177
0.32685276796588414
0.32685276796588414
0.32685276796588414
0.3268526932079997
0.7957641285179022
0.3268533902680544
0.32685276796588414
0.32685276796588414
0.32685276796588414
0.32685276796588414
0.3285787369983459
0.32685276796588414
0.5239049676172
0.3405014360989392
0.32685276796588414
0.32685276796588414
0.32685276796588414
0.3268774635653968
0.32685276796588414
0.3268526932079997
0.32685276796588414
0.32685276796588414
0.32685276796588414
0.32685276796588414
0.32685276796588414
0.32685276796588414
0.32685276796588414
0.32685276796588414
0.32685276796588414
0.32685276796588414
0.3268526932079997
0.32685276796588414
0.32685276796588414
0.553522817810951
0.32685276796588414
0.32685276796588414
0.3268704000491168
0.3268533902680544
0.32685276796588414
0.32685276796588414
0.32685276796588414
0.7957640537600177
0.32685276796588414
0.5238745103502453
0.32685276796588414
0.32685276796588414
0.4250177629522176
0.32685276796588414
0.3268526932079997
0.32685276796588414
0.32685276796588414
0.4556892864057357
0.32685276796588414
0.32685276796588414
0.32685276796588414
0.32685276796588414
0.3268526932079997
0.8917922729508803
0.424502549557169
0.32685276796588414
0.32685276796588414
0.3471101896982126
0.32685276796588414
0.32685276796588414
0.32685276796588414
0.553522817810951
0.32685276796588414
0.3268526932079997
0.3268526932079997
0.32685276796588414
0.3268533902680544
0.32685276796588414
0.3268526932079997
0.7957641285179022
0.32741374717266536
0.32685276796588414
0.32685276796588414
0.32685276796588414
0.3268526932079997
0.32685276796588414
0.32685276796588414
0.3292494673443662
0.32685276796588414
0.32685276796588414
0.32685276796588414
0.3268704000491168
0.32685276796588414
0.32685276796588414
0.32685276796588414
0.32685276796588414
0.3297909531360319
0.32685276796588414
0.32685276796588414
0.32685276796588414
0.32685276796588414
0.32685276796588414
0.3268526932079997
0.3268533902680544
0.553522817810951
0.32685276796588414
0.32685276796588414
0.32685276796588414
0.32685276796588414
0.32685276796588414
0.32685276796588414
0.32685276796588414
0.3268533902680544
0.3268526932079997
0.3268526932079997
0.7976551741015268
0.32685276796588414
0.3268774635653968
0.32685276796588414
0.32685276796588414
0.32685276796588414
0.32784025507436865
0.5535227430530666
0.3268526932079997
0.32685276796588414
0.32685276796588414
0.32685276796588414
0.32685276796588414
0.3268526932079997
0.3285887480021438
0.32685276796588414
0.32685276796588414
0.32685276796588414
0.32685276796588414
0.32685276796588414
0.5669675786348868
0.3268526932079997
0.32685276796588414
0.7960323605379784
0.32685276796588414
0.32685276796588414
0.32685276796588414
0.32685276796588414
0.32685276796588414
0.3285787369983459
0.32685276796588414
0.5924470070681134
0.3268533902680544
0.3268526932079997
0.32685276796588414
0.32685276796588414
0.3268526932079997
0.3297732462949148
0.32685276796588414
0.32685276796588414
0.32685276796588414
0.32685276796588414
0.3268526932079997
0.32685276796588414
0.32685276796588414
0.32685276796588414
0.32685276796588414
0.32685276796588414
0.32685276796588414
0.32685276796588414
0.3268533902680544
0.32685276796588414
0.3268526932079997
0.32685276796588414
0.32685276796588414
0.3268773888075124
0.32685276796588414
0.32685276796588414
0.3268533902680544
0.32685276796588414
0.32685276796588414
0.3268533902680544
0.32685276796588414
0.32685276796588414
0.32685276796588414
0.32685276796588414
0.35472295119957886
0.32685276796588414
0.32685276796588414
0.32685276796588414
0.3466325763418761
0.32685276796588414
0.32685276796588414
0.32685276796588414
0.32685276796588414
0.3268526932079997
0.5239049676172
0.3268526932079997
0.32685276796588414
0.32685276796588414
0.32685276796588414
0.32685276796588414
0.32685276796588414
0.32685276796588414
0.32685276796588414
0.3268533902680544
0.32685276796588414
0.3268526932079997
0.32685276796588414
0.3268526932079997
0.32685276796588414
0.32685276796588414
0.32685276796588414
0.32685331551016994
0.3268533902680544
0.32685276796588414
0.32685276796588414
0.3268526932079997
1.4196445376924822
0.3268533902680544
0.32685276796588414
0.32685276796588414
0.32685276796588414
0.3268526932079997
0.3268526932079997
1.4414514960420408
0.32685276796588414
0.32685276796588414
0.7960346074965317
0.32685276796588414
0.32685276796588414
0.3268533902680544
0.32685276796588414
0.32685276796588414
0.32685276796588414
0.32685276796588414
0.3268526932079997
0.32685276796588414
0.32685276796588414
0.3547228764416944
0.32685276796588414
0.32685276796588414
0.32685276796588414
0.3283985300784361
0.32685276796588414
0.3297909531360319
0.32685276796588414
0.32685276796588414
0.3292347827486515
0.7957641285179022
0.32685276796588414
0.32685276796588414
0.32685276796588414
0.32685276796588414
0.32685276796588414
0.32685276796588414
0.32685276796588414
0.32685276796588414
0.3268533902680544
0.4556374785148568
0.3268533902680544
0.32685276796588414
0.3297733210527992
0.32685276796588414
0.32685276796588414
1.4414401221982664
0.3268526932079997
0.32685276796588414
0.7960346074965317
0.32685276796588414
0.32685276796588414
0.32685276796588414
0.32685276796588414
0.3547228764416944
0.3268526932079997
0.32685276796588414
0.3292347827486515
0.34654913573354695
0.32685276796588414
0.32685276796588414
0.3268526932079997
0.35472295119957886
0.32685276796588414
0.35472295119957886
0.3646409538548768
0.32685276796588414
0.32685276796588414
0.32685276796588414
0.32685276796588414
0.3268526932079997
0.32685276796588414
0.32685276796588414
0.32685276796588414
0.32685276796588414
0.32685276796588414
0.32685276796588414
0.32685276796588414
0.3268533902680544
0.32685276796588414
0.35067200026716827
0.32685276796588414
0.32685276796588414
0.3297733210527992
0.32685276796588414
0.3385375471796399
0.32685276796588414
0.32685276796588414
0.3268533902680544
0.32685276796588414
0.32685276796588414
0.586837846270554
0.32685276796588414
0.5239049676172
0.32685276796588414
0.32685276796588414
0.553522817810951
0.32685276796588414
0.32685276796588414
0.32685276796588414
0.32685276796588414
0.32685276796588414
0.32685276796588414
0.32685276796588414
0.35472295119957886
0.7957641285179022
0.32685276796588414
0.32685276796588414
0.32685276796588414
0.32685276796588414
0.3268533902680544
0.3268526932079997
0.32685276796588414
0.32685276796588414
0.4556679357818114
0.32685276796588414
0.3268526932079997
0.32685276796588414
0.32685276796588414
0.32685276796588414
0.32685276796588414
0.32685276796588414
0.4250177629522176
0.32685276796588414
0.3268533902680544
0.3506727111508001
0.32685276796588414
0.32693628333209773
0.3268533902680544
0.32685276796588414
0.32685276796588414
0.3274138219305498
0.32784025507436865
0.32685276796588414
0.4242869981129621
0.32685276796588414
0.32685276796588414
0.42501705206858575
0.32685276796588414
0.32685276796588414
0.7960346074965317
0.3285886732442594
0.32741444423272004
0.32685276796588414
0.3385375471796399
0.3268526932079997
0.3268533902680544
0.32685276796588414
0.32685276796588414
0.32685276796588414
0.32685276796588414
0.34654913573354695
0.32685276796588414
0.32685276796588414
0.32685276796588414
0.32685276796588414
0.32685276796588414
0.32786495067388133
0.32685276796588414
0.32685276796588414
0.32685276796588414
0.32685276796588414
0.32685276796588414
1.4414401221982664
0.5470898604609309
0.3268526932079997
0.32685276796588414
0.32685276796588414
0.3385375471796399
0.3268533902680544
0.553522817810951
0.33853762193752435
0.3297909531360319
0.32685276796588414
0.3283985300784361
0.32685276796588414
0.3268526932079997
0.3268533902680544
0.32685276796588414
0.32685276796588414
0.32685276796588414
0.32685276796588414
0.3268526932079997
0.3268533902680544
0.32685276796588414
0.3268526932079997
0.32741444423272004
0.32685276796588414
0.32685276796588414
0.32685276796588414
0.32685276796588414
0.32685276796588414
0.32685276796588414
0.3268533902680544
0.32685276796588414
0.3268526932079997
0.32685276796588414
0.32685276796588414
0.32685276796588414
0.32685276796588414
0.32685276796588414
0.32685276796588414
0.3268526932079997
