0.5716210107111063
0.3268533902680544
0.3268533902680544
0.4242862872293302
0.3268533902680544
0.3547228764416944
0.32685331551016994
0.32685331551016994
0.3268533902680544
0.3268533902680544
0.32685331551016994
0.32867156630830274
0.32685331551016994
0.3402735272158996
0.32685331551016994
0.32687102235128707
0.5668461284403795
0.3268533902680544
0.32685331551016994
0.3268533902680544
0.891386388429702
0.3268533902680544
0.32685276796588414
0.3268533902680544
0.32685276796588414
0.3268533902680544
0.3268533902680544
0.3268533902680544
0.35472349874386466
0.3268533902680544
0.3268533902680544
0.3268533902680544
0.3268533902680544
0.3268533902680544
0.3268533902680544
0.42313020836465953
0.5238745103502453
0.3268533902680544
0.32685331551016994
0.3268533902680544
0.3268533902680544
0.32923470799076704
0.3268704000491168
0.3268533902680544
0.3268533902680544
0.3268533902680544
0.3268533902680544
0.3268533902680544
0.32685276796588414
0.3268533902680544
0.32784025507436865
0.3268533902680544
0.3268533902680544
0.3268533902680544
0.3268533902680544
0.3268533902680544
0.3268533902680544
0.32685331551016994
0.32685331551016994
0.3268533902680544
1.4414505322587012
0.3268533902680544
0.3268533902680544
0.3268533902680544
0.3268533902680544
0.3268533902680544
0.32685331551016994
0.3268533902680544
0.3268533902680544
0.3268533902680544
0.3268533902680544
0.32685331551016994
0.36464157615704706
0.3268533902680544
0.32685331551016994
0.3268533902680544
0.3268533902680544
0.3268533902680544
0.3274143694748356
0.32685331551016994
0.32685276796588414
0.32685331551016994
0.3268533902680544
0.3268533902680544
1.419655066452715
0.3268533902680544
0.3268533902680544
0.32685331551016994
0.3268533902680544
0.3268533902680544
0.3268533902680544
0.32685276796588414
0.3268526932079997
0.3268533902680544
0.32685331551016994
0.3268533902680544
0.32685331551016994
0.32685331551016994
0.32685276796588414
0.553492285786112
0.3285887480021438
0.3268533902680544
0.32784080261865445
0.3381299798642556
0.5668296562675345
0.3285787369983459
0.3268533902680544
0.32685331551016994
0.32687102235128707
0.3547235735017491
0.32685276796588414
0.3268533902680544
0.3268533902680544
0.3268533902680544
0.3268533902680544
0.32685331551016994
0.32685331551016994
0.32685331551016994
0.3268533902680544
0.33813005462214
0.32685331551016994
0.32685276796588414
0.3268533902680544
0.3643744648792505
0.3268533902680544
0.32685331551016994
0.3268533902680544
0.32687808586756706
0.3268533902680544
0.32693628333209773
0.32685331551016994
0.32685331551016994
0.32687808586756706
0.3268533902680544
0.3268533902680544
1.6051274422177224
0.3268533902680544
0.3268533902680544
0.9510187708439789
0.3268533902680544
0.32685331551016994
0.3268533902680544
0.32922477174485354
0.3268533902680544
0.3269362085742133
0.3268533902680544
0.3268533902680544
0.3268533902680544
0.3268533902680544
0.3268533902680544
0.3292347827486515
0.3268533902680544
0.32685276796588414
0.3268533902680544
0.32685331551016994
0.3268533902680544
0.33856293983920727
0.32741444423272004
0.3268533902680544
0.3268533902680544
0.32839915238060635
0.32977394335496946
0.5719264932795673
0.3268533902680544
0.32786549821816713
0.32685331551016994
0.32685331551016994
0.3268533902680544
0.3268533902680544
0.32685276796588414
0.3268533902680544
0.3268533902680544
0.32685331551016994
0.32685276796588414
0.34711081200038285
0.443943511954351
0.32685276796588414
0.3547235735017491
0.3268533902680544
0.3268533902680544
0.33853816948181015
0.32685331551016994
0.3268526932079997
0.3268533902680544
0.32685331551016994
0.3268533902680544
0.3292347827486515
0.3381293575620853
0.33853945980210276
0.3278408773765389
0.32685331551016994
0.32685331551016994
0.3268533902680544
0.3268533902680544
0.3268533902680544
0.3268533902680544
0.3268533902680544
0.32685331551016994
0.3268533902680544
0.523874435592361
0.3268780111096826
0.3278408773765389
0.3268533902680544
0.3268533902680544
0.32685276796588414
0.32922477174485354
0.32687808586756706
0.3395257313481791
0.3268533902680544
0.32685331551016994
0.32861344360165656
0.3268533902680544
0.32685331551016994
0.3268533902680544
0.32685331551016994
0.5297342864976313
0.3268533902680544
0.3268533902680544
0.3268533902680544
0.3268533902680544
0.32977394335496946
0.3268533902680544
0.3268533902680544
0.32685331551016994
0.32685331551016994
0.3268533902680544
0.32687808586756706
0.34027360197378403
0.523874435592361
0.3268526932079997
0.3268533902680544
0.4242565408460075
0.32685276796588414
0.3268533902680544
0.3268533902680544
0.3268533902680544
0.3268533902680544
0.3268533902680544
0.32685331551016994
0.3268533902680544
0.32685331551016994
1.4414501097169305
0.3385382442396946
0.3268533902680544
0.32685276796588414
0.3268533902680544
0.3268533902680544
0.3547235735017491
0.3268533902680544
0.32685276796588414
0.3268533902680544
0.3268533902680544
0.3268533902680544
0.6740504514784799
0.32685331551016994
0.3268533902680544
0.32687808586756706
0.32685331551016994
0.3268533902680544
0.3268533902680544
0.3268533902680544
0.3268533902680544
0.3268533902680544
0.32685331551016994
0.3268533902680544
0.3268533902680544
0.3274143694748356
0.3268533902680544
0.3268533902680544
0.3268533902680544
0.3268533902680544
0.32685331551016994
1.4406511328762701
0.3268533902680544
0.32913300617106184
0.32685276796588414
0.3268533902680544
0.3465497580357172
0.3268533902680544
0.3268533902680544
0.3268533902680544
0.3268533902680544
0.3268533902680544
0.34711081200038285
0.5822943479848222
0.32685331551016994
0.32685331551016994
0.32685276796588414
0.3268533902680544
0.3268533902680544
0.3385382442396946
0.3268533902680544
0.3268533902680544
0.3268526932079997
0.3268533902680544
0.32685331551016994
0.3268533902680544
0.3268533902680544
0.3268533902680544
0.3268533902680544
0.32685331551016994
0.35472349874386466
0.5239049676172
0.3268533902680544
0.3268533902680544
0.32685331551016994
0.3278408773765389
0.3268533902680544
0.4242869981129621
0.3268533902680544
0.8892141119507246
0.3268533902680544
0.3268533902680544
0.32685331551016994
0.32685331551016994
0.32685276796588414
0.32685331551016994
0.3268533902680544
0.3268526932079997
0.33862044024368326
0.3268533902680544
0.3268533902680544
0.32685331551016994
0.32685331551016994
0.3268533902680544
0.32693628333209773
0.3292347827486515
0.3268533902680544
0.3268533902680544
0.32685331551016994
0.7957372607177207
0.3268533902680544
0.32685331551016994
0.3268533902680544
0.3268709475934026
0.3547235735017491
0.35472349874386466
0.3268533902680544
0.8551465680578594
0.32841600532669446
0.3292347827486515
0.3268533902680544
0.3268533902680544
0.3268533902680544
0.3268533902680544
0.3268533902680544
0.3268533902680544
0.3268533902680544
0.7960593030960443
0.3268533902680544
0.797333131723203
0.523874435592361
0.3268533902680544
0.3278401803164842
0.3268533902680544
0.32685276796588414
0.3268533902680544
0.34654968327783275
0.32685331551016994
0.7957372607177207
0.3268533902680544
0.3268533902680544
0.32685331551016994
0.32685331551016994
0.3268533902680544
0.34977192324768214
0.32685331551016994
0.3268533902680544
0.3268533902680544
0.3268533902680544
0.32685331551016994
0.3268533902680544
0.3268533902680544
0.3268533902680544
0.3268533902680544
0.32685276796588414
0.32685276796588414
0.32685276796588414
0.789075428086704
0.3268533902680544
0.32685276796588414
0.32685276796588414
0.32685276796588414
0.32685331551016994
0.3268526932079997
0.3268533902680544
0.3268533902680544
0.3268533902680544
0.32685331551016994
0.32685331551016994
0.32685276796588414
0.4242565408460075
0.3268533902680544
0.32685331551016994
0.3268533902680544
0.3268533902680544
0.32685276796588414
0.7957372607177207
0.3268533902680544
0.32685276796588414
0.33853816948181015
0.32685331551016994
0.5668306098571383
0.32685331551016994
0.789075428086704
0.32693628333209773
0.32685331551016994
0.3268533902680544
0.32685331551016994
0.3268533902680544
0.3268526932079997
0.3465497580357172
0.3268533902680544
0.3547235735017491
0.32839915238060635
0.3268533902680544
0.3285887480021438
0.7957372607177207
0.5238745103502453
0.3268533902680544
0.3400860882527901
0.32685331551016994
0.3268533902680544
1.4527783808744137
0.32685276796588414
0.32685276796588414
0.3268533902680544
0.3268533902680544
0.3268533902680544
0.3268533902680544
0.32685331551016994
0.3268533902680544
0.3268533902680544
0.33813005462214
0.3268533902680544
0.5238745103502453
0.3268533902680544
0.3268533902680544
0.3268533902680544
0.32687102235128707
0.32784025507436865
0.32685331551016994
0.3268533902680544
0.32685331551016994
0.3268533902680544
0.32741444423272004
0.32685276796588414
0.3268709475934026
0.7957372607177207
0.3268533902680544
0.3268526932079997
0.32685276796588414
0.32687808586756706
0.32685331551016994
0.3268533902680544
0.3268533902680544
0.3268533902680544
0.32693628333209773
0.3268533902680544
0.3268533902680544
0.3268533902680544
0.32685331551016994
0.3268533902680544
0.3268533902680544
0.3268533902680544
0.32691151297470056
0.3268533902680544
0.3268533902680544
0.3268533902680544
0.32977394335496946
0.32685331551016994
0.3268533902680544
0.3268533902680544
0.3268533902680544
0.3268533902680544
0.3268533902680544
0.3268533902680544
0.3268533902680544
0.3268533902680544
0.3268533902680544
0.3268533902680544
0.3268533902680544
0.32685331551016994
0.3268533902680544
0.32861344360165656
0.32685331551016994
0.32685331551016994
0.32685331551016994
0.32685276796588414
0.7960324352958629
0.3268533902680544
0.3268533902680544
0.3381299798642556
0.3268533902680544
0.32861344360165656
0.3268533902680544
0.5240900617944523
0.32685331551016994
0.35472349874386466
0.3268533902680544
0.3269362085742133
0.42447209229021443
0.3268533902680544
0.32685331551016994
0.3268533902680544
0.32685331551016994
0.3268533902680544
0.3268533902680544
0.3268533902680544
0.3268533902680544
0.3285886732442594
0.3465497580357172
0.32685331551016994
0.3385382442396946
0.3268533902680544
0.3268533902680544
0.3268533902680544
0.3268526932079997
0.3268533902680544
0.33813005462214
0.3268533902680544
0.32685331551016994
0.3268533902680544
0.32685331551016994
0.3471107372424984
0.3268533902680544
0.326911587732585
0.32685331551016994
0.9752095677351238
0.32685331551016994
0.3268533902680544
0.32685331551016994
0.32685276796588414
0.32693628333209773
0.7957372607177207
0.3268533902680544
0.3274143694748356
0.32784025507436865
0.32685276796588414
0.32685331551016994
0.32685276796588414
0.3268533902680544
0.3292594783481642
1.2962380956051716
0.3268533902680544
0.3268533902680544
1.4414510735002701
0.8912250209908006
0.3268533902680544
0.3268533902680544
0.3268773888075124
0.3268533902680544
0.3268526932079997
0.32685331551016994
0.3268526932079997
0.32693628333209773
0.32685276796588414
0.3297733210527992
0.3268533902680544
0.3268533902680544
0.3268533902680544
0.42498659480163115
0.32685331551016994
0.3385382442396946
0.32786557297605157
0.7957372607177207
0.3465497580357172
0.3268533902680544
0.3268533902680544
0.3268533902680544
0.35472295119957886
0.32741374717266536
0.3268533902680544
0.32842384798011903
0.3268533902680544
0.3268533902680544
0.3268526932079997
0.32685331551016994
0.3268533902680544
0.32741444423272004
0.3268533902680544
0.3547235735017491
0.8912250209908006
0.33853816948181015
0.33813005462214
0.3268533902680544
0.32685331551016994
0.3268533902680544
0.32687808586756706
0.3268533902680544
1.4172851184604034
0.3268533902680544
0.3268533902680544
0.32685331551016994
0.3268533902680544
0.3268533902680544
0.3268533902680544
0.32685331551016994
0.3268533902680544
0.32685276796588414
0.3547235735017491
0.3268533902680544
0.3268533902680544
1.4414514960420408
0.3268533902680544
0.32685276796588414
0.3268533902680544
0.34711081200038285
0.32693566102992744
1.4414501097169305
0.3268533902680544
0.3268533902680544
0.3268533902680544
0.3547235735017491
0.3268533902680544
0.32685331551016994
0.3268533902680544
0.3268533902680544
0.32784080261865445
0.3268533902680544
0.32979157543820214
0.32685331551016994
0.3268533902680544
0.32685331551016994
0.32685276796588414
0.32685331551016994
0.3268533902680544
0.3268533902680544
0.3268533902680544
0.3268533902680544
0.3268533902680544
0.32685331551016994
0.3381299798642556
0.3268533902680544
0.5238745103502453
0.32685331551016994
0.3268533902680544
0.32685331551016994
0.3268533902680544
0.3268533902680544
0.3268533902680544
0.3268533902680544
0.32685331551016994
0.32685331551016994
0.32685331551016994
0.3268526932079997
0.3268533902680544
0.3268533902680544
0.32839915238060635
1.4414510735002701
0.3268533902680544
0.3268533902680544
0.3268526932079997
0.3268533902680544
0.3268533902680544
0.32685331551016994
0.32685331551016994
0.3268533902680544
0.3268533902680544
1.4414401221982664
1.417286082243743
0.3268533902680544
0.32685276796588414
0.553492285786112
0.34978963008879926
0.32685331551016994
0.3268533902680544
0.3268533902680544
0.3268533902680544
0.32685331551016994
0.3268533902680544
0.3381299798642556
0.5246080086260372
0.3268533902680544
0.3268533902680544
0.33853816948181015
0.3278408773765389
0.34654968327783275
0.3268533902680544
0.32685331551016994
0.3268533902680544
0.5668306098571383
0.3381294323199697
0.3268533902680544
0.3285787369983459
0.33853945980210276
0.3274320763159527
0.3268533902680544
0.8912240674011968
0.32687808586756706
0.3268533902680544
0.3465497580357172
0.32685276796588414
0.32685331551016994
0.3268533902680544
0.32687102235128707
0.3268533902680544
0.3268533902680544
0.3268533902680544
0.32687808586756706
0.3268533902680544
0.3268533902680544
0.32685276796588414
0.32685276796588414
0.3268533902680544
0.3292594035902798
0.3268526932079997
0.3268533902680544
0.3268533902680544
0.32693628333209773
0.32685331551016994
0.3268533902680544
0.3268533902680544
0.32685276796588414
0.3268533902680544
0.3268533902680544
0.3268533902680544
0.3268533902680544
0.3268533902680544
0.32685331551016994
0.3268533902680544
0.32685331551016994
0.3268533902680544
0.3268533902680544
0.3268526932079997
0.3268533902680544
0.32687808586756706
0.3268533902680544
0.32685276796588414
0.3268533902680544
0.3285887480021438
0.4242869981129621
0.9510187708439789
0.3268533902680544
0.3268533902680544
0.3268533902680544
0.3268533902680544
0.3268526932079997
0.32685331551016994
0.8912250209908006
0.3268704000491168
0.3268526932079997
0.3268533902680544
0.3268533902680544
0.42498730568526305
0.32685331551016994
0.3274391398322327
0.7957372607177207
0.3285887480021438
0.3268533902680544
0.3268533902680544
0.3268533902680544
0.3385382442396946
0.3268533902680544
0.3268533902680544
0.3268533902680544
0.3268533902680544
0.33813005462214
0.32685331551016994
0.32685331551016994
0.32979157543820214
0.3385382442396946
0.3268533902680544
0.3268533902680544
0.3268533902680544
0.3268533902680544
0.3268533902680544
0.3381294323199697
0.3268533902680544
0.3268533902680544
0.3268526932079997
0.3268533902680544
0.3268533902680544
0.32922477174485354
0.32839915238060635
0.32685331551016994
0.32685331551016994
0.3268533902680544
0.3268533902680544
0.3274143694748356
0.3268533902680544
0.3268533902680544
0.3268533902680544
0.3268533902680544
0.3268533902680544
0.3268533902680544
0.3268533902680544
0.32977394335496946
0.32685331551016994
0.32685331551016994
0.3268533902680544
0.3268526932079997
0.5821323373150242
0.32685276796588414
0.3268533902680544
0.32685331551016994
0.7957619563172333
0.3385382442396946
0.3268533902680544
0.3268533902680544
0.3268533902680544
0.3268533902680544
0.3268533902680544
0.32685276796588414
0.3268533902680544
0.3268533902680544
0.3268533902680544
0.3268533902680544
0.5668306098571383
0.32685331551016994
0.3268533902680544
0.32685331551016994
0.3268533902680544
0.32685331551016994
0.3268533902680544
0.33813005462214
0.3285887480021438
0.3268533902680544
0.3268533902680544
0.32687102235128707
0.3268533902680544
0.42498730568526305
0.32685331551016994
0.32685331551016994
0.3268533902680544
0.3268533902680544
0.3268533902680544
0.3268533902680544
0.3465497580357172
0.34753733302869727
0.3268533902680544
0.3297915006803177
0.5246079338681527
0.32685331551016994
0.3268533902680544
0.3471101896982126
0.32685331551016994
0.3268533902680544
0.3268533902680544
0.3268533902680544
0.32685276796588414
0.32685276796588414
0.8912250209908006
0.3268533902680544
0.3268533902680544
0.32685331551016994
0.3268533902680544
0.3268533902680544
0.5668306098571383
0.32693566102992744
0.32685276796588414
0.32687808586756706
0.3268533902680544
0.3268533902680544
0.3268533902680544
0.3268533902680544
0.3268533902680544
0.32687808586756706
0.32685331551016994
0.3268533902680544
0.3385382442396946
0.32685331551016994
0.3268533902680544
0.32685331551016994
0.8912250209908006
0.3268533902680544
0.3268533902680544
0.3268533902680544
0.3268533902680544
0.3268533902680544
0.5821821923547906
0.3268533902680544
0.3268533902680544
0.3268533902680544
0.3268533902680544
0.3268533902680544
0.3268533902680544
0.3268533902680544
0.3268533902680544
0.3268533902680544
0.3268533902680544
0.3268533902680544
0.32977394335496946
0.32691096543041476
0.3268533902680544
0.3268533902680544
0.32685331551016994
0.3268533902680544
0.523874435592361
0.32685331551016994
0.32685276796588414
0.3268533902680544
0.3268533902680544
0.32685331551016994
0.3268533902680544
0.3268533902680544
0.3285787369983459
0.35472349874386466
0.32741444423272004
0.8912250209908006
0.3268533902680544
0.32685331551016994
0.3381299798642556
0.3268533902680544
0.3268526932079997
0.3268533902680544
0.32685276796588414
0.3268533902680544
0.3268533902680544
0.3268533902680544
0.34711081200038285
0.3268533902680544
0.3268533902680544
0.32685331551016994
0.3268533902680544
0.3268533902680544
0.32685331551016994
0.7310232883074479
0.32685331551016994
0.3268533902680544
0.32784080261865445
0.3268533902680544
0.3268533902680544
0.3268533902680544
0.3268533902680544
0.3268533902680544
0.3268533902680544
0.3268533902680544
0.3268533902680544
0.3268533902680544
0.32685331551016994
0.32685276796588414
0.3268533902680544
0.3268533902680544
0.3268533902680544
0.3268533902680544
0.3268533902680544
0.32685331551016994
0.32685276796588414
0.32685331551016994
1.4414501097169305
0.3268533902680544
0.3268533902680544
0.32685331551016994
0.3268533902680544
0.32685276796588414
0.32687808586756706
0.32685331551016994
0.32977394335496946
0.3268533902680544
0.3268533902680544
0.3268533902680544
0.3268533902680544
0.32685276796588414
0.326911587732585
0.3268533902680544
0.3268533902680544
0.3268533902680544
0.3268533902680544
0.3292594783481642
0.3292347827486515
0.3268533902680544
0.33035262940286786
0.32685276796588414
0.3268533902680544
0.3268533902680544
0.5239049676172
0.3268533902680544
0.3268533902680544
0.3268533902680544
0.3268533902680544
0.5238745103502453
0.3268533902680544
0.3268533902680544
0.32685331551016994
0.3547235735017491
0.3268533902680544
0.3268533902680544
0.32693628333209773
0.3547235735017491
0.3268533902680544
0.32685331551016994
0.32685331551016994
0.3268533902680544
0.3268533902680544
0.3268533902680544
0.32685276796588414
0.3268533902680544
0.3547235735017491
0.3268526932079997
0.3465497580357172
0.3547235735017491
0.32685331551016994
0.3268533902680544
0.8914120376188185
0.32839915238060635
0.32687808586756706
0.34654968327783275
0.3268533902680544
0.32685276796588414
