0.3268533902680544
0.3268526932079997
0.32923470799076704
0.3268533902680544
0.7890929071852577
0.3268533902680544
0.3465497580357172
0.35472349874386466
0.32839915238060635
0.3268533902680544
0.3268533902680544
0.3268533902680544
0.5537078372303189
0.3268533902680544
0.3268533902680544
0.3268533902680544
1.4414510735002701
0.3268533902680544
0.32685331551016994
0.3268533902680544
0.3268533902680544
0.3286469454666745
0.32685331551016994
0.5668306098571383
0.3268533902680544
0.3268533902680544
0.3268533902680544
0.5238745103502453
0.3268533902680544
0.32685331551016994
0.3268533902680544
0.7310232883074479
0.3268533902680544
0.3385382442396946
0.3268780111096826
0.3268533902680544
0.3547228764416944
0.3547235735017491
0.3268533902680544
0.3268533902680544
0.3268533902680544
0.32687102235128707
0.3268533902680544
0.32685331551016994
0.3268533902680544
0.3268533902680544
0.32685331551016994
0.33813005462214
0.7957372607177207
0.32685276796588414
0.32685331551016994
0.32685276796588414
0.32685331551016994
0.3268533902680544
0.3274320763159527
0.3268533902680544
0.32685276796588414
0.3268526932079997
0.3268533902680544
0.5238745103502453
1.4180149002520683
0.3268533902680544
0.32687808586756706
0.3268533902680544
0.32741444423272004
0.3268533902680544
0.3268533902680544
0.32685276796588414
0.3268533902680544
0.34654968327783275
1.4414501097169305
0.32685276796588414
0.35472295119957886
0.32685276796588414
0.3268533902680544
0.7957372607177207
0.3465497580357172
0.3268533902680544
0.32685331551016994
0.3268533902680544
0.3268533902680544
0.3268533902680544
0.34654968327783275
0.32685276796588414
0.32685276796588414
0.32685331551016994
0.32741444423272004
0.32685331551016994
1.4414510735002701
0.3278408773765389
0.3268533902680544
0.32685331551016994
0.5845879953608247
0.3381294323199697
0.3285887480021438
0.32685331551016994
0.32685331551016994
0.3268709475934026
2.1625723216686428
0.3268533902680544
0.3268533902680544
0.32685331551016994
0.6794163165354664
0.3268533902680544
0.3268533902680544
0.4242862872293302
0.32685276796588414
0.42425582996237565
0.32685331551016994
0.5239048928593155
0.3283978191948042
0.3268533902680544
0.32685331551016994
0.32685331551016994
1.4414501097169305
0.3667761116180057
0.3268526932079997
0.3268533902680544
0.42427789146993183
0.32685331551016994
0.7890753533288195
0.3268533902680544
0.32685331551016994
0.32685331551016994
0.3268533902680544
0.3268533902680544
0.32685331551016994
0.3268533902680544
0.32685331551016994
0.3268533902680544
0.3268533902680544
0.32685331551016994
0.32687808586756706
0.3268533902680544
0.3268526932079997
0.3268526932079997
0.32685331551016994
0.3465497580357172
0.3274138219305498
0.3268533902680544
0.3268533902680544
0.7240663558561734
0.3268780111096826
0.797333131723203
0.32685331551016994
0.3268526932079997
0.32741444423272004
0.3268533902680544
0.3268533902680544
0.3268533902680544
0.32685331551016994
0.32784025507436865
0.32687102235128707
0.32685331551016994
0.5668306098571383
1.4414510735002701
0.3268533902680544
0.3268533902680544
0.3268533902680544
0.3465497580357172
0.32784025507436865
0.3268533902680544
0.3268533902680544
0.32685276796588414
0.32685276796588414
0.3268533902680544
0.3268526932079997
0.3268533902680544
0.3268533902680544
0.3268533902680544
0.32685331551016994
0.32685331551016994
0.3268533902680544
0.3268533902680544
0.3274143694748356
0.3268533902680544
0.5537078372303189
0.3268533902680544
0.3268533902680544
0.3268709475934026
0.3285887480021438
0.3268533902680544
0.3539530950804507
0.3268533902680544
0.3268533902680544
0.4242869981129621
0.33856293983920727
0.32685276796588414
0.3268533902680544
0.3385382442396946
0.32786495067388133
0.3278408773765389
0.3268533902680544
0.3268533902680544
0.3268533902680544
0.3268533902680544
1.4420492974846388
0.3268533902680544
0.3268533902680544
0.3268533902680544
0.32685331551016994
0.3268533902680544
0.32685331551016994
0.32685331551016994
0.3268533902680544
0.32860335783997413
0.33813005462214
0.32685331551016994
0.32685331551016994
0.32685276796588414
0.32687808586756706
0.32685331551016994
0.32979157543820214
1.419655488994486
0.3321553358355666
0.7957641285179022
0.32685276796588414
0.32687102235128707
0.3381299798642556
0.32685276796588414
0.3268533902680544
0.3268533902680544
0.3268526932079997
0.32687808586756706
0.5238745103502453
0.3268533902680544
0.3385382442396946
0.8912250209908006
0.3268533902680544
0.33853816948181015
0.3268533902680544
0.3268533902680544
0.3268533902680544
0.3285887480021438
0.3268533902680544
0.3268526932079997
0.3292594783481642
0.3289581317822853
0.3268533902680544
0.32687102235128707
1.4414405447400374
0.3268533902680544
0.3268533902680544
0.5668306098571383
0.3268533902680544
0.3268533902680544
0.3268533902680544
0.32685331551016994
0.32784080261865445
0.3268533902680544
0.32685331551016994
0.3268533902680544
0.32685331551016994
0.3268533902680544
0.34711081200038285
0.3268533902680544
0.3268533902680544
0.3268533902680544
0.32685331551016994
0.32685276796588414
0.3268709475934026
0.3268533902680544
0.3268533902680544
0.3268533902680544
0.3268533902680544
0.3268533902680544
0.3268533902680544
0.3268533902680544
0.32685276796588414
0.32784025507436865
0.32685331551016994
0.3268533902680544
0.3268533902680544
1.4172848314147262
0.3268533902680544
0.32685331551016994
0.3268533902680544
0.3268533902680544
0.3268533902680544
0.3268533902680544
0.3268533902680544
0.3268533902680544
0.3268533902680544
0.3268533902680544
0.3278648759159969
0.3268533902680544
0.3268533902680544
0.3268533902680544
0.3268533902680544
0.32839844149697445
0.32687808586756706
0.3268533902680544
0.3268533902680544
0.3268533902680544
0.3268533902680544
0.32685331551016994
0.3268526932079997
0.32687102235128707
0.3268533902680544
0.3268533902680544
0.3268533902680544
0.5238745103502453
0.32685331551016994
0.32685331551016994
0.3268533902680544
0.3268533902680544
0.3268533902680544
0.32685331551016994
0.3268533902680544
0.3268533902680544
0.3268773888075124
0.3268533902680544
0.3268533902680544
0.3268533902680544
0.3268533902680544
0.3268533902680544
0.5668306098571383
0.553492285786112
0.6638733068721043
0.3268533902680544
0.3288430026546114
1.4414505322587012
0.32687808586756706
0.3268533902680544
0.326911587732585
0.3268533902680544
0.32685331551016994
0.3268533902680544
0.3268533902680544
0.3268533902680544
0.553492285786112
0.35604850799324417
0.3547235735017491
0.3268533902680544
0.3268533902680544
0.32884433584041356
0.3268533902680544
0.7967693478683803
0.32685276796588414
0.3278408773765389
0.3268533902680544
0.32685331551016994
0.3268533902680544
0.32685276796588414
0.32685331551016994
0.3268533902680544
0.3268533902680544
0.32685276796588414
0.9316362912167393
0.3268533902680544
0.3268533902680544
0.3268533902680544
0.32685331551016994
0.3268533902680544
0.3268533902680544
0.3268533902680544
0.32685276796588414
0.5668306098571383
0.3268533902680544
0.32685276796588414
1.4414514960420408
0.3268533902680544
0.3268533902680544
0.3268533902680544
0.3268533902680544
0.3268533902680544
0.3268533902680544
0.3268533902680544
0.3268533902680544
0.3268533902680544
0.32685276796588414
0.3381299798642556
0.32685331551016994
0.3268526932079997
0.32685276796588414
0.32861344360165656
0.3268533902680544
0.6678475560700142
0.3268526932079997
0.3381299798642556
0.3268533902680544
0.3646415013991626
0.32685331551016994
0.32685276796588414
0.32685331551016994
0.32685276796588414
0.32685331551016994
0.3268533902680544
0.3268533902680544
0.3268533902680544
0.3268533902680544
0.3268533902680544
0.3268533902680544
0.3268533902680544
0.3278401803164842
0.7307281884871901
0.32685276796588414
0.32687102235128707
0.3268533902680544
0.3268533902680544
0.3268533902680544
0.33985540135243153
0.3268533902680544
0.3268526932079997
0.7957372607177207
0.3278408773765389
0.32685276796588414
0.4242565408460075
0.32685331551016994
0.32693566102992744
0.32685331551016994
0.3268533902680544
0.3268533902680544
0.3268533902680544
0.3268533902680544
0.32685331551016994
0.32685331551016994
0.3268533902680544
0.5668306098571383
0.3268533902680544
0.3552845527085303
0.3268533902680544
0.32685331551016994
0.4238726998553779
0.8912250209908006
0.32685276796588414
0.3268533902680544
0.3268533902680544
0.32685276796588414
0.7957372607177207
0.3268533902680544
0.3268533902680544
0.6638481474318506
0.3268533902680544
0.3268533902680544
0.3268526932079997
0.326911587732585
0.32685331551016994
0.3268533902680544
0.3268533902680544
0.32685276796588414
0.3268533902680544
0.3297733210527992
0.3268533902680544
0.3268533902680544
0.328957509480115
0.3286368597049921
0.3268526932079997
0.3268533902680544
1.4414510735002701
0.3268533902680544
0.3268526932079997
0.32685331551016994
0.32685331551016994
0.3268533902680544
0.32914301717485983
0.35474819434337734
0.32685276796588414
0.32977394335496946
0.32685331551016994
0.5297646690067014
0.3285887480021438
0.3268533902680544
0.32685276796588414
0.3268533902680544
0.3268533902680544
0.32685331551016994
0.3268533902680544
0.32685331551016994
0.32685331551016994
0.3268533902680544
0.3268533902680544
0.3268533902680544
0.7307281137293056
0.34654913573354695
0.3381547502216527
0.32685276796588414
0.3268526932079997
0.3547235735017491
0.3268533902680544
0.3268533902680544
0.6740504514784799
0.3278408773765389
0.3268533902680544
0.3268533902680544
0.3268533902680544
0.3268533902680544
0.3268533902680544
0.3268533902680544
0.3278408773765389
0.3268533902680544
0.4242565408460075
0.3268533902680544
0.3268533902680544
0.3285887480021438
0.3268533902680544
0.3268533902680544
0.32685331551016994
1.4414514960420408
0.32685331551016994
0.3268533902680544
0.32685331551016994
0.3278408773765389
0.32685331551016994
0.32685331551016994
0.3268533902680544
0.33813005462214
0.8912250209908006
0.3268533902680544
0.3268533902680544
0.329773868597085
0.32685331551016994
0.3268533902680544
0.32685331551016994
0.32685276796588414
0.7957372607177207
0.3268533902680544
0.338538912257817
0.32685276796588414
0.3268533902680544
0.3268533902680544
0.3268533902680544
0.32685276796588414
0.32685276796588414
0.32685331551016994
0.3268533902680544
0.32685331551016994
0.3268533902680544
0.3268533902680544
0.3292594783481642
0.3268533902680544
0.3268533902680544
0.3268533902680544
0.3268533902680544
0.3268533902680544
0.3292347827486515
0.3465497580357172
0.3268533902680544
0.3274973372967634
0.3268533902680544
0.32685276796588414
0.3268533902680544
0.32685331551016994
0.32685276796588414
0.8912250209908006
0.3268533902680544
0.32685276796588414
0.3268526932079997
0.3268533902680544
0.35132055220532793
0.7960077396963502
0.3268533902680544
0.3268533902680544
0.34654913573354695
0.3268533902680544
0.3268533902680544
0.3268533902680544
0.3268533902680544
0.3268533902680544
0.3268533902680544
0.32784080261865445
0.3268533902680544
0.5668306098571383
0.3268533902680544
0.3268533902680544
0.33813005462214
0.3268533902680544
0.3268533902680544
0.32687808586756706
1.4414501097169305
0.3268533902680544
0.32685276796588414
0.32685276796588414
0.32685331551016994
0.32685331551016994
0.32687808586756706
0.8912250209908006
0.3268533902680544
0.5591114406475406
0.32741444423272004
0.32839844149697445
0.3268533902680544
0.3268533902680544
0.32691151297470056
0.3268533902680544
0.3268533902680544
0.3465497580357172
0.32685331551016994
0.3268533902680544
0.32685276796588414
0.5238745103502453
0.4252646091167098
0.3268533902680544
0.3268533902680544
0.5241205190614069
0.3268533902680544
0.3268533902680544
0.6740504514784799
0.3268533902680544
0.32866163006238924
0.3268533902680544
0.3268533902680544
0.3268533902680544
0.32685331551016994
0.3268533902680544
0.32685331551016994
0.5045326775805059
0.3268533902680544
0.3268533902680544
0.32685331551016994
0.3381293575620853
0.3268533902680544
0.32685331551016994
0.3268526932079997
0.3268533902680544
0.3268533902680544
0.32977394335496946
0.3268533902680544
0.3268533902680544
0.3385382442396946
0.3268533902680544
0.3268533902680544
0.32685276796588414
0.3268533902680544
0.32685331551016994
0.3268533902680544
0.3274143694748356
0.3285887480021438
0.32685276796588414
0.32685331551016994
0.3268533902680544
0.7960324352958629
0.3268533902680544
0.9504594396517244
0.32685276796588414
0.3268533902680544
0.3268533902680544
0.3381313449424327
0.3268533902680544
0.32685331551016994
1.4414501097169305
0.3465497580357172
0.7890753533288195
0.3268533902680544
0.32685276796588414
0.32685276796588414
0.32685331551016994
0.32685331551016994
0.3268533902680544
0.3268533902680544
0.3385382442396946
0.32786495067388133
0.3268533902680544
0.4242869981129621
0.3268533902680544
0.3268533902680544
0.3268533902680544
0.32685331551016994
0.7957372607177207
0.3268533902680544
0.3268533902680544
0.3268533902680544
1.4414505322587012
0.32685331551016994
0.3268533902680544
0.35472349874386466
0.32685276796588414
0.32784025507436865
0.3268533902680544
1.4414514960420408
0.32685331551016994
1.4414510735002701
0.3268533902680544
0.32685331551016994
0.3268533902680544
0.32685276796588414
0.3268533902680544
0.3268533902680544
0.32685331551016994
0.7957372607177207
0.32685331551016994
0.32685331551016994
0.3268533902680544
0.3268533902680544
0.32685331551016994
0.32685331551016994
0.32685331551016994
0.3268533902680544
0.32693628333209773
0.32685331551016994
0.32685331551016994
0.7307281884871901
0.3268533902680544
0.3268533902680544
0.3268533902680544
0.3268533902680544
0.3268533902680544
0.7970645224465226
0.3268533902680544
0.8118539167676184
0.3268774635653968
0.3385382442396946
0.3268709475934026
0.32685276796588414
0.32685276796588414
0.3465497580357172
0.32685276796588414
0.3268533902680544
0.32784025507436865
0.3268533902680544
0.3465497580357172
0.3285887480021438
0.7960076649384658
0.329773868597085
0.32685331551016994
0.3268533902680544
0.3285887480021438
0.3268533902680544
0.5238745103502453
0.32685331551016994
0.32685331551016994
0.3268533902680544
0.3268533902680544
0.32687102235128707
0.3268533902680544
0.7957372607177207
0.3385382442396946
0.32685331551016994
0.3268533902680544
0.32685331551016994
0.3268533902680544
0.32685276796588414
0.3268533902680544
0.32685331551016994
0.5669688785170275
0.32685331551016994
0.3268533902680544
0.7957641285179022
0.3268533902680544
0.8912576373581385
0.32685331551016994
0.8912250209908006
0.35472349874386466
0.32741444423272004
0.3268533902680544
0.3268526932079997
0.32687102235128707
0.32687808586756706
0.32685331551016994
0.3268533902680544
0.3268533902680544
0.3268533902680544
0.32685331551016994
0.3268533902680544
0.3268533902680544
0.3268533902680544
0.3268533902680544
1.4414514960420408
0.5822943479848222
0.32685331551016994
0.3268533902680544
0.32685331551016994
0.32685331551016994
0.32685331551016994
0.5668306098571383
0.3285887480021438
0.32977394335496946
0.32685276796588414
0.3385382442396946
0.35474113082709735
0.3268533902680544
0.3297915006803177
0.32685331551016994
0.32685276796588414
0.3315268584144072
0.32685276796588414
0.32685276796588414
0.8912240674011968
0.3268533902680544
0.3268533902680544
0.3381294323199697
0.32685331551016994
0.3268533902680544
0.3268533902680544
0.3292347827486515
0.3268533902680544
0.32685331551016994
0.3268533902680544
0.3268533902680544
0.33813005462214
0.3268533902680544
0.3268533902680544
0.33853816948181015
0.3268533902680544
0.3268533902680544
0.32685276796588414
0.5822696523853095
1.4414401221982664
0.32685331551016994
0.3268533902680544
0.3278408773765389
0.5668293099749976
0.32685276796588414
0.3268533902680544
0.3268533902680544
0.32693628333209773
0.3268533902680544
0.3268533902680544
0.3268533902680544
0.3268533902680544
0.5246080086260372
0.3289574208986534
0.326911587732585
0.3268533902680544
0.3268533902680544
0.3268533902680544
0.32685331551016994
0.3268533902680544
0.3268533902680544
0.3268533902680544
0.3268533902680544
0.3268533902680544
0.3268533902680544
0.3268533902680544
0.3667761116180057
0.32687808586756706
0.32685331551016994
0.7960324352958629
0.3268533902680544
0.3268533902680544
0.8912497165903133
0.3268533902680544
0.32685331551016994
0.32923470799076704
0.3268533902680544
0.3268533902680544
0.5238745103502453
0.32741444423272004
0.3268533902680544
0.3268533902680544
0.3268533902680544
0.566855305456651
0.3268533902680544
0.3268526932079997
0.3268533902680544
0.329773868597085
0.326911587732585
0.3268533902680544
0.3268533902680544
0.32685331551016994
0.34711081200038285
0.3268533902680544
0.3471107372424984
0.3285887480021438
0.32685331551016994
0.32685331551016994
0.32685276796588414
0.3268533902680544
0.3268533902680544
0.3268533902680544
0.35604850799324417
0.3268533902680544
0.32685331551016994
0.3268533902680544
0.3268533902680544
0.3268533902680544
0.32685276796588414
0.3285787369983459
0.3268533902680544
0.3285887480021438
0.3268533902680544
0.3268533902680544
0.3268533902680544
0.32979157543820214
0.3268533902680544
0.3268533902680544
0.3268533902680544
0.35472349874386466
0.7957372607177207
1.4414510735002701
0.3268533902680544
0.3268533902680544
0.3268533902680544
0.32685331551016994
0.32685331551016994
0.32741444423272004
0.3268533902680544
0.3268533902680544
0.3268533902680544
0.4419535048862503
0.3268533902680544
0.3268533902680544
0.3268533902680544
0.3268533902680544
0.32741444423272004
0.3465497580357172
0.3268533902680544
0.3381313449424327
1.4414510735002701
0.32685331551016994
0.3268533902680544
0.3292347827486515
0.3268526932079997
0.3268533902680544
0.3268533902680544
0.3268533902680544
0.3268533902680544
0.32685331551016994
0.32685276796588414
0.3268533902680544
0.3268533902680544
0.3268533902680544
0.5535388943372663
0.3268533902680544
0.3268533902680544
0.3268533902680544
0.32839915238060635
0.3268533902680544
0.565134113610527
1.4414510735002701
1.4511227879033355
0.3268533902680544
0.7957372607177207
0.3268533902680544
0.3268533902680544
0.34711081200038285
0.3268780111096826
0.3460081146541708
0.3268533902680544
0.3268533902680544
0.3268533902680544
0.3268533902680544
0.32685331551016994
0.32685331551016994
0.3268533902680544
0.8912329417586258
0.3268533902680544
0.32685331551016994
0.3268533902680544
0.3268533902680544
1.440652088252095
0.3268533902680544
0.3268533902680544
0.3268533902680544
0.3268533902680544
0.3268533902680544
0.33853816948181015
0.3268533902680544
0.3268533902680544
0.33813005462214
0.3268533902680544
0.32685276796588414
0.32685331551016994
0.3268533902680544
0.3268533902680544
0.33862113730373794
0.32685276796588414
0.3268533902680544
0.3385382442396946
0.3268533902680544
0.32839915238060635
0.32840193134120454
0.3268533902680544
0.3268533902680544
0.32685331551016994
0.3268533902680544
0.32685331551016994
0.32685331551016994
0.3268533902680544
0.3268533902680544
0.3268533902680544
0.3268533902680544
0.3268533902680544
0.32741444423272004
0.32685331551016994
0.3268533902680544
0.3268533902680544
0.3268533902680544
0.32685276796588414
0.3268533902680544
0.3268533902680544
0.3268526932079997
0.3268533902680544
0.3268533902680544
0.3268533902680544
0.3268533902680544
0.32685331551016994
0.3268533902680544
0.7957372607177207
1.419655488994486
0.3297915006803177
0.3268533902680544
0.32685331551016994
0.32979157543820214
0.3268533902680544
0.3268533902680544
0.42425582996237565
0.32922477174485354
0.32685331551016994
0.3268533902680544
