0.32685276796588414
0.32685276796588414
0.32685276796588414
0.3268533902680544
0.3268533902680544
0.32685276796588414
0.3268526932079997
0.32685276796588414
0.3268533902680544
0.32685276796588414
0.32685276796588414
0.35472295119957886
0.32685276796588414
0.32685276796588414
0.32685276796588414
0.5534923605439964
0.3268533902680544
0.3274138219305498
0.3268533902680544
0.3268533902680544
0.8912329417586258
0.32685276796588414
0.3285787369983459
0.3268526932079997
0.326911587732585
0.3268533902680544
0.32685276796588414
0.32685276796588414
0.32685276796588414
0.32685276796588414
0.3268533902680544
0.34654913573354695
0.3268533902680544
0.32685276796588414
0.32685276796588414
0.3268526932079997
0.32685276796588414
0.9504584860621205
0.32685276796588414
0.3268533902680544
0.8892549287059128
0.32691096543041476
0.3268780111096826
0.32685276796588414
0.3501137317491212
0.32685276796588414
0.3268526932079997
0.32685276796588414
0.32685276796588414
1.4414514960420408
0.3268533902680544
1.4414510735002701
0.32685276796588414
0.32685276796588414
0.32691096543041476
0.553492285786112
0.3268533902680544
0.32685276796588414
0.3278408773765389
0.32685276796588414
0.3268526932079997
0.3268533902680544
0.32685276796588414
0.32685276796588414
0.33853762193752435
0.32685276796588414
0.32685276796588414
0.3268533902680544
0.32685276796588414
0.32685276796588414
0.3268533902680544
0.32685276796588414
0.32685276796588414
0.3533921158736695
0.32685276796588414
0.3268533902680544
0.32685276796588414
0.3501137317491212
0.32685276796588414
0.32685276796588414
0.32685276796588414
0.3268533902680544
0.3268533902680544
0.32685276796588414
0.3381294323199697
0.3268533902680544
0.5668283563853936
0.3268533902680544
0.32685276796588414
0.8912250209908006
0.32685276796588414
0.32784025507436865
0.32685276796588414
0.5668306098571383
0.32685276796588414
0.3268526932079997
0.3268533902680544
0.34716838716274323
0.3268533902680544
0.32685276796588414
0.3268533902680544
0.5239049676172
0.3471101896982126
0.32685276796588414
0.3268533902680544
0.3268533902680544
0.3381294323199697
0.32784025507436865
0.3268533902680544
0.3268533902680544
0.32685276796588414
0.32685276796588414
0.32685276796588414
0.3283985300784361
0.3268533902680544
0.32685276796588414
0.32685276796588414
0.32685276796588414
0.32685276796588414
0.32685276796588414
0.32685276796588414
0.32685331551016994
0.9317556375169254
0.32685276796588414
0.32685276796588414
0.32685276796588414
0.3268533902680544
0.32685276796588414
0.32685276796588414
0.3268533902680544
0.3268533902680544
0.3297732462949148
0.3278401803164842
0.32685276796588414
0.32685276796588414
0.326911587732585
0.32685331551016994
0.3292524148318842
0.3268533902680544
0.3268533902680544
0.3268774635653968
0.32685276796588414
0.3268533902680544
0.32685276796588414
0.3268533902680544
0.32685276796588414
0.32685276796588414
0.3268533902680544
0.3268526932079997
0.32685276796588414
0.33853762193752435
0.32685276796588414
0.32685276796588414
0.32685276796588414
0.3274138219305498
0.32685276796588414
0.32685276796588414
0.3268533902680544
0.32685276796588414
0.3385382442396946
0.32685276796588414
0.3268533902680544
0.32685276796588414
0.32685276796588414
0.9738089638677978
0.3268533902680544
0.3269539154153305
0.3268533902680544
1.5571373969409021
0.3268533902680544
0.3268533902680544
0.3268526932079997
0.32685276796588414
0.32784025507436865
0.3268533902680544
0.32685276796588414
0.32691096543041476
0.3268526932079997
0.3268533902680544
0.3268533902680544
0.566856722886996
0.3268533902680544
0.32685276796588414
0.3293176758126949
0.32685276796588414
0.3285887480021438
0.34654913573354695
0.3268533902680544
0.32685276796588414
0.32685276796588414
0.7960346074965317
0.32784025507436865
0.3268526932079997
0.32685276796588414
0.32685276796588414
0.3268533902680544
0.32685276796588414
0.32685276796588414
0.32685276796588414
0.32687808586756706
0.32784025507436865
0.3268533902680544
0.4242869981129621
0.3268533902680544
0.3268533902680544
0.3268533902680544
0.32685276796588414
0.7957372607177207
0.3268533902680544
0.5612767713345541
0.3268533902680544
0.32685276796588414
0.32685276796588414
0.32685276796588414
0.3268533902680544
0.5240900617944523
0.32685276796588414
0.3292347827486515
0.3268533902680544
0.32685276796588414
0.32685276796588414
0.3268526932079997
0.32930766480889695
0.3268533902680544
0.4242565408460075
0.3268533902680544
0.32691096543041476
0.34654913573354695
0.32685276796588414
0.32687808586756706
0.32685276796588414
0.3268526932079997
0.3268533902680544
0.3285887480021438
0.32741444423272004
0.3268533902680544
0.32685276796588414
0.3268533902680544
0.3268533902680544
0.32685276796588414
0.32685276796588414
0.32685276796588414
0.32685276796588414
0.3268533902680544
0.5821818460622538
0.32784025507436865
0.32839915238060635
0.3268533902680544
0.32784025507436865
0.32685276796588414
0.3268533902680544
0.32685276796588414
0.9510187708439789
0.32685276796588414
0.32687102235128707
0.3292493925864818
0.3547235735017491
0.32685276796588414
0.32685276796588414
0.3268533902680544
0.3268526932079997
0.32685276796588414
0.32685276796588414
0.3268526932079997
0.32685276796588414
0.3268526932079997
0.4242869981129621
0.3268533902680544
0.3268533902680544
0.3292493925864818
0.3278401803164842
0.5668293099749976
0.7957372607177207
0.3268533902680544
0.3268533902680544
0.32685276796588414
0.32685276796588414
0.3547228764416944
0.9504673604195495
0.3268533902680544
0.3268704000491168
0.32685276796588414
0.3268533902680544
0.32685276796588414
0.32685276796588414
0.32685276796588414
0.33813005462214
0.3268533902680544
0.32685276796588414
0.32685276796588414
0.3268533902680544
1.4414406550323204
0.3268533902680544
0.33911820974874696
0.32685276796588414
0.3268533902680544
0.32685276796588414
0.3268533902680544
0.33813005462214
0.32685276796588414
0.3283985300784361
0.32685276796588414
0.3268533902680544
1.4420492974846388
0.35472295119957886
0.32685276796588414
0.32691096543041476
0.32685276796588414
0.32685276796588414
0.32685276796588414
0.3465490609756625
0.3547228764416944
0.3268533902680544
0.3268533902680544
0.33813005462214
0.32685276796588414
0.8912250209908006
0.32685276796588414
0.3268533902680544
0.7960077396963502
0.5719405002953116
0.3268533902680544
0.5668306098571383
0.3268533902680544
0.3268533902680544
1.4196441151507115
0.32685276796588414
0.32685276796588414
0.32685276796588414
0.3268526932079997
0.32685276796588414
0.32685276796588414
0.326911587732585
0.32685276796588414
0.32685276796588414
0.3381294323199697
0.3268533902680544
0.32685276796588414
0.5239210441435151
0.3268533902680544
0.32685331551016994
0.33813005462214
0.32685276796588414
0.32685276796588414
0.3268533902680544
0.32685331551016994
0.32685276796588414
0.32685276796588414
0.32685276796588414
0.32685276796588414
0.7957641285179022
0.3268533902680544
0.32685276796588414
0.3268533902680544
0.553522817810951
0.32685276796588414
0.3268533902680544
0.45490671367560126
0.32685276796588414
0.3268533902680544
0.3268533902680544
0.32685276796588414
0.32685276796588414
0.32784025507436865
0.32685276796588414
0.5238745103502453
0.35011302086548934
0.3285887480021438
0.32977394335496946
0.3381294323199697
0.3268533902680544
0.3268533902680544
0.3385382442396946
0.3268533902680544
0.32685276796588414
0.3268526932079997
0.34654913573354695
0.3268533902680544
0.32685276796588414
0.7957372607177207
0.3268533902680544
0.4242869981129621
0.32685276796588414
0.32685276796588414
0.32685276796588414
0.32685276796588414
0.32685276796588414
0.3285787369983459
0.32685276796588414
0.7957641285179022
0.3268526932079997
0.32685276796588414
0.33853762193752435
0.3268533902680544
0.32685276796588414
0.3268533902680544
0.3274138219305498
0.3268533902680544
0.32685276796588414
0.32685331551016994
0.5668293099749976
0.3268533902680544
0.3268533902680544
0.3381313449424327
0.32840193134120454
0.32685276796588414
0.32685276796588414
0.32685276796588414
0.5535227430530666
0.3268533902680544
0.3268773888075124
0.4242869981129621
0.3268533902680544
0.3268526932079997
0.4242869981129621
0.3268533902680544
0.32685276796588414
0.32685276796588414
0.3268533902680544
0.32685276796588414
0.32685276796588414
0.32685276796588414
0.32685276796588414
0.32685276796588414
0.3268533902680544
0.32685276796588414
0.5238745103502453
0.32691151297470056
0.3268533902680544
0.3381313449424327
0.32685276796588414
0.3268533902680544
1.5571483482429058
0.32685276796588414
0.32685276796588414
0.3268533902680544
0.32685276796588414
0.3292494673443662
0.32685331551016994
0.32685276796588414
1.579144861648592
0.32685276796588414
0.3268533902680544
0.3268533902680544
0.3268533902680544
0.3268533902680544
0.32685276796588414
0.32685276796588414
0.32685331551016994
0.32685276796588414
0.5239049676172
0.3268533902680544
0.34809838699336293
0.422281250562892
0.3268533902680544
0.32685276796588414
0.34654913573354695
0.3268533902680544
0.3268533902680544
0.32685276796588414
0.32685276796588414
0.32685276796588414
0.3285887480021438
0.32685276796588414
0.32685276796588414
0.3268533902680544
0.32685276796588414
0.32693628333209773
0.32685276796588414
0.32685276796588414
0.32685276796588414
0.32685276796588414
0.32685331551016994
0.3268533902680544
0.3268533902680544
0.3268533902680544
0.32685276796588414
0.32685276796588414
0.32685331551016994
0.32685276796588414
0.32685331551016994
0.3381299798642556
0.3268533902680544
0.3268533902680544
0.33813005462214
0.326911587732585
0.32685276796588414
0.32685276796588414
0.3268533902680544
0.5238745103502453
0.3547235735017491
0.3292594783481642
0.32685276796588414
0.3268533902680544
0.35472295119957886
0.3268533902680544
0.32691096543041476
0.3268533902680544
0.3268533902680544
0.32685276796588414
0.32687808586756706
0.3268533902680544
0.32685331551016994
0.5668293099749976
0.7957372607177207
0.3268533902680544
0.32685276796588414
0.3268774635653968
0.3268526932079997
0.3268526932079997
0.3268533902680544
0.32685276796588414
0.553492285786112
0.32685276796588414
0.3268533902680544
0.32685276796588414
0.32685276796588414
0.32685276796588414
0.3268533902680544
0.32685276796588414
0.3268533902680544
0.3268533902680544
0.32922477174485354
0.32685276796588414
0.5239048928593155
0.32685276796588414
0.32685276796588414
0.3283985300784361
0.326935586272043
0.32685276796588414
0.32685276796588414
0.32685276796588414
0.3268533902680544
0.3274138219305498
0.3268526932079997
0.32685276796588414
0.326911587732585
0.32685276796588414
0.3268533902680544
0.3268533902680544
0.32685276796588414
0.32685276796588414
0.3552839304063601
0.32685276796588414
0.32685276796588414
0.3385382442396946
0.5239049676172
1.4414401221982664
0.32685276796588414
0.3268533902680544
1.579155789095168
0.32691096543041476
0.3268533902680544
0.8912329417586258
0.7957372607177207
0.32685276796588414
0.3274138219305498
0.32685276796588414
0.32685276796588414
0.32685276796588414
0.3381313449424327
0.8913952627871309
0.3268533902680544
0.32685276796588414
0.3268533902680544
0.32685276796588414
0.3268533902680544
0.32685276796588414
0.32685276796588414
0.3501137317491212
0.32685276796588414
0.32691096543041476
0.3268533902680544
0.326911587732585
0.5668293099749976
0.3268774635653968
1.4414401221982664
0.32685276796588414
0.32685276796588414
0.32685276796588414
0.3268533902680544
0.32685276796588414
0.3268526932079997
0.32685276796588414
0.3268533902680544
0.33821361570430575
0.3297732462949148
0.3285886732442594
0.32685276796588414
0.32685276796588414
0.32691096543041476
0.3268533902680544
0.3278408773765389
0.3268533902680544
0.3268526932079997
0.32685276796588414
0.32687808586756706
0.3268526932079997
0.3268533902680544
0.3268533902680544
0.32685276796588414
0.32693628333209773
0.32685276796588414
0.3268533902680544
0.32685276796588414
0.34711081200038285
0.32685276796588414
0.32685276796588414
0.3268533902680544
0.5239048928593155
0.32685331551016994
0.32685276796588414
0.3268533902680544
0.32685276796588414
0.32685276796588414
0.32685276796588414
0.36469915131940744
0.32685276796588414
0.32687808586756706
0.3596393326227171
0.3268533902680544
0.3465497580357172
0.32685276796588414
0.3268526932079997
0.32685276796588414
0.5668293099749976
0.32685276796588414
0.32685276796588414
0.32685276796588414
0.32685276796588414
0.5239049676172
0.32685276796588414
0.32685276796588414
0.3268533902680544
0.32685276796588414
0.32922477174485354
0.32685276796588414
0.3268533902680544
0.32685276796588414
0.32685331551016994
0.3268533902680544
0.3268533902680544
0.32685276796588414
0.32685276796588414
0.3268533902680544
0.3268780111096826
0.32685276796588414
0.788847123806141
0.32685276796588414
0.32784025507436865
1.5571373969409021
0.32685331551016994
0.32685276796588414
0.32685276796588414
0.8912497165903133
0.32685276796588414
0.3268533902680544
0.32685276796588414
0.32685276796588414
0.3268704000491168
0.32685276796588414
0.7957372607177207
0.32685276796588414
0.32685276796588414
0.32685276796588414
0.32685276796588414
0.35472295119957886
0.32685276796588414
0.32685331551016994
0.3268533902680544
0.32685276796588414
0.32685276796588414
0.3268526932079997
0.3268533902680544
0.7957641285179022
0.3268533902680544
0.3465497580357172
0.32685276796588414
0.32685276796588414
0.3268526932079997
0.32685331551016994
0.3268526932079997
0.34654913573354695
0.32693566102992744
0.3274138219305498
0.7957641285179022
0.32685276796588414
0.32685276796588414
0.3268774635653968
0.32685276796588414
0.3268526932079997
1.4414510735002701
0.32685276796588414
0.3268533902680544
0.32685276796588414
0.3268533902680544
0.32685276796588414
0.3268533902680544
0.3385382442396946
0.32685276796588414
0.32685276796588414
0.32685276796588414
0.3465497580357172
0.32691096543041476
0.32687102235128707
0.5668554230048553
0.3268533902680544
0.8668457145722155
0.32685276796588414
0.3268533902680544
0.8548781865220142
0.3268533902680544
0.3465497580357172
2.2804522163143606
0.3268533902680544
0.32685276796588414
0.32685276796588414
0.32691096543041476
0.3292246969869691
0.32685276796588414
0.326911587732585
0.3268533902680544
0.32685276796588414
0.32685276796588414
0.3268526932079997
0.32685276796588414
0.3268533902680544
0.32685276796588414
1.4414401221982664
1.4414510735002701
0.32685276796588414
0.32685276796588414
0.32685276796588414
1.5571373969409021
0.32685276796588414
0.32685276796588414
0.5239515014104698
0.3268533902680544
0.32685276796588414
0.32685331551016994
0.3268526932079997
0.32685276796588414
0.32685276796588414
0.32685276796588414
0.3268533902680544
0.32685276796588414
0.3268533902680544
0.32685276796588414
0.32685276796588414
0.32685276796588414
0.32685276796588414
0.32685276796588414
0.3268533902680544
0.3268533902680544
0.3465497580357172
0.32685276796588414
0.32685276796588414
0.32685276796588414
0.32685276796588414
0.46806832721393093
0.32685276796588414
0.3268533902680544
0.33813005462214
0.3268533902680544
0.3278408773765389
0.3385382442396946
0.32685276796588414
0.3285787369983459
0.32685331551016994
0.32685276796588414
0.32685276796588414
0.3269285975136475
1.4414401221982664
0.32685276796588414
0.32922477174485354
0.32685276796588414
0.32685276796588414
0.3268533902680544
0.32685276796588414
0.5238745103502453
0.32685276796588414
0.3268533902680544
0.3547235735017491
0.32685276796588414
0.3268533902680544
0.32685276796588414
0.3268533902680544
0.3381313449424327
0.326911587732585
0.3268533902680544
0.32685276796588414
0.32685331551016994
0.32685276796588414
0.32839915238060635
0.32685276796588414
0.3268526932079997
0.3268774635653968
0.3268533902680544
0.3268533902680544
0.326911587732585
0.3268533902680544
0.3297733210527992
0.3471101896982126
0.3268533902680544
1.4414401221982664
0.3268526932079997
0.32685276796588414
0.3268533902680544
0.34654913573354695
0.32685276796588414
0.3268533902680544
0.3268533902680544
0.3268533902680544
0.33853762193752435
0.32784025507436865
0.32685276796588414
0.34654913573354695
0.32685276796588414
0.5668306098571383
0.32685276796588414
0.32685276796588414
0.32687102235128707
0.32685276796588414
0.3547817709662797
0.32685276796588414
0.33813072264026245
0.32784025507436865
1.2334930033023344
0.3268526932079997
0.3292246969869691
0.32922477174485354
0.32685276796588414
0.32685276796588414
0.32685276796588414
0.32685276796588414
0.3268774635653968
0.3268533902680544
0.3268533902680544
0.32685276796588414
0.3268533902680544
0.32685276796588414
0.32685276796588414
0.3471101896982126
0.7957372607177207
0.32685276796588414
0.3385382442396946
0.32685276796588414
0.32685276796588414
0.3268533902680544
0.32685276796588414
0.32685276796588414
0.32685276796588414
0.34053614270224986
0.3547235735017491
0.3268533902680544
0.32685276796588414
0.3268533902680544
0.7957641285179022
0.32685276796588414
0.3268533902680544
0.32685331551016994
0.32685276796588414
0.35472349874386466
0.32685276796588414
0.32685276796588414
0.32685276796588414
0.32691096543041476
0.3268526932079997
0.32685331551016994
0.32685276796588414
0.3268533902680544
0.32784025507436865
0.32685276796588414
0.3268780111096826
0.32685276796588414
0.5821323373150242
0.32685276796588414
0.3268526932079997
0.3274720193950804
0.3268533902680544
0.32784025507436865
0.3547235735017491
0.32685276796588414
0.5190267401114681
0.3268533902680544
0.32685276796588414
0.32685276796588414
0.42498730568526305
0.32685276796588414
0.32685276796588414
0.3268526932079997
0.32685276796588414
0.32685276796588414
0.3547228764416944
0.32685276796588414
0.3268533902680544
0.3268533902680544
0.3268533902680544
0.32685276796588414
0.32685276796588414
0.32685276796588414
0.32685331551016994
0.32685276796588414
0.32685276796588414
0.3268533902680544
0.32685331551016994
0.8912250209908006
0.32685276796588414
0.3268526932079997
0.32685331551016994
0.32685276796588414
0.3268526932079997
0.3268526932079997
0.32685276796588414
0.32685276796588414
1.452021994739153
0.32685331551016994
0.32685276796588414
0.6745341008924778
0.32685276796588414
0.3268533902680544
0.3268526932079997
0.3471101896982126
0.32685276796588414
0.32685276796588414
0.32685276796588414
0.3268533902680544
0.3268533902680544
0.326911587732585
0.32685276796588414
0.3381313449424327
0.32685276796588414
0.7957372607177207
0.32685276796588414
0.3268533902680544
0.3268526932079997
0.32685276796588414
0.32685276796588414
0.32685276796588414
0.5239049676172
0.8912329417586258
0.32685331551016994
0.32685276796588414
0.3268533902680544
0.32685276796588414
0.32685276796588414
0.32977394335496946
0.32685276796588414
0.3268533902680544
0.3268533902680544
0.32685276796588414
0.3268774635653968
0.3471101896982126
0.5668293099749976
0.3268533902680544
0.3268533902680544
0.3268533902680544
0.3268526932079997
0.3268526932079997
0.35472295119957886
0.32685276796588414
0.32685276796588414
0.3268533902680544
0.5668293099749976
0.3268526932079997
0.34654913573354695
0.32685276796588414
0.32685276796588414
0.3268774635653968
0.32685276796588414
0.3268533902680544
0.4242604721898906
0.3268533902680544
0.32685276796588414
0.32685276796588414
0.3268533902680544
1.4414391584149269
0.32685276796588414
0.32685276796588414
0.33853762193752435
0.3471101896982126
0.3268533902680544
0.32685276796588414
0.32685276796588414
0.3292347827486515
0.32685276796588414
0.3285887480021438
0.32685276796588414
0.3268526932079997
0.32685276796588414
0.32685276796588414
1.5571373969409021
0.32685276796588414
0.32685276796588414
0.3268526932079997
0.32693566102992744
0.33813127018454825
0.3268533902680544
0.32685276796588414
0.32685331551016994
