0.3268526932079997
0.3268526932079997
0.32685276796588414
0.3268774635653968
0.3268526932079997
0.3297732462949148
0.32685276796588414
0.3268526932079997
0.3268526932079997
0.3268526932079997
0.3268526932079997
0.3268526932079997
0.3268526932079997
0.32685276796588414
0.32922477174485354
0.3268526932079997
0.32685276796588414
0.3268526932079997
0.32685331551016994
0.3268526932079997
0.32685331551016994
0.3297733210527992
0.44687947062282807
0.3268773888075124
0.32685276796588414
0.3268526932079997
0.3268526932079997
0.32685276796588414
0.3268526932079997
0.3268526932079997
0.32685276796588414
0.3268526932079997
0.3471101896982126
0.32685276796588414
0.3269108906725303
0.3268704000491168
0.3547228764416944
0.3268526932079997
0.32685276796588414
0.4242862872293302
0.32922477174485354
0.3297915006803177
0.32685276796588414
0.3268526932079997
0.32685276796588414
0.32685276796588414
0.3268526932079997
0.3268526932079997
0.3268526932079997
0.32685276796588414
0.3268703252912324
0.9504673604195495
0.3268526932079997
0.7957640537600177
0.32685276796588414
0.32685276796588414
0.3385375471796399
0.3268526932079997
0.3285787369983459
0.8912319881690218
0.32685276796588414
0.3278401803164842
0.3268533902680544
0.32693566102992744
0.32685276796588414
0.32685276796588414
0.32857866224046145
0.3268533902680544
0.3268526932079997
0.3268703252912324
0.3268526932079997
0.3268526932079997
0.32749671499459315
0.3268526932079997
0.3268526932079997
0.32685276796588414
0.7900768831229603
0.3268703252912324
0.3268526932079997
0.3268526932079997
0.7957641285179022
0.3268526932079997
0.8912329417586258
0.32685276796588414
0.32685276796588414
0.3268526932079997
0.3268774635653968
0.32685276796588414
0.3268526932079997
0.3268526932079997
0.3268526932079997
0.32685331551016994
0.3268526932079997
0.3268526932079997
1.4414391584149269
0.3268526932079997
0.32784025507436865
0.3268704000491168
0.3268526932079997
0.3385375471796399
0.3268526932079997
0.44687947062282807
0.3268704000491168
0.32693566102992744
0.32693566102992744
0.32685276796588414
0.3268703252912324
0.8922830496062941
0.3268526932079997
0.32685276796588414
0.3278401803164842
0.3283978191948042
0.3268526932079997
0.3268704000491168
0.3268526932079997
0.3268526932079997
0.3268526932079997
0.3268533902680544
0.32685276796588414
0.32685276796588414
0.34090962571649375
0.3268533902680544
0.3268526932079997
0.32691096543041476
0.3268526932079997
0.32685276796588414
0.3268526932079997
0.3268526932079997
0.3268526932079997
0.3268526932079997
0.32685276796588414
1.4414405447400374
0.3285787369983459
0.3268526932079997
0.32685331551016994
0.32685276796588414
0.32685276796588414
0.32685276796588414
0.32685276796588414
0.4242862872293302
0.3268526932079997
0.7957641285179022
0.3274138219305498
0.32685331551016994
0.32685276796588414
0.3268526932079997
0.32685276796588414
0.3268526932079997
0.32685331551016994
0.5668283563853936
0.32685276796588414
0.3268526932079997
0.32685276796588414
1.4414395809566978
0.3268526932079997
0.34656709405584973
0.3268526932079997
0.32685276796588414
0.32685276796588414
0.32685276796588414
0.3385375471796399
0.3268526932079997
0.3268526932079997
0.3268526932079997
0.326935586272043
0.32685276796588414
0.32685276796588414
0.3268526932079997
0.32685276796588414
0.326935586272043
0.8912329417586258
0.3268526932079997
0.32685276796588414
0.3268526932079997
0.32693566102992744
0.3268526932079997
0.3268526932079997
0.34654913573354695
0.7957641285179022
0.32687102235128707
0.3268526932079997
0.32685276796588414
0.3268526932079997
0.3268526932079997
0.32685276796588414
0.3268526932079997
0.32685331551016994
0.3268526932079997
0.32685276796588414
0.3283978191948042
0.3268533902680544
0.42430763785325454
0.3268526932079997
0.32685276796588414
0.32692852275576306
0.32685276796588414
0.32685276796588414
0.32685276796588414
0.3268526932079997
0.3268526932079997
0.5596293127212411
0.3268526932079997
0.3471101149403282
0.3268526932079997
0.3268526932079997
0.3268526932079997
0.32691096543041476
0.32685276796588414
0.8912319881690218
0.32685331551016994
0.32685276796588414
0.3268526932079997
0.3268526932079997
0.32685276796588414
0.3268526932079997
0.3268526932079997
0.3268526932079997
0.32685276796588414
0.3638147745939397
0.3268526932079997
0.32857866224046145
0.32685276796588414
0.3307784402445164
0.32685276796588414
0.3268526932079997
0.3268526932079997
0.3268526932079997
0.3268526932079997
0.3268526932079997
0.3268526932079997
0.3268526932079997
0.32685276796588414
0.3268526932079997
0.3268526932079997
0.3268774635653968
0.7957640537600177
1.4414405447400374
0.3268526932079997
0.3268526932079997
0.3268526932079997
0.3268526932079997
0.3268526932079997
0.3268526932079997
0.3285787369983459
0.32685276796588414
0.32685331551016994
0.32685276796588414
0.3268526932079997
0.3268526932079997
0.3268526932079997
0.32685276796588414
0.3268526932079997
0.32685276796588414
0.3268526932079997
0.32685276796588414
0.32685276796588414
0.35472295119957886
0.3268526932079997
0.3268533902680544
0.32685276796588414
0.3268774635653968
0.7957641285179022
0.3268526932079997
0.3278578123997169
0.3268526932079997
0.3278401803164842
0.3471101896982126
0.3471101896982126
0.32685331551016994
0.32685276796588414
0.3268526932079997
0.3274138219305498
0.3268526932079997
0.3268703252912324
0.3268526932079997
0.3268774635653968
0.3268526932079997
0.32685276796588414
0.32685276796588414
0.32685276796588414
0.32685276796588414
0.3268526932079997
0.328957509480115
0.3268703252912324
0.7957640537600177
0.3268526932079997
0.32685276796588414
0.3268526932079997
0.3297732462949148
0.32685276796588414
0.3268526932079997
0.3268526932079997
0.32741374717266536
0.3268526932079997
0.32685276796588414
0.9504673604195495
0.32695321835527574
0.3268526932079997
0.3268526932079997
0.3268526932079997
0.32685276796588414
0.3268526932079997
0.34656709405584973
0.32685276796588414
0.3471101896982126
0.3268526932079997
0.3268526932079997
0.3381294323199697
0.34654968327783275
0.32685276796588414
0.32685276796588414
0.3268526932079997
0.32685276796588414
0.3268526932079997
0.3385622427791526
0.3268526932079997
0.3268526932079997
0.32741374717266536
0.32685276796588414
0.3268526932079997
0.3268703252912324
0.32685276796588414
0.32685276796588414
0.3268773888075124
0.3268526932079997
0.32741444423272004
0.32685276796588414
0.3268526932079997
0.32685276796588414
0.32685331551016994
0.34656709405584973
0.3268526932079997
0.3268780111096826
0.3268526932079997
0.32685276796588414
0.32685276796588414
0.32685276796588414
1.4414419299281638
0.32685276796588414
0.3268526932079997
0.32685276796588414
0.32685276796588414
0.3268526932079997
0.3268533902680544
0.32685331551016994
0.32685276796588414
0.3268526932079997
0.3268526932079997
0.32685276796588414
0.3268526932079997
0.32685331551016994
0.32685276796588414
0.3268526932079997
0.3292246969869691
0.32685276796588414
0.3268526932079997
0.32685276796588414
0.32685276796588414
0.326935586272043
0.32685276796588414
0.32685276796588414
0.3268526932079997
0.3268526932079997
0.32693566102992744
0.3268526932079997
0.3268533902680544
0.3297732462949148
0.32685276796588414
0.32685331551016994
0.3268526932079997
0.3268526932079997
0.32685276796588414
0.3307784402445164
0.3268526932079997
0.3284153830245242
0.32685276796588414
0.32685276796588414
0.3268526932079997
0.3268526932079997
0.32685276796588414
0.3268526932079997
0.3268703252912324
0.3268526932079997
0.32685276796588414
0.32685276796588414
0.3278401803164842
0.3268526932079997
0.326935586272043
0.3268774635653968
0.3268526932079997
0.32685276796588414
0.3268526932079997
0.32687808586756706
0.3268704000491168
0.3268526932079997
0.32685276796588414
0.3268526932079997
0.3268526932079997
0.32685276796588414
0.32685276796588414
0.33952510904600885
0.3268526932079997
0.32840123428114987
0.3268526932079997
0.32685276796588414
1.4414405447400374
0.32685276796588414
0.3268526932079997
0.32687808586756706
0.32685276796588414
0.3471101896982126
0.3268526932079997
0.3268526932079997
0.32685276796588414
0.32685276796588414
0.3268526932079997
0.3268526932079997
0.3268526932079997
0.32685331551016994
0.3268526932079997
0.32685276796588414
0.32685276796588414
0.356047209710564
0.3292594035902798
0.3268526932079997
0.3268526932079997
0.3268773888075124
0.32685276796588414
0.3381293575620853
0.32685276796588414
0.3268526932079997
1.4414391584149269
0.3268526932079997
0.3381293575620853
0.5668293099749976
0.3268526932079997
0.32860335783997413
0.32685276796588414
0.32685331551016994
0.32685276796588414
0.32685276796588414
0.32685276796588414
0.3268526932079997
0.32685276796588414
0.32685276796588414
0.3268526932079997
0.3268526932079997
0.7957641285179022
0.32685276796588414
0.3283985300784361
0.3268526932079997
0.32685276796588414
0.32685331551016994
0.32685276796588414
0.32685276796588414
0.3268526932079997
0.3283985300784361
0.32685276796588414
0.32685276796588414
0.3268526932079997
0.32685276796588414
0.3268526932079997
0.32685276796588414
0.3268526932079997
0.3268526932079997
0.3268526932079997
0.3268526932079997
0.3268773888075124
0.3268774635653968
0.32685276796588414
0.3268533902680544
0.3268526932079997
0.3268526932079997
0.32685276796588414
0.32784025507436865
0.35472295119957886
0.3268526932079997
0.3268526932079997
0.3268526932079997
0.32685331551016994
0.32685276796588414
0.3268526932079997
0.4468801815064599
0.32685276796588414
0.3268526932079997
0.32685276796588414
0.3268526932079997
0.4242862872293302
0.32685276796588414
0.32685276796588414
0.32685276796588414
0.3268526932079997
0.32685331551016994
0.5589728055056736
0.3268526932079997
0.3268526932079997
0.32922477174485354
0.3268526932079997
0.32922477174485354
1.4414510735002701
0.32685276796588414
0.3268526932079997
0.3268526932079997
0.3268526932079997
0.3268526932079997
0.3268526932079997
0.3606760462873056
0.32685276796588414
0.3292347827486515
0.3268526932079997
0.3268526932079997
0.3268526932079997
0.32857866224046145
0.3268533902680544
0.3268526932079997
0.3268526932079997
0.3268526932079997
0.4245239001810933
0.32685276796588414
0.3268526932079997
0.4242862872293302
0.32685276796588414
0.3268526932079997
0.32685276796588414
1.4414395809566978
0.3268526932079997
0.3381294323199697
0.3268526932079997
0.32685276796588414
0.32685276796588414
0.32685276796588414
0.32685276796588414
0.3268526932079997
0.3268526932079997
0.3268526932079997
0.32685276796588414
0.32685276796588414
0.32922477174485354
0.32784025507436865
0.3268526932079997
0.3268526932079997
0.3268526932079997
0.3297980166523119
0.32685276796588414
0.3268526932079997
0.3268526932079997
0.3268773888075124
0.3297915006803177
0.3268526932079997
0.32685276796588414
0.3283985300784361
0.3268526932079997
0.3268526932079997
0.32685276796588414
0.3268774635653968
0.3268526932079997
0.32685276796588414
0.32685276796588414
0.3278401803164842
0.32685276796588414
0.3292246969869691
0.32685276796588414
0.32685276796588414
0.3268526932079997
0.9504594396517244
0.35472295119957886
0.32685276796588414
0.4250177629522176
0.33813005462214
0.3268704000491168
0.44687947062282807
0.3268526932079997
0.3268703252912324
0.32685276796588414
0.3268773888075124
0.3268526932079997
0.3460081146541708
0.32685276796588414
0.32685276796588414
0.32685276796588414
0.7957640537600177
0.3547235735017491
0.3274138219305498
0.3268526932079997
0.7957640537600177
0.32685276796588414
0.3268526932079997
0.3268526932079997
0.4242869981129621
0.32685331551016994
0.3268526932079997
0.3268526932079997
0.3268526932079997
0.32685276796588414
0.3268526932079997
0.33853945980210276
0.3268526932079997
0.3268526932079997
0.32685276796588414
0.32685276796588414
0.3283985300784361
0.3268526932079997
0.3268526932079997
0.3268526932079997
0.32685331551016994
0.32685276796588414
0.32685331551016994
0.3268526932079997
0.3268526932079997
0.3268526932079997
0.3268526932079997
0.32685276796588414
0.3385375471796399
0.3268526932079997
0.32685276796588414
0.3268526932079997
0.32685276796588414
0.3268526932079997
1.6051173496126758
0.3268526932079997
1.0342810744785744
0.3268526932079997
0.32685276796588414
0.3268526932079997
0.32685331551016994
0.3268526932079997
0.5589262717124038
0.3268526932079997
0.3268526932079997
0.32857866224046145
0.3268526932079997
0.32685276796588414
0.32685276796588414
0.3385375471796399
0.4242869981129621
0.3268526932079997
0.3268526932079997
0.3268526932079997
0.3268526932079997
0.32685276796588414
0.3268526932079997
0.3268526932079997
0.34656709405584973
0.3268526932079997
0.32979087837814747
0.3268773888075124
0.3268533902680544
0.7957641285179022
0.5239048928593155
0.32741374717266536
0.3268526932079997
0.3268526932079997
0.3268526932079997
0.3268526932079997
0.3268773888075124
0.32685276796588414
0.3268704000491168
0.32685276796588414
0.35011302086548934
0.32685276796588414
0.3268526932079997
0.3268526932079997
0.3268526932079997
0.326935586272043
0.3268526932079997
0.3268526932079997
0.3268526932079997
0.3547235735017491
0.3268526932079997
0.32685276796588414
0.33853762193752435
0.3268526932079997
0.32685276796588414
0.32685276796588414
0.32685276796588414
0.3268526932079997
0.3268526932079997
0.32685276796588414
0.3274143694748356
0.3268526932079997
0.3268526932079997
0.3268526932079997
0.4468801815064599
0.34654913573354695
0.3297733210527992
0.3268526932079997
0.3268526932079997
0.3268526932079997
0.3268773888075124
0.3268774635653968
0.3268526932079997
0.32685276796588414
0.3268526932079997
0.32685276796588414
0.3268526932079997
0.3268526932079997
0.32685276796588414
0.32685276796588414
0.3268526932079997
0.3268703252912324
0.32685276796588414
0.32685276796588414
0.3268526932079997
0.3268526932079997
0.32685331551016994
0.3268526932079997
0.3471101149403282
0.3268526932079997
0.32685276796588414
0.3268526932079997
1.4414395809566978
0.3268526932079997
0.3268526932079997
0.32685276796588414
0.32685276796588414
0.3268526932079997
0.3268526932079997
0.3268526932079997
0.33813005462214
0.3268526932079997
0.32685276796588414
0.3268526932079997
0.32685276796588414
0.3268526932079997
0.32685276796588414
0.32685276796588414
0.32685276796588414
0.32685276796588414
0.32685276796588414
0.3268526932079997
0.3268526932079997
0.3465490609756625
0.32685276796588414
0.3268526932079997
0.32784025507436865
0.3268526932079997
0.3268526932079997
1.4414401221982664
0.32685331551016994
0.32685331551016994
0.3268526932079997
0.32685276796588414
0.32685276796588414
0.32685276796588414
0.3268526932079997
0.3285787369983459
0.3268526932079997
0.3668583823798789
0.3268526932079997
0.3297733210527992
0.35472295119957886
0.34712774702356086
0.3268526932079997
0.3268533902680544
0.3268526932079997
0.3268526932079997
0.3268526932079997
0.3268526932079997
0.3268526932079997
0.3268526932079997
0.32685276796588414
0.3268526932079997
0.3268526932079997
0.3268526932079997
0.3471101149403282
0.3268526932079997
0.4468801815064599
0.32685276796588414
0.3268526932079997
0.3268526932079997
0.3268526932079997
0.32685276796588414
0.32685276796588414
0.32685276796588414
0.32685276796588414
0.32685276796588414
0.3297733210527992
0.3268526932079997
0.3268526932079997
0.32685331551016994
0.32685276796588414
0.3465490609756625
0.32685276796588414
0.3268526932079997
0.443943511954351
0.32685276796588414
0.3268526932079997
0.3268526932079997
0.3297733210527992
0.32685276796588414
0.3268526932079997
0.3268526932079997
0.3268526932079997
0.3268526932079997
0.3268526932079997
0.32685276796588414
0.3268526932079997
0.33914154027008253
0.8912329417586258
0.32685276796588414
0.3534167367152977
0.3268526932079997
0.3268526932079997
0.32685331551016994
0.3285787369983459
0.32685276796588414
0.3268526932079997
0.32685276796588414
0.32685331551016994
0.32685276796588414
0.3268703252912324
0.32693566102992744
0.32685276796588414
0.3268526932079997
0.3268526932079997
0.3471101896982126
0.32860335783997413
0.32685276796588414
0.3268526932079997
0.32685331551016994
0.3292246969869691
0.3268704000491168
0.32685331551016994
0.7406316218940903
0.3268526932079997
0.32685276796588414
0.3268526932079997
0.3268526932079997
0.3268533902680544
0.3268774635653968
0.3268526932079997
0.3268526932079997
0.32685276796588414
0.32685276796588414
0.32685276796588414
0.32685276796588414
0.32685276796588414
0.32685276796588414
0.7976282315434609
1.4414391584149269
0.32979087837814747
0.3283999467508819
0.5821310374328834
0.3268526932079997
0.32685276796588414
0.3297733210527992
0.32685276796588414
0.7957641285179022
0.32685276796588414
0.32685276796588414
0.3268526932079997
0.3268526932079997
0.44687947062282807
0.3268704000491168
0.3268526932079997
0.3268704000491168
0.32685331551016994
0.3268526932079997
0.32685276796588414
0.3471101149403282
0.32685276796588414
0.7957640537600177
0.3268526932079997
0.32685276796588414
0.32685276796588414
0.32685276796588414
0.32685276796588414
0.32784080261865445
0.32685276796588414
0.3268533902680544
0.32685276796588414
0.3268526932079997
0.3292347827486515
0.7960593030960443
0.3268526932079997
0.3268526932079997
0.3268526932079997
0.3268533902680544
0.35472295119957886
0.3268526932079997
0.3268526932079997
0.32685276796588414
0.797333131723203
0.3268526932079997
0.3268526932079997
0.7957641285179022
0.32685331551016994
0.3268526932079997
0.3268526932079997
0.32685331551016994
0.3268526932079997
0.3268526932079997
0.32685276796588414
0.32685276796588414
0.3268526932079997
0.32685276796588414
0.32685276796588414
0.3268526932079997
0.3385375471796399
0.3268526932079997
0.3297732462949148
0.3268526932079997
0.3268533902680544
0.32685276796588414
0.35472295119957886
0.3268703252912324
0.32685276796588414
0.3292246969869691
0.3385375471796399
0.32685276796588414
1.4414405447400374
0.32685331551016994
0.3268526932079997
0.3283978191948042
0.34654913573354695
0.32857866224046145
0.3268526932079997
0.32685276796588414
0.3268526932079997
0.3268526932079997
0.3268526932079997
0.32685276796588414
0.3547228764416944
0.32685276796588414
0.7957641285179022
0.3268526932079997
0.32685276796588414
0.7957641285179022
0.3268526932079997
0.3268526932079997
0.32685276796588414
0.32685276796588414
0.3268526932079997
0.32685276796588414
0.3268526932079997
0.32685276796588414
0.3268526932079997
0.32685276796588414
0.32685276796588414
0.32685276796588414
0.55965984474608
0.32685276796588414
0.32685276796588414
0.3268773888075124
0.33853762193752435
0.32685276796588414
0.32685276796588414
0.32685276796588414
0.32685276796588414
0.32685276796588414
0.3268526932079997
0.32977394335496946
0.33853762193752435
0.32857866224046145
0.32685276796588414
0.3465490609756625
0.3268526932079997
0.3268533902680544
0.44687947062282807
0.3268526932079997
0.32685276796588414
0.7958599014031973
0.3381293575620853
0.3268526932079997
0.32685276796588414
0.3465490609756625
0.34654913573354695
0.32685276796588414
0.3268533902680544
0.3268526932079997
0.3268526932079997
0.3268526932079997
0.32685276796588414
0.32685276796588414
0.34656771635802
0.32685276796588414
0.32685276796588414
0.3278401803164842
0.3268526932079997
0.32685276796588414
0.3268526932079997
0.32685276796588414
0.7957887493595304
0.35472295119957886
0.34657383133305963
0.338690411526751
0.3268526932079997
0.32685276796588414
0.3268526932079997
0.7957641285179022
0.3268526932079997
0.32685276796588414
0.32685276796588414
0.33853762193752435
0.3268526932079997
0.3471101896982126
0.34656780493948164
0.32685276796588414
0.32693566102992744
0.3268526932079997
