0.3268533902680544
0.7957371859598362
0.5668296562675345
0.32685276796588414
0.3268526932079997
0.32685276796588414
0.3286716410661872
0.3268533902680544
0.3268533902680544
0.3268526932079997
0.32685276796588414
0.32685276796588414
0.32784080261865445
0.32685276796588414
0.32687808586756706
0.326935586272043
0.32685276796588414
0.3268533902680544
0.3268526932079997
0.3274390650743483
0.3268533902680544
0.5821300838432796
0.3268526932079997
0.32685276796588414
0.3268526932079997
0.3268533902680544
0.32685276796588414
0.3285887480021438
0.32685276796588414
0.3269108906725303
0.3268533902680544
0.3268526932079997
0.3268526932079997
0.3268533902680544
0.32685331551016994
0.34663265109976055
0.5239049676172
0.32685331551016994
0.9663339095731386
0.3289574208986534
0.32685331551016994
0.32685331551016994
0.32685276796588414
0.34753671072652703
0.33853762193752435
0.32685331551016994
0.7957371859598362
0.32685276796588414
0.3268526932079997
0.32685331551016994
0.3268533902680544
0.32685331551016994
0.32685331551016994
0.32685276796588414
0.3268533902680544
0.4242565408460075
0.32685276796588414
0.32922477174485354
0.3471107372424984
0.32685331551016994
0.32685276796588414
0.3268526932079997
0.32685276796588414
0.3381294323199697
0.32685276796588414
0.3293075900510125
0.3268526932079997
0.32685276796588414
0.32685331551016994
0.33813072264026245
0.32685276796588414
0.3268526932079997
0.3268526932079997
0.32685276796588414
0.32685331551016994
0.32685331551016994
0.32685276796588414
0.3268526932079997
0.3268533902680544
0.3471101896982126
0.32685331551016994
0.8886747362647075
0.32685276796588414
0.3268533902680544
0.3268526932079997
0.32685276796588414
0.32685331551016994
0.3268533902680544
0.32685276796588414
0.32685276796588414
0.32685331551016994
0.32685276796588414
0.32685331551016994
0.32685276796588414
0.35472295119957886
0.3268533902680544
0.3547228764416944
0.3268526932079997
0.32685276796588414
0.3268526932079997
0.32693628333209773
0.32685276796588414
0.32685331551016994
0.7960324352958629
0.32685331551016994
0.32685276796588414
0.3268704000491168
0.32685276796588414
0.32685276796588414
0.3547228764416944
0.3268533902680544
0.3268526932079997
0.3268526932079997
0.3268526932079997
0.3268533902680544
0.32784080261865445
0.3268533902680544
0.3268526932079997
0.32863693446287656
0.3286368597049921
0.32685276796588414
0.3268526932079997
0.3268526932079997
0.3268526932079997
0.3465673901189499
0.32685331551016994
0.32685331551016994
0.3268526932079997
0.3278401803164842
0.32685331551016994
0.32685276796588414
0.3268526932079997
0.3268526932079997
0.32685276796588414
0.3268533902680544
0.32685276796588414
0.32685331551016994
1.4414501097169305
0.32685331551016994
0.3268526932079997
0.3268533902680544
0.3268526932079997
0.3268533902680544
0.3268533902680544
0.3268533902680544
1.4414405447400374
0.3268526932079997
0.32685276796588414
0.3268533902680544
0.32685331551016994
0.32685331551016994
0.32685331551016994
0.32685331551016994
0.891386388429702
0.32685276796588414
0.3268526932079997
0.3268773888075124
0.33853816948181015
0.3268773888075124
0.32693628333209773
0.3268533902680544
0.3268526932079997
0.3268526932079997
0.3268526932079997
0.3268533902680544
0.3268526932079997
0.3268533902680544
0.3268526932079997
0.3268526932079997
0.34654913573354695
0.32685331551016994
0.32685331551016994
0.32685331551016994
0.5535227430530666
0.32685331551016994
0.3268533902680544
0.3268533902680544
0.32685276796588414
0.3268533902680544
0.32685276796588414
0.3268533902680544
0.32685331551016994
0.3283985300784361
0.3268533902680544
0.3268533902680544
0.3268526932079997
0.32685331551016994
0.3268533902680544
0.3268533902680544
0.32685276796588414
0.3268533902680544
0.3268533902680544
0.3268533902680544
0.32685331551016994
0.32685331551016994
0.4468801815064599
0.3268526932079997
0.32685276796588414
0.32685331551016994
0.3547228764416944
0.32685331551016994
0.32693628333209773
0.3268533902680544
0.3268780111096826
0.3268526932079997
0.32685331551016994
0.32685276796588414
0.32685331551016994
0.3268533902680544
0.3268526932079997
0.3268526932079997
0.523874435592361
0.3268526932079997
0.3268526932079997
0.7957887493595304
0.32685276796588414
0.3268533902680544
0.32685276796588414
0.32685331551016994
0.3268533902680544
0.32784025507436865
0.35472295119957886
0.32685276796588414
0.3268533902680544
0.32685331551016994
0.7957371859598362
0.32685331551016994
0.32685276796588414
0.32685276796588414
0.3268526932079997
0.329773868597085
0.32685276796588414
0.32685276796588414
0.32685276796588414
0.3268533902680544
0.3268533902680544
0.32685331551016994
0.32685331551016994
0.3385382442396946
0.3283978191948042
0.3268526932079997
0.32685276796588414
0.7960345327386473
0.32685276796588414
0.3268533902680544
0.3285787369983459
0.32685331551016994
0.32685276796588414
0.891394309197527
0.3268533902680544
0.32685276796588414
0.3268533902680544
0.3268526932079997
0.32685331551016994
0.3268526932079997
0.3268533902680544
0.3268526932079997
0.3268533902680544
0.3268533902680544
0.3268526932079997
0.32685276796588414
0.32685331551016994
0.32685276796588414
0.32685331551016994
0.3465497580357172
0.32685331551016994
0.32685331551016994
0.32685276796588414
0.3268526932079997
0.3268526932079997
0.3268526932079997
0.32685331551016994
0.32685331551016994
1.4414510735002701
0.3268526932079997
0.3381293575620853
0.3283978191948042
0.32685276796588414
0.3268533902680544
0.32685276796588414
0.32685276796588414
0.5806639086493267
0.3268533902680544
0.32685331551016994
0.32685276796588414
0.32685331551016994
0.32685276796588414
0.3268533902680544
0.523874435592361
0.3283985300784361
0.32977394335496946
0.32685276796588414
0.3268533902680544
0.3268526932079997
0.32685276796588414
0.3268533902680544
0.32685276796588414
0.32685276796588414
0.3268533902680544
0.3268526932079997
0.3268533902680544
0.32687808586756706
0.3268526932079997
0.32685276796588414
0.32685331551016994
0.32685331551016994
0.7960345327386473
0.3547228764416944
0.32685276796588414
0.32685331551016994
0.32685331551016994
0.4468490133558735
0.32867156630830274
0.3268533902680544
0.3292493925864818
0.3268774635653968
0.3268533902680544
0.3268533902680544
0.3268533902680544
0.32685276796588414
0.3268526932079997
0.3268533902680544
0.32685276796588414
0.3268533902680544
0.3268526932079997
0.32685276796588414
0.3268526932079997
0.3268526932079997
0.3268533902680544
0.3268533902680544
0.32685331551016994
0.3268526932079997
0.32685331551016994
0.3268533902680544
0.3285887480021438
0.3268526932079997
0.32685331551016994
0.5240117119642261
0.32685276796588414
0.32685331551016994
0.32685276796588414
0.3268780111096826
0.32685331551016994
0.32685276796588414
0.32977394335496946
0.32685331551016994
0.3268533902680544
0.32685331551016994
0.3268533902680544
0.32685276796588414
1.4414505322587012
0.3274385175300625
0.32685331551016994
0.3268533902680544
0.5239048928593155
0.32685331551016994
0.3268533902680544
0.3268533902680544
0.3268526932079997
0.3269108906725303
0.3268533902680544
0.3268526932079997
0.3268533902680544
0.32685276796588414
0.3268533902680544
0.3286716410661872
0.3465490609756625
0.3268533902680544
0.3268526932079997
0.32685276796588414
0.3268526932079997
0.32685276796588414
0.3268533902680544
0.32685276796588414
0.3268533902680544
0.34654913573354695
0.32685276796588414
0.3286615553045048
0.3268533902680544
0.3268533902680544
0.3385375471796399
0.3465497580357172
0.32685331551016994
0.3268526932079997
0.32685276796588414
0.3268533902680544
0.5535227430530666
0.32685276796588414
0.32685276796588414
0.3268526932079997
0.32687808586756706
0.32685331551016994
0.32685276796588414
0.32685276796588414
0.32685331551016994
0.32685331551016994
0.3268704000491168
0.3268526932079997
0.32685276796588414
0.3268533902680544
0.3268526932079997
0.32685331551016994
0.3268526932079997
0.32685331551016994
0.3268526932079997
0.32685331551016994
0.32685276796588414
0.32685276796588414
0.3268703252912324
0.32685276796588414
0.32685276796588414
0.3268533902680544
0.3268526932079997
0.32685276796588414
0.32685276796588414
0.3268526932079997
0.32685331551016994
0.3268526932079997
0.32685331551016994
0.32685276796588414
0.32685276796588414
0.32685276796588414
0.32685276796588414
0.3268526932079997
0.3268533902680544
0.3268533902680544
0.3547228764416944
0.32685276796588414
0.3268526932079997
0.3268526932079997
0.3268526932079997
0.32685331551016994
0.3268533902680544
0.32784025507436865
0.32685276796588414
0.3268703252912324
0.3268533902680544
0.3268533902680544
0.3268526932079997
0.32685331551016994
0.32685331551016994
0.32685276796588414
0.8668478867728844
0.32685276796588414
0.32685331551016994
0.3268526932079997
0.32685276796588414
0.32685331551016994
0.32685276796588414
0.3268526932079997
0.3268533902680544
0.32784080261865445
0.32685276796588414
0.7957371859598362
0.7957372607177207
0.3385388374999326
0.32685276796588414
0.3268533902680544
0.32685276796588414
0.3268533902680544
0.3268533902680544
0.7960346074965317
0.3268526932079997
0.3268533902680544
0.3268526932079997
0.32685276796588414
0.3268526932079997
0.3268533902680544
0.3268533902680544
0.32685331551016994
0.32685276796588414
0.32685331551016994
0.32687808586756706
0.3268533902680544
0.32685331551016994
0.3268526932079997
0.32687102235128707
0.32685331551016994
0.32685276796588414
0.32685276796588414
0.32685331551016994
0.32685276796588414
0.3268526932079997
0.3268526932079997
0.3268526932079997
0.32685276796588414
1.4414501097169305
0.32685331551016994
0.3268533902680544
0.3268526932079997
0.3268533902680544
0.3268526932079997
0.3268533902680544
0.32685276796588414
0.32685276796588414
0.32685276796588414
0.32685276796588414
0.32685276796588414
0.32685331551016994
0.32685276796588414
0.3278408773765389
0.3268533902680544
0.32685276796588414
1.4414391584149269
0.3268526932079997
0.32685276796588414
0.3268526932079997
0.32685276796588414
0.3268526932079997
0.32693628333209773
0.32685276796588414
0.3268533902680544
0.7957641285179022
0.32685331551016994
0.32685276796588414
0.3268526932079997
0.32685331551016994
0.32685276796588414
0.3268533902680544
0.32685276796588414
0.32685331551016994
0.7960345327386473
0.32685276796588414
0.3268526932079997
0.32685276796588414
0.32784080261865445
0.3268533902680544
0.3268533902680544
0.3268533902680544
0.3268526932079997
1.4414514960420408
0.3269108906725303
0.32685331551016994
0.32685276796588414
0.32685276796588414
0.32685331551016994
0.3385382442396946
0.32685276796588414
0.3297909531360319
0.32685276796588414
0.3268526932079997
1.4414395809566978
0.3268526932079997
0.32685276796588414
0.3268526932079997
0.32685276796588414
0.3268526932079997
0.3268533902680544
0.32685276796588414
0.3268533902680544
0.3269285975136475
0.32685276796588414
0.3268526932079997
0.3268780111096826
0.32685276796588414
0.32685331551016994
0.3268533902680544
0.32685276796588414
0.3268533902680544
0.32685276796588414
0.32685331551016994
0.32685276796588414
0.32685331551016994
0.3283978191948042
0.32685331551016994
0.3292828944514998
0.3286368597049921
0.3268533902680544
0.3268533902680544
0.32687102235128707
0.32685276796588414
0.32685276796588414
0.3268533902680544
0.3268533902680544
0.32685276796588414
0.3268526932079997
0.32685331551016994
0.3268526932079997
0.32685276796588414
0.3268526932079997
0.32685331551016994
0.3297732462949148
0.7957640537600177
0.3268526932079997
0.326911587732585
0.32685276796588414
0.3268533902680544
0.3547235735017491
0.3268526932079997
0.32685331551016994
0.32685276796588414
0.32685276796588414
0.32685276796588414
0.3268533902680544
0.32685276796588414
0.44687947062282807
0.3268704000491168
0.3268533902680544
0.32685276796588414
0.3268526932079997
0.3268533902680544
0.32685276796588414
0.3268526932079997
0.3268533902680544
0.32685276796588414
0.32685276796588414
0.3268533902680544
0.3285886732442594
0.32839915238060635
0.3268526932079997
0.326911587732585
0.32685276796588414
0.3268533902680544
0.33813127018454825
0.32784080261865445
0.32685276796588414
0.32685276796588414
0.32685331551016994
0.32685276796588414
0.32685331551016994
0.33853762193752435
0.32866163006238924
0.32685276796588414
0.3268526932079997
0.32685276796588414
0.32685276796588414
0.32979087837814747
0.3268703252912324
0.7957640537600177
0.32685276796588414
0.32685276796588414
0.34654968327783275
0.3268533902680544
0.32685331551016994
0.32685276796588414
0.3268526932079997
0.32685276796588414
0.32685331551016994
0.47762300103843625
0.3274138219305498
0.3268533902680544
0.3268526932079997
0.3268533902680544
0.3268533902680544
0.3285886732442594
0.32685331551016994
0.3385382442396946
0.32685331551016994
0.3268533902680544
1.4414514960420408
0.3268526932079997
0.32685276796588414
0.32685331551016994
0.3268533902680544
0.3268526932079997
0.32685276796588414
0.3268526932079997
0.35472349874386466
0.3268533902680544
0.32685276796588414
0.3285787369983459
0.32685276796588414
0.3268526932079997
1.4414405447400374
0.32693566102992744
0.32685331551016994
0.35474764679909154
0.32685331551016994
0.3268526932079997
0.3268533902680544
0.3268526932079997
0.32685276796588414
0.5668293099749976
0.32685331551016994
0.338595819402055
0.32685276796588414
0.3268526932079997
0.32685331551016994
0.3773279269229113
0.3268533902680544
0.3268533902680544
0.3268526932079997
0.35472295119957886
0.3268526932079997
0.3268526932079997
0.32685276796588414
0.32685276796588414
0.33813005462214
0.32685331551016994
0.3268533902680544
0.5668306098571383
0.32685276796588414
0.3286210646810913
0.3268533902680544
0.5104866076248786
0.32685276796588414
0.3268533902680544
0.32685331551016994
0.3268526932079997
0.32685276796588414
0.8189089438206256
0.3268526932079997
0.32685331551016994
0.32685331551016994
0.32685331551016994
0.32685331551016994
0.33853762193752435
0.32685276796588414
0.32685276796588414
0.3268526932079997
0.32685276796588414
0.3268533902680544
0.3268526932079997
0.32685331551016994
0.32685276796588414
0.3268533902680544
2.162629970031448
0.3268533902680544
0.32685331551016994
0.3268533902680544
0.32685276796588414
0.3268526932079997
0.5668296562675345
0.32685276796588414
0.7960345327386473
0.32685276796588414
0.32685276796588414
0.32685331551016994
0.3268526932079997
0.32685276796588414
0.3381293575620853
0.3268533902680544
0.3268526932079997
0.32685276796588414
0.4242862872293302
0.3268526932079997
0.3268773888075124
0.32685276796588414
0.32685276796588414
0.32685276796588414
0.3268526932079997
0.3268526932079997
0.3268533902680544
0.3268533902680544
0.32685331551016994
0.3268526932079997
0.35472349874386466
1.4414510735002701
0.32685331551016994
0.3268526932079997
0.3268526932079997
0.3268526932079997
0.3547235735017491
0.3268533902680544
0.32685331551016994
0.3268533902680544
0.3283978191948042
0.32685276796588414
0.3268526932079997
0.3268533902680544
0.3268526932079997
0.3269362085742133
0.582320114722143
0.3297915006803177
0.3268533902680544
0.32687808586756706
0.32685331551016994
0.3268533902680544
0.32685276796588414
1.4414514960420408
0.32687808586756706
0.3268526932079997
0.32685331551016994
0.3268526932079997
0.3268526932079997
0.3268780111096826
0.32685331551016994
0.3268533902680544
0.3268526932079997
0.32685331551016994
0.32685276796588414
0.3278401803164842
0.3268526932079997
0.3268533902680544
0.42425582996237565
0.32685331551016994
0.3268526932079997
0.3268526932079997
0.32685276796588414
0.32685331551016994
0.3268533902680544
0.3268533902680544
0.32685276796588414
0.44706920702759534
0.3268526932079997
0.553522817810951
0.5238745103502453
0.3268533902680544
0.32685331551016994
0.3283978191948042
0.32685331551016994
0.3268533902680544
0.34654968327783275
0.3268533902680544
0.32685331551016994
0.3285886732442594
0.3283978191948042
0.32685276796588414
0.32685276796588414
0.3268526932079997
0.32685276796588414
0.5535227430530666
0.3268526932079997
0.3268533902680544
0.3268526932079997
0.3268526932079997
0.32685276796588414
0.32685331551016994
0.32685331551016994
0.9506287278584509
0.32685276796588414
0.32685331551016994
0.32685331551016994
0.3268533902680544
0.32685331551016994
0.3268533902680544
0.34654968327783275
0.3285787369983459
0.32685331551016994
0.3268526932079997
0.3268533902680544
0.32685331551016994
0.32685331551016994
0.32685276796588414
0.3268533902680544
0.32685331551016994
0.32685276796588414
0.34654968327783275
0.3268526932079997
0.32685276796588414
0.3268533902680544
0.32685276796588414
0.32685276796588414
0.3268533902680544
0.32685331551016994
0.32685276796588414
0.3268533902680544
0.32685331551016994
0.891394309197527
0.3268533902680544
0.32685276796588414
0.3268526932079997
0.32685276796588414
0.3268533902680544
0.32685276796588414
0.32685331551016994
0.3268526932079997
0.32685276796588414
0.32685331551016994
0.32685331551016994
0.3268526932079997
0.32685276796588414
0.3268526932079997
0.32685331551016994
0.32685276796588414
0.32685331551016994
0.3268526932079997
0.3268704000491168
0.3268526932079997
0.32693566102992744
0.32685276796588414
0.32685276796588414
0.3268526932079997
0.3268526932079997
0.32685276796588414
0.3268533902680544
0.3268526932079997
0.3268526932079997
0.32685331551016994
0.3268526932079997
0.3268526932079997
0.3268526932079997
0.32685276796588414
0.7957372607177207
0.3268526932079997
0.32685276796588414
0.3471107372424984
0.32685276796588414
0.3385375471796399
0.32784025507436865
0.3268526932079997
0.32687808586756706
0.32685276796588414
0.32685276796588414
0.32863693446287656
0.32685276796588414
0.35472349874386466
0.3268526932079997
0.3286133688437721
0.3268533902680544
0.32685276796588414
0.3292494673443662
0.32685331551016994
0.32685276796588414
0.3268526932079997
0.3268526932079997
0.3268526932079997
0.32691096543041476
0.3385382442396946
0.3268526932079997
0.32685276796588414
0.3268526932079997
0.3268533902680544
0.32685276796588414
0.32685276796588414
0.3268526932079997
0.32685331551016994
0.3268533902680544
0.32685276796588414
0.3646415013991626
0.3268526932079997
0.32685276796588414
0.3268533902680544
0.32685276796588414
0.3268533902680544
0.32977394335496946
0.32685276796588414
0.3268533902680544
0.3268526932079997
0.32685276796588414
0.32685276796588414
0.3268526932079997
0.32685331551016994
0.32685276796588414
0.32685331551016994
0.32685331551016994
0.32691151297470056
0.3268533902680544
0.3268526932079997
0.32685276796588414
0.32685276796588414
0.32685331551016994
0.7960323605379784
0.32685331551016994
0.32685276796588414
0.32685276796588414
0.3268533902680544
0.3268533902680544
0.32685276796588414
0.32685276796588414
0.5238745103502453
0.3268526932079997
0.3268526932079997
0.32685276796588414
0.3268526932079997
0.3268526932079997
0.3268533902680544
0.3268533902680544
0.3268526932079997
0.3283978191948042
0.32685276796588414
0.3268533902680544
0.3268533902680544
0.3268533902680544
0.32685276796588414
0.32685276796588414
0.32685276796588414
0.3268526932079997
0.32685331551016994
0.3547235735017491
0.32687102235128707
0.3471101149403282
0.3268533902680544
0.32685276796588414
0.32685331551016994
0.32685276796588414
0.32685331551016994
0.32685276796588414
0.3268533902680544
0.3268533902680544
0.5535227430530666
0.3268526932079997
0.32685276796588414
0.32685276796588414
0.32685331551016994
0.32685276796588414
0.3471101896982126
0.3268533902680544
0.3268526932079997
0.35472349874386466
0.32685331551016994
0.3268533902680544
0.32685331551016994
0.32685276796588414
0.32839844149697445
0.3268533902680544
0.3268526932079997
0.3268780111096826
0.3268533902680544
0.32685276796588414
