0.3268774635653968
0.3268533902680544
0.3268533902680544
0.32685276796588414
0.32685276796588414
0.32685276796588414
0.3268526932079997
0.32685276796588414
0.3268533902680544
0.7957641285179022
0.3268526932079997
0.3268533902680544
0.3268533902680544
0.32685276796588414
0.32685276796588414
0.32685276796588414
0.32685276796588414
0.32685276796588414
0.34711081200038285
0.3268533902680544
0.32685276796588414
0.32687102235128707
0.32685276796588414
0.32687102235128707
0.3268533902680544
0.32857866224046145
0.3268533902680544
0.3268526932079997
0.32685276796588414
0.32685276796588414
0.5668293099749976
0.32685276796588414
0.3268533902680544
0.32685276796588414
0.32685276796588414
0.3268533902680544
0.3268533902680544
0.32685276796588414
0.8912250209908006
0.32685276796588414
0.32685276796588414
0.8912329417586258
0.32685276796588414
0.32685276796588414
0.3268533902680544
0.35472295119957886
0.32685276796588414
0.32685276796588414
0.32691096543041476
0.32687102235128707
0.32685276796588414
0.3268533902680544
0.5239049676172
0.32691096543041476
0.32685276796588414
0.3268533902680544
0.32685276796588414
0.326911587732585
0.32685276796588414
0.32685276796588414
0.32922477174485354
0.3268533902680544
0.32685276796588414
0.3471101896982126
0.32685276796588414
0.32685276796588414
0.32685276796588414
0.3268533902680544
0.3268533902680544
0.32685276796588414
0.32685276796588414
0.32685276796588414
0.3268533902680544
0.32685276796588414
0.34656709405584973
0.32685276796588414
0.32685276796588414
0.35474058328281155
0.32685276796588414
0.3268533902680544
0.3268533902680544
0.32691096543041476
0.32685276796588414
0.32685276796588414
0.32685276796588414
0.32685276796588414
0.32685276796588414
0.32685276796588414
0.3268533902680544
0.32685276796588414
0.32685276796588414
0.3268533902680544
0.3278408773765389
0.32685276796588414
0.32685276796588414
0.32685276796588414
0.3268533902680544
0.3268533902680544
0.32685276796588414
0.32685276796588414
0.32685276796588414
0.5668540055745103
0.32685276796588414
0.32685276796588414
0.32785788715760134
0.32685276796588414
0.32685276796588414
0.32685276796588414
0.3268533902680544
0.32685276796588414
0.3268533902680544
0.9504673604195495
0.32685276796588414
0.32685276796588414
0.3268533902680544
0.32685276796588414
0.32685276796588414
0.7957641285179022
0.32685276796588414
0.32685276796588414
0.32685276796588414
0.32685276796588414
0.32685276796588414
0.32685276796588414
0.4242869981129621
0.32687102235128707
0.3268774635653968
0.3268704000491168
0.32685276796588414
0.32685276796588414
0.4242565408460075
0.32685276796588414
0.32685276796588414
0.32685276796588414
0.3268533902680544
0.32685276796588414
0.3268526932079997
0.3268533902680544
0.7957641285179022
0.32685276796588414
0.32685276796588414
0.32685276796588414
0.32685276796588414
0.32685276796588414
0.32685276796588414
0.32691096543041476
0.32685276796588414
0.32685276796588414
0.3268774635653968
0.5238745103502453
0.3268533902680544
0.3268533902680544
0.3268533902680544
0.32685276796588414
0.32685276796588414
0.32685276796588414
0.32691096543041476
0.3268533902680544
1.4414401221982664
0.3268533902680544
0.3268533902680544
0.32685276796588414
0.35472295119957886
0.32685276796588414
0.3268533902680544
0.32685276796588414
0.32685331551016994
0.3268533902680544
0.3268533902680544
0.32685276796588414
0.3268704000491168
0.32685276796588414
0.32685276796588414
0.3268533902680544
0.3268709475934026
0.3268533902680544
0.32685276796588414
0.5668306098571383
0.3268704000491168
0.32685276796588414
0.32685276796588414
0.32741444423272004
0.5668293099749976
0.32685276796588414
0.32685276796588414
0.32685276796588414
0.32685276796588414
0.32685276796588414
0.32685276796588414
0.32685276796588414
0.3268533902680544
0.32685276796588414
0.32685276796588414
0.3274138219305498
0.32685276796588414
0.32685276796588414
0.32685276796588414
0.32685276796588414
0.3268533902680544
0.32685276796588414
0.3268704000491168
0.32687102235128707
0.3285787369983459
0.32685276796588414
0.32687808586756706
0.3268533902680544
0.32685276796588414
0.32691096543041476
0.32685276796588414
1.4414510735002701
0.32685276796588414
0.32685276796588414
0.3268704000491168
0.32685276796588414
0.32685276796588414
0.8917922729508803
0.32685276796588414
0.32685276796588414
0.32685276796588414
0.3268533902680544
0.32693566102992744
0.8912329417586258
0.32685276796588414
0.32685276796588414
0.32685276796588414
0.32685276796588414
0.32685276796588414
0.32691096543041476
0.3268533902680544
0.32685276796588414
0.32685276796588414
0.32685276796588414
0.32685276796588414
0.3268533902680544
0.3283985300784361
0.32685276796588414
0.3285787369983459
0.32685276796588414
0.3268533902680544
0.3268533902680544
0.32685276796588414
0.32685276796588414
0.32685276796588414
0.32685276796588414
0.32685276796588414
0.3268533902680544
0.3292347827486515
0.3268533902680544
0.32685276796588414
0.35472295119957886
0.3268533902680544
0.3268526932079997
0.3268533902680544
0.32687808586756706
0.32685276796588414
0.3268533902680544
0.32685276796588414
0.3268533902680544
0.32685276796588414
0.32685276796588414
0.3278408773765389
0.3268533902680544
0.3268533902680544
0.32685276796588414
0.32685276796588414
0.3268533902680544
0.32685276796588414
0.3268533902680544
0.3268533902680544
0.32866163006238924
0.32685276796588414
0.32685276796588414
0.32685276796588414
0.3268533902680544
0.32685276796588414
0.3268533902680544
0.32685276796588414
0.32685276796588414
0.32685276796588414
0.32685276796588414
0.32685276796588414
0.5239049676172
0.3268533902680544
0.32685276796588414
0.3268533902680544
0.32685276796588414
0.32685276796588414
1.4414391584149269
0.32685276796588414
0.32685276796588414
0.32685276796588414
0.32685276796588414
0.32685276796588414
0.32685276796588414
0.32685276796588414
0.32861344360165656
0.32685276796588414
0.32685276796588414
0.3268774635653968
0.32685276796588414
0.3268774635653968
0.3268704000491168
0.35472349874386466
0.32685276796588414
0.3268533902680544
1.4414528812301675
0.3268533902680544
0.32685276796588414
0.3268533902680544
0.32685276796588414
0.3268533902680544
0.32685276796588414
0.32685276796588414
0.32685276796588414
0.32685276796588414
0.32685276796588414
1.4519768960685846
0.3268533902680544
0.32685276796588414
0.3268533902680544
0.32685276796588414
0.32685276796588414
0.32685276796588414
0.32685276796588414
0.3268533902680544
0.3268533902680544
0.32685276796588414
0.3381294323199697
0.3268533902680544
0.32691096543041476
0.32685276796588414
0.3268533902680544
0.3268533902680544
0.3268774635653968
0.3268533902680544
0.3268533902680544
0.3268533902680544
0.32685276796588414
0.34654913573354695
0.32685276796588414
0.3285887480021438
0.32685276796588414
0.32685276796588414
0.32685276796588414
0.32685276796588414
0.32685276796588414
0.32685276796588414
0.8912329417586258
0.32685276796588414
0.32685276796588414
0.32685276796588414
0.32685276796588414
0.3268704000491168
0.3268533902680544
0.33853762193752435
0.32685276796588414
0.32685276796588414
0.3268533902680544
0.3268533902680544
0.32685276796588414
0.32691096543041476
0.32685276796588414
0.32685276796588414
0.32685276796588414
0.3268533902680544
0.3268533902680544
0.32685276796588414
0.32685276796588414
0.34716838716274323
0.32685276796588414
0.32685276796588414
0.32685276796588414
0.32685276796588414
0.32685276796588414
0.3268533902680544
0.32685276796588414
0.4242565408460075
1.4414401221982664
0.3268533902680544
0.3268533902680544
0.32685276796588414
0.32685276796588414
0.32685276796588414
0.32685276796588414
0.3268704000491168
0.32685276796588414
0.32685276796588414
0.32685276796588414
0.3268533902680544
0.32685276796588414
0.32685276796588414
0.3268533902680544
0.3268533902680544
0.32685276796588414
0.32685276796588414
0.32685276796588414
0.32685276796588414
0.32685276796588414
0.32685276796588414
0.3268704000491168
0.3268774635653968
0.3268704000491168
0.3268704000491168
0.3289581317822853
0.3268533902680544
0.35472295119957886
0.32685276796588414
0.32685276796588414
0.32685276796588414
0.32685276796588414
0.3268533902680544
0.32685276796588414
0.32685276796588414
0.32685276796588414
0.35472295119957886
0.32685276796588414
0.3268704000491168
0.32685276796588414
0.3268533902680544
0.3268533902680544
0.3292347827486515
0.32685276796588414
0.32685276796588414
0.32685276796588414
0.326911587732585
0.32685276796588414
0.32685276796588414
0.32685276796588414
0.32685276796588414
0.3268533902680544
0.32685276796588414
0.3268533902680544
0.32685276796588414
0.32977394335496946
0.32685276796588414
0.32685276796588414
0.32685276796588414
0.3285787369983459
0.32685276796588414
0.3268774635653968
0.3268533902680544
0.32685276796588414
0.32685276796588414
0.32685276796588414
0.34654913573354695
0.3292347827486515
0.32685276796588414
0.32685276796588414
0.32685276796588414
0.7960077396963502
0.32685276796588414
0.32685276796588414
0.32685276796588414
0.32691096543041476
0.32685276796588414
0.32685276796588414
0.32685276796588414
0.32685276796588414
0.32685276796588414
0.32685276796588414
0.3278408773765389
0.32685276796588414
0.32685276796588414
0.32685276796588414
0.32685276796588414
0.3268533902680544
0.32685276796588414
0.32685276796588414
0.32685276796588414
0.32685276796588414
0.3268533902680544
0.32685276796588414
0.32685276796588414
0.32685276796588414
0.3268533902680544
0.32685276796588414
0.3268533902680544
0.3268533902680544
0.32741444423272004
0.32685276796588414
0.32685276796588414
0.3268533902680544
0.32685276796588414
0.32685276796588414
0.3268533902680544
0.32685276796588414
0.3268533902680544
0.3268533902680544
0.32685276796588414
0.3268774635653968
0.32685276796588414
0.32685276796588414
0.3268704000491168
0.3465497580357172
0.3268533902680544
0.3268533902680544
0.7307549815294871
0.32685276796588414
0.32685276796588414
0.32685276796588414
1.4414501097169305
0.32685276796588414
0.32685276796588414
0.32685276796588414
0.3268533902680544
0.3268704000491168
0.32685276796588414
0.32685276796588414
1.2334930033023344
0.32685276796588414
0.3268704000491168
0.3268704000491168
0.32685276796588414
0.3268533902680544
0.3268533902680544
0.32685276796588414
0.32685276796588414
0.32691096543041476
0.32685276796588414
0.32685276796588414
0.32685276796588414
0.3268704000491168
0.34656676781677964
0.32685276796588414
0.3268533902680544
0.3268533902680544
0.5238745103502453
0.32685276796588414
0.32685276796588414
0.32685276796588414
0.3268533902680544
0.33909867590219
0.3268533902680544
0.3268533902680544
0.32685276796588414
0.32685276796588414
0.32685276796588414
0.32685276796588414
0.3268704000491168
0.32685276796588414
0.3268533902680544
0.32685276796588414
0.3268533902680544
0.3268533902680544
1.4414510735002701
0.3268533902680544
0.32685276796588414
0.32685276796588414
0.32685276796588414
0.3268533902680544
0.32685276796588414
0.32685276796588414
0.32685276796588414
0.32685276796588414
0.3268533902680544
0.32685276796588414
0.3268533902680544
1.4414401221982664
0.32685276796588414
0.32685276796588414
0.3268533902680544
0.3268533902680544
1.4414514960420408
0.32685276796588414
0.32685276796588414
0.32685276796588414
0.32685276796588414
0.7957641285179022
0.32685276796588414
0.3268533902680544
0.32685276796588414
0.3268533902680544
0.32685276796588414
0.32685276796588414
0.32685276796588414
0.32685276796588414
0.32685276796588414
0.32685276796588414
0.3268533902680544
0.35472295119957886
0.32685276796588414
0.3268533902680544
0.32685276796588414
0.32741444423272004
0.3268526932079997
0.32685276796588414
0.32685276796588414
0.32685276796588414
0.32685276796588414
0.32685276796588414
0.32687808586756706
0.3268533902680544
0.33853762193752435
0.32685276796588414
0.8912250209908006
0.32685276796588414
0.32685276796588414
0.32685276796588414
0.3268533902680544
0.32685276796588414
0.32685276796588414
0.32685276796588414
0.32685276796588414
0.3285887480021438
0.32691096543041476
0.32685276796588414
0.3268533902680544
0.3268533902680544
0.32685276796588414
0.32685276796588414
0.32685276796588414
0.3268533902680544
0.32685276796588414
0.32685276796588414
0.32685276796588414
0.3268533902680544
0.3268533902680544
0.32685276796588414
0.3269532931131602
0.32685276796588414
0.7976304785020141
0.32685276796588414
0.32685276796588414
0.3297733210527992
0.32685276796588414
0.3268533902680544
0.3268533902680544
0.32685276796588414
0.3268704000491168
0.33986541235622947
0.3268774635653968
0.32685276796588414
0.33853762193752435
0.3268704000491168
0.32685276796588414
0.8912329417586258
0.3268533902680544
0.32693566102992744
0.3268774635653968
0.32685276796588414
0.5239049676172
0.3268533902680544
0.32685276796588414
0.32685276796588414
0.3268533902680544
0.32685276796588414
0.32685276796588414
0.32685276796588414
0.4242565408460075
0.32685276796588414
0.3385375471796399
0.3268704000491168
0.3285787369983459
0.32685276796588414
0.32685276796588414
0.35474113082709735
0.32685276796588414
0.32685276796588414
0.3268533902680544
0.32685276796588414
0.7960593030960443
0.32685276796588414
0.32685276796588414
0.3268533902680544
0.32685331551016994
0.32685276796588414
0.3268533902680544
0.3268533902680544
0.32685276796588414
0.32685276796588414
0.32685276796588414
0.5668293099749976
0.35472349874386466
0.32685276796588414
0.326911587732585
1.4414401221982664
0.3268774635653968
0.3268533902680544
0.32685276796588414
0.32685276796588414
0.32685276796588414
0.3268533902680544
0.3268533902680544
0.3268533902680544
0.32685276796588414
0.32685276796588414
0.32685276796588414
0.32685276796588414
0.3268533902680544
0.3268533902680544
0.3268533902680544
0.3268533902680544
0.3297733210527992
0.32685276796588414
0.32685276796588414
0.3274138219305498
0.3268533902680544
0.3268533902680544
0.3268533902680544
0.32685276796588414
0.32685276796588414
0.326911587732585
0.3268533902680544
0.32685276796588414
0.32685276796588414
0.3268533902680544
0.32685276796588414
0.3268533902680544
0.32687102235128707
0.3268533902680544
0.32685276796588414
0.3268533902680544
0.32687808586756706
0.32741444423272004
0.33813005462214
1.4414405447400374
0.32685276796588414
0.32784025507436865
0.32685276796588414
0.3268533902680544
0.3268533902680544
0.32685276796588414
0.32685276796588414
0.32685276796588414
0.34654913573354695
0.32685276796588414
0.32685276796588414
0.32685276796588414
0.32685276796588414
0.32685276796588414
0.3471101896982126
0.3268533902680544
0.32685276796588414
0.32685276796588414
0.3268704000491168
0.32685276796588414
0.8548781865220142
0.32687808586756706
0.32685276796588414
0.3268533902680544
0.32685276796588414
0.32685276796588414
0.3268533902680544
0.32685276796588414
0.32685276796588414
0.32685276796588414
0.32685276796588414
0.3268533902680544
0.32685276796588414
0.32691096543041476
0.32685276796588414
0.3268533902680544
0.32685276796588414
0.32685276796588414
0.3268704000491168
0.32741374717266536
0.32685276796588414
0.3268533902680544
0.3268533902680544
0.32685276796588414
0.3268533902680544
0.3268533902680544
0.3268533902680544
0.34654913573354695
0.32685276796588414
0.32687102235128707
0.5239515014104698
0.326911587732585
0.32685276796588414
0.32685276796588414
0.3268533902680544
0.32685276796588414
0.3268533902680544
0.32685276796588414
0.32685276796588414
0.3268533902680544
0.32685276796588414
0.32685276796588414
0.3268533902680544
0.32685276796588414
0.32685276796588414
0.32685276796588414
0.3268533902680544
0.32685276796588414
0.32685276796588414
0.3268533902680544
0.3268533902680544
0.32685276796588414
0.32685276796588414
0.3268533902680544
0.32685331551016994
0.32685276796588414
0.32685276796588414
0.32685276796588414
0.32685276796588414
0.32685276796588414
0.3268533902680544
0.3268704000491168
0.32685276796588414
0.32685276796588414
0.3285787369983459
0.32685276796588414
0.3268950956486295
0.32685276796588414
0.7960346074965317
0.32685276796588414
0.32685276796588414
0.32685276796588414
0.326911587732585
0.3268533902680544
0.32685276796588414
0.32685276796588414
0.32685276796588414
0.3268533902680544
0.3268773888075124
0.3268533902680544
0.32685276796588414
0.3268533902680544
0.3268533902680544
0.32685276796588414
0.32685276796588414
0.35472295119957886
0.32685276796588414
0.3268533902680544
0.3268533902680544
0.3268533902680544
0.32685276796588414
0.3268533902680544
0.3292347827486515
0.32685276796588414
0.32685276796588414
0.3268533902680544
0.32685276796588414
0.3268533902680544
0.32685276796588414
0.3268533902680544
0.32685276796588414
0.3268774635653968
1.6536036616723508
0.3297733210527992
0.32685276796588414
0.32685276796588414
0.32685276796588414
0.3268704000491168
0.32685276796588414
0.32685276796588414
0.32685276796588414
0.3268533902680544
0.32685276796588414
0.3268704000491168
0.3268533902680544
0.32685276796588414
0.32685276796588414
0.32685276796588414
0.3268533902680544
0.3268533902680544
0.3269532931131602
0.3268533902680544
0.32685276796588414
0.3268704000491168
0.32685276796588414
0.32685276796588414
0.32685276796588414
0.3268533902680544
0.32685276796588414
0.32685276796588414
0.3381294323199697
0.32685276796588414
0.32685276796588414
0.3547228764416944
0.32685276796588414
0.32685276796588414
0.32685276796588414
0.3268533902680544
0.7957641285179022
0.32685276796588414
0.32685276796588414
0.32685276796588414
0.3268533902680544
0.3268533902680544
0.32685276796588414
0.32685276796588414
0.3268533902680544
0.32685276796588414
0.32685276796588414
0.32685276796588414
0.32685276796588414
0.3268533902680544
0.3285787369983459
0.3268533902680544
0.3268533902680544
0.3268533902680544
0.3268533902680544
0.32685276796588414
0.32685276796588414
1.4414401221982664
0.32685276796588414
0.553522817810951
0.32685276796588414
0.3268533902680544
0.32685276796588414
0.32685276796588414
0.3268533902680544
0.3268533902680544
0.8885124152362023
0.32685276796588414
0.32685276796588414
0.32691096543041476
0.32685276796588414
1.4414401221982664
0.3268533902680544
0.32685276796588414
0.3268533902680544
0.32685276796588414
0.32685276796588414
0.32685276796588414
0.32685276796588414
0.3268533902680544
0.3547228764416944
0.3268704000491168
0.3268533902680544
0.32685276796588414
0.3297733210527992
0.32691096543041476
0.3268533902680544
0.32685276796588414
0.3646408790969924
0.3268704000491168
0.32685276796588414
0.3268533902680544
0.32691096543041476
0.32685276796588414
0.33853762193752435
0.3268704000491168
0.3268704000491168
0.3268533902680544
0.32685276796588414
0.32691096543041476
0.32685276796588414
0.3268533902680544
0.32685276796588414
0.4250177629522176
0.3268533902680544
0.3268533902680544
0.32685276796588414
0.3268533902680544
0.32691096543041476
0.32685276796588414
0.32685276796588414
0.32685276796588414
0.32685276796588414
0.32685276796588414
0.3268533902680544
0.32685276796588414
0.32685276796588414
0.32685276796588414
0.32685276796588414
0.32685276796588414
0.32685276796588414
0.3268533902680544
0.32685276796588414
0.3268704000491168
0.3268533902680544
0.5238745103502453
0.32685276796588414
0.32685276796588414
0.32685276796588414
0.32685276796588414
0.32685276796588414
0.32685276796588414
0.32685276796588414
0.32685276796588414
0.3268526932079997
0.32691096543041476
0.32685276796588414
0.3268533902680544
0.3268533902680544
0.32691096543041476
0.32685276796588414
0.32685276796588414
0.3268533902680544
0.32685276796588414
0.32685276796588414
0.32685276796588414
0.32685276796588414
0.3268704000491168
0.32685276796588414
0.32685276796588414
0.3268704000491168
0.32685276796588414
0.32685276796588414
0.32685331551016994
0.32685276796588414
0.32685276796588414
0.33853762193752435
0.3297733210527992
0.3268533902680544
0.32685276796588414
0.3268774635653968
0.32685276796588414
