0.32715861917120104
0.3271592414733713
0.32716074672727874
0.3271593300548329
0.9881046674923802
0.32715861917120104
1.0447178302588682
0.32716074672727874
0.32716074672727874
0.3493177061462427
0.3271599523570031
0.32760380263100825
0.32715861917120104
0.5624153602840742
0.3272022952728796
0.32716003584364683
0.32715861917120104
1.0432567274542794
0.3271854423267914
0.3271593300548329
0.3271593300548329
0.5298714881116121
0.32716003584364683
0.3638159966607196
0.4232900297172262
0.32716003584364683
0.3271593300548329
0.32716074672727874
1.6201710081360945
0.3271593300548329
0.3271593300548329
0.32715861917120104
0.3271593300548329
0.32716003584364683
0.3271593300548329
0.3271593300548329
0.32716074672727874
0.327161369029449
1.0447160921505927
0.3271847314431595
0.32716074672727874
0.3271593300548329
0.32717759967336685
0.32716003584364683
0.4252982868439156
0.3297732462949148
0.32715861917120104
0.32715861917120104
0.32715861917120104
0.32715861917120104
0.3271599523570031
0.9880547593249444
0.32839985816942024
0.32716074672727874
0.3271593300548329
0.32715861917120104
0.34504091352765043
0.3271593300548329
0.3271593300548329
0.32715861917120104
0.3271599523570031
0.3312154830610635
0.3271593300548329
0.32715861917120104
0.32715861917120104
0.32715861917120104
0.3271593300548329
0.3271593300548329
0.3271599523570031
0.3283978191948042
0.3271593300548329
1.6308734394451017
0.3271592414733713
0.3271847314431595
0.32715861917120104
0.5304981672824932
0.3271592414733713
0.9880811930327325
0.3271593300548329
0.32715861917120104
0.32715861917120104
0.32715861917120104
0.32716074672727874
0.3271593300548329
0.32715861917120104
0.5297646690067014
0.32716074672727874
0.3271593300548329
0.32715861917120104
0.32715861917120104
0.32715861917120104
0.3271593300548329
0.32715861917120104
0.7279004069234539
0.3450423302000963
0.32715861917120104
0.32715861917120104
0.32715861917120104
0.32716074672727874
1.6201710081360945
0.7279010149361418
0.32839915238060635
0.32715861917120104
0.3271593300548329
0.32715861917120104
0.32716003584364683
0.32716003584364683
0.32715861917120104
0.3271593300548329
0.3271593300548329
0.327161369029449
0.32716003584364683
0.3460081146541708
0.3271593300548329
0.3271593300548329
0.32716003584364683
0.7279004069234539
0.32715861917120104
0.3271854423267914
0.32715861917120104
0.5297646690067014
0.5304677100155386
0.32715861917120104
0.3271593300548329
0.3271593300548329
0.3271593300548329
0.32715861917120104
0.32715861917120104
0.3271593300548329
0.32715861917120104
0.3271593300548329
0.3271592414733713
0.3271593300548329
0.3271592414733713
0.32716003584364683
0.9882818248782455
0.3283999467508819
0.32716074672727874
0.327161369029449
0.75144300460735
0.3271593300548329
0.32715861917120104
0.3271593300548329
0.32715861917120104
0.32715861917120104
0.32717751109190524
0.32716003584364683
0.3271593300548329
0.32715861917120104
0.3271593300548329
0.32715861917120104
0.32716074672727874
0.3271593300548329
0.32716003584364683
0.32716074672727874
0.3271599523570031
0.3311886599054731
0.4252943555000325
0.32715861917120104
0.32771972612895767
0.3271592414733713
0.45058982831978306
0.32715861917120104
0.3271599523570031
0.32715861917120104
0.37317064860283006
0.32716074672727874
0.32839923586725006
0.3271593300548329
0.3271592414733713
0.32716003584364683
0.32715861917120104
0.32715861917120104
0.7279004856657298
0.3271593300548329
0.3271593300548329
0.3596394161093607
0.3271593300548329
0.3271592414733713
0.327161369029449
0.32716074672727874
0.32715861917120104
0.32715861917120104
0.3596379994369149
0.32715861917120104
0.3271593300548329
0.32716074672727874
0.32715861917120104
0.32715861917120104
0.32716003584364683
0.4260258312229199
0.3271593300548329
0.32841467214089237
0.32716074672727874
0.32716003584364683
0.7419526246176084
0.3271593300548329
0.32715861917120104
0.32715861917120104
0.3271593300548329
0.32716003584364683
0.32715861917120104
0.32716074672727874
0.3271847314431595
0.32715861917120104
0.3277183094565118
0.32716003584364683
0.3271593300548329
0.32715861917120104
0.32716003584364683
0.32716003584364683
0.32716074672727874
0.32716003584364683
0.32715861917120104
0.3450430410837282
0.3271593300548329
0.3271593300548329
0.327161369029449
0.32715861917120104
0.35157287385468217
0.3271599523570031
0.3283985300784361
0.32715861917120104
0.32715861917120104
0.32716003584364683
0.3271606581458171
0.32716003584364683
0.32841467214089237
0.3271606581458171
0.3271592414733713
0.32715861917120104
0.3271593300548329
0.327161369029449
0.3271840256543456
0.3271593300548329
0.3271593300548329
0.32715861917120104
0.3271593300548329
0.4439474432982341
0.4261791185730972
0.32715861917120104
0.32715861917120104
0.32716003584364683
1.6201701943053584
0.3271593300548329
0.3271593300548329
0.32716003584364683
0.32716003584364683
0.32716074672727874
0.3271599523570031
0.32715861917120104
0.33119007657791893
0.32716003584364683
0.32716003584364683
0.32716074672727874
0.32716003584364683
0.32716003584364683
0.32715861917120104
0.3271593300548329
0.32716074672727874
0.3271593300548329
0.3271592414733713
0.32716003584364683
0.32716074672727874
0.32715861917120104
0.5298714133537277
0.9880732722649073
0.32716074672727874
0.3271593300548329
0.3271593300548329
0.3271592414733713
0.33096466792756996
0.7278997937962769
0.32715861917120104
0.32715861917120104
0.32716074672727874
0.32715861917120104
0.32716003584364683
0.32715861917120104
0.32716003584364683
0.3596387103205468
0.32715861917120104
1.071522789970526
0.32715861917120104
0.3271593300548329
0.3283985300784361
0.32715861917120104
0.3271593300548329
0.3271847314431595
0.32715861917120104
0.3271593300548329
0.3281649095887649
0.3271593300548329
0.3271593300548329
0.3271593300548329
0.3638161077797418
0.32715861917120104
0.32716003584364683
0.32716074672727874
0.32715861917120104
0.32715861917120104
0.7280388939124474
0.32771972612895767
0.32841608881333817
0.3596387103205468
0.32716074672727874
0.32715861917120104
0.5297342117397468
0.32716003584364683
0.3515721629710503
0.32716003584364683
0.3271592414733713
0.32716074672727874
0.3271854423267914
0.32716074672727874
0.3271593300548329
0.32717547211728915
0.32715861917120104
0.32716003584364683
0.7278997937962769
0.3283999467508819
0.35157287385468217
0.3271593300548329
0.3312147721774316
0.3271593300548329
0.3271593300548329
0.3271599523570031
0.3596387103205468
0.3607348660540065
0.32715861917120104
0.32716003584364683
0.32715861917120104
0.3271593300548329
0.32716003584364683
0.3271593300548329
0.32715861917120104
0.3515735796434961
0.32760451351464015
0.32716003584364683
0.32715861917120104
0.3271606581458171
0.32716074672727874
0.3450423302000963
0.3638154854775716
0.3460088255378027
0.4252989977275474
0.32717618300092105
0.32716074672727874
0.3271847314431595
0.32716003584364683
0.32715861917120104
0.3271593300548329
0.32716003584364683
0.32715861917120104
0.32716074672727874
0.32715861917120104
0.32715861917120104
0.32716074672727874
0.32715861917120104
0.32716003584364683
0.3271593300548329
0.3271606581458171
0.32716003584364683
0.988079454924457
0.32716074672727874
0.3596393326227171
0.32715861917120104
0.3271593300548329
0.327161369029449
0.32715861917120104
0.3271593300548329
0.32716074672727874
0.32716003584364683
0.32716003584364683
1.6308743803789343
0.32716003584364683
0.3638147745939397
0.32715861917120104
0.32715861917120104
0.5304982420403777
0.32716003584364683
0.3271593300548329
0.3271593300548329
0.327161369029449
0.9880547593249444
0.32716003584364683
0.32715861917120104
0.32716074672727874
0.3271593300548329
0.32716074672727874
0.32716074672727874
0.7278997937962769
0.3450416244112824
0.3271593300548329
0.3276052193034541
0.32716003584364683
0.3271593300548329
0.327161369029449
0.32716074672727874
0.3276044249331785
0.9880799718928676
0.727899185783589
0.32715861917120104
0.32715861917120104
0.32716003584364683
0.32715861917120104
0.32715861917120104
0.32716074672727874
0.32715861917120104
0.3271599523570031
0.3271593300548329
0.3676222400227544
0.3271593300548329
0.32715861917120104
0.35229121649255635
0.3271592414733713
0.565939989816868
0.3596387103205468
0.32715861917120104
0.32715861917120104
0.32715861917120104
0.32716003584364683
0.32716003584364683
0.3271593300548329
0.3271593300548329
0.32716074672727874
0.32716003584364683
0.4252638982330779
0.4252943555000325
0.3271592414733713
0.3596387103205468
0.3271593300548329
0.32715861917120104
0.6891297049337389
0.32715861917120104
0.32716074672727874
0.32715861917120104
0.3271593300548329
0.3271592414733713
0.32716003584364683
0.32716074672727874
0.32716003584364683
0.3271593300548329
0.32716074672727874
0.3271593300548329
0.32716003584364683
0.32715861917120104
0.32716003584364683
0.3271593300548329
0.32715861917120104
0.3271593300548329
0.32715861917120104
0.32716003584364683
0.3276052193034541
0.32715861917120104
0.32715861917120104
0.32716003584364683
0.3271592414733713
0.32715861917120104
0.3276052193034541
0.32715861917120104
1.0432923030697574
0.32715861917120104
0.32716074672727874
0.3271593300548329
0.3271592414733713
0.32715861917120104
0.34504091352765043
0.3271592414733713
0.32716003584364683
0.9880547593249444
0.3271592414733713
0.32716074672727874
0.32715861917120104
0.33122549406486146
0.3271599523570031
0.3450430410837282
0.32715861917120104
0.32715861917120104
0.32760380263100825
0.32715861917120104
0.3271593300548329
0.3271593300548329
0.327628498230521
0.3638161912663855
0.3271593300548329
0.32715861917120104
0.32715861917120104
0.3271593300548329
0.32715861917120104
0.32715861917120104
0.32716003584364683
0.3271593300548329
0.32715861917120104
0.32715861917120104
0.32760380263100825
0.32716003584364683
0.3271599523570031
0.32715861917120104
0.3284246423503946
0.32715861917120104
0.32715861917120104
0.32715861917120104
0.3271593300548329
0.3271593300548329
0.3271599523570031
0.32716003584364683
0.32715861917120104
0.3271593300548329
0.32715861917120104
0.32716074672727874
0.3271593300548329
0.6891544005332516
1.2256790848464683
1.6422376206750424
0.32716074672727874
0.3271840256543456
0.32715861917120104
0.3271593300548329
0.32716003584364683
0.32715861917120104
0.3271599523570031
0.32716003584364683
0.32715861917120104
0.3271592414733713
0.32715861917120104
0.32715861917120104
0.3271606581458171
0.32716003584364683
1.0130901690990106
0.3271593300548329
0.32716003584364683
0.3271593300548329
0.32715861917120104
0.3271593300548329
0.32715861917120104
0.5297647437645858
0.32715861917120104
0.32715861917120104
0.32716074672727874
0.32716003584364683
0.3276065524892562
0.32716003584364683
0.3271599523570031
0.3638147745939397
0.32774371084483844
0.32716074672727874
0.3271593300548329
0.3283978191948042
0.32715861917120104
0.32983144375944545
0.32715861917120104
0.32716074672727874
0.4252989977275474
0.32715861917120104
0.32715861917120104
0.3271593300548329
0.32715861917120104
0.3271593300548329
0.32715861917120104
0.32715861917120104
0.32715861917120104
0.3271840256543456
0.32715861917120104
0.3271593300548329
0.3271592414733713
0.3271606581458171
0.32716003584364683
0.3276051358168104
0.3271593300548329
0.32716003584364683
0.3271592414733713
0.3271606581458171
0.3271593300548329
0.32716003584364683
0.32715861917120104
0.32716074672727874
0.32715861917120104
0.34504091352765043
0.34504091352765043
0.32716003584364683
0.32715861917120104
0.32715861917120104
0.32715861917120104
0.3271593300548329
0.9880811930327325
0.3271840256543456
0.3271593300548329
0.32716003584364683
0.3276044249331785
0.3271593300548329
0.3271593300548329
0.32715861917120104
0.32760380263100825
0.351574290527128
0.5297647437645858
0.32715861917120104
0.3271593300548329
0.32716003584364683
0.32715861917120104
0.3271593300548329
0.32716003584364683
0.32715861917120104
0.32715861917120104
0.3271593300548329
0.3271599523570031
0.32715861917120104
0.32715861917120104
0.32839923586725006
0.32716003584364683
0.32760451351464015
0.8545973272112829
0.32716003584364683
0.3271593300548329
0.3271593300548329
0.32716003584364683
0.32716074672727874
0.32716074672727874
0.32716074672727874
0.32716074672727874
0.32715861917120104
0.3271599523570031
0.32716074672727874
1.7620053003061062
0.32716074672727874
0.3298315185173299
0.327161369029449
0.32715861917120104
0.3276065524892562
0.32715861917120104
0.32715861917120104
0.3638154854775716
0.32715861917120104
0.3271606581458171
0.32716003584364683
0.3271593300548329
0.32716074672727874
0.32715861917120104
0.3271592414733713
0.3271592414733713
0.32715861917120104
0.32716074672727874
0.32715861917120104
0.32716003584364683
0.3271599523570031
0.32715861917120104
0.32715861917120104
0.3271593300548329
0.3271606581458171
0.32983214081950013
0.32716003584364683
0.32715861917120104
0.5081771088056776
0.32715861917120104
0.3271593300548329
0.32715861917120104
0.3271599523570031
0.32715861917120104
0.3271593300548329
0.3271593300548329
0.3271593300548329
0.32715861917120104
0.3277183094565118
0.32716003584364683
0.32715861917120104
0.32715861917120104
0.32715861917120104
0.32715861917120104
0.32715861917120104
0.32716003584364683
0.32716003584364683
0.3271593300548329
0.32716003584364683
0.32716003584364683
0.32716074672727874
0.3638154854775716
0.5306049863874038
0.33121406638861767
0.3271593300548329
0.32716003584364683
0.3271593300548329
0.7279004069234539
0.32715861917120104
0.32715861917120104
0.3271599523570031
0.3596379994369149
0.6891551114168835
0.32716074672727874
0.32716074672727874
0.3271593300548329
0.6891304158173708
0.32716074672727874
0.3271593300548329
0.3271593300548329
0.3271593300548329
0.3311986709092711
0.3271593300548329
0.3283978191948042
0.32716074672727874
0.3271593300548329
0.3271593300548329
0.32716074672727874
0.32715861917120104
0.3271592414733713
0.32715861917120104
0.32716003584364683
0.3271592414733713
0.3311907874615508
0.331189370789105
0.32715861917120104
0.3271593300548329
0.3271593300548329
0.3271593300548329
0.32715861917120104
0.32715861917120104
0.32716074672727874
0.32716003584364683
0.3271592414733713
0.32715861917120104
0.3271593300548329
0.327161369029449
0.32841467214089237
0.3277183094565118
0.32715861917120104
0.3309653788112018
0.32715861917120104
0.3271606581458171
0.3271593300548329
0.32716074672727874
0.6891889896047564
0.3271833147707137
0.5306049116295194
0.32715861917120104
0.3271606581458171
0.32716074672727874
0.3271593300548329
0.3271592414733713
0.3271593300548329
0.32716074672727874
0.3596387103205468
0.32716074672727874
0.32716074672727874
0.32715861917120104
0.34504091352765043
0.3271593300548329
0.32715861917120104
0.3271593300548329
0.32715861917120104
0.9881046674923802
0.3309746789313679
0.3271592414733713
0.5305744543625648
0.32715861917120104
0.3271593300548329
0.32716003584364683
0.32715861917120104
0.3271593300548329
0.3596393326227171
0.32716003584364683
0.32716074672727874
0.34559989292932936
0.3271833147707137
0.32716003584364683
0.32716074672727874
0.3277183094565118
0.3450422467134526
0.32715861917120104
0.32716003584364683
0.32715861917120104
0.32716003584364683
0.3515721629710503
0.3271593300548329
0.3271599523570031
0.9880547593249444
0.32716003584364683
0.32715861917120104
0.32715861917120104
0.32716003584364683
0.3271593300548329
0.32715861917120104
0.32716003584364683
0.3271592414733713
0.32716003584364683
0.3271599523570031
1.6193147507320778
1.0247440552049827
0.3271599523570031
0.3271599523570031
0.32715861917120104
0.32715861917120104
0.32715861917120104
0.3271593300548329
0.35157287385468217
0.3596379994369149
0.32715861917120104
0.32716003584364683
0.32715861917120104
0.32716074672727874
0.32716074672727874
0.44688340196671117
0.327161369029449
0.3271593300548329
0.327161369029449
0.32715861917120104
0.4252943555000325
0.32715861917120104
1.0432910819298926
0.3271593300548329
0.32715861917120104
0.3271593300548329
0.32716003584364683
0.327161369029449
0.3271593300548329
0.32715861917120104
0.32716003584364683
0.32716003584364683
0.3276052193034541
0.3271593300548329
0.3271599523570031
0.3271593300548329
0.3271592414733713
0.3311986709092711
0.32717688878973494
0.32718464795651586
0.32771901524532576
0.32715861917120104
0.32715861917120104
0.32716003584364683
0.32715861917120104
0.32716003584364683
0.32771972612895767
0.32715861917120104
0.32715861917120104
0.32715861917120104
0.32715861917120104
0.32716074672727874
0.3276051358168104
0.32716003584364683
0.3271840256543456
0.33096608460001575
0.32715861917120104
0.32715861917120104
0.32771893175868205
0.32717618300092105
0.32715861917120104
0.5298714881116121
0.3271593300548329
0.32715861917120104
0.3271593300548329
0.32715861917120104
0.32715861917120104
0.3271593300548329
0.3271593300548329
0.327161369029449
0.3271593300548329
0.6891297049337389
0.32716003584364683
0.32715861917120104
0.327161369029449
0.32715861917120104
0.3271592414733713
0.32841608881333817
0.32760584160562434
0.3271593300548329
0.32716003584364683
0.32716074672727874
0.32715861917120104
0.32715861917120104
0.32716074672727874
0.32716003584364683
0.3276051358168104
0.32716003584364683
0.3596387103205468
0.32715861917120104
0.3271847314431595
0.32716074672727874
0.3271593300548329
0.32716074672727874
0.3271593300548329
0.5624154350419588
0.32716003584364683
0.32715861917120104
0.32715861917120104
0.3271593300548329
0.7278997937962769
0.32715861917120104
0.3311986709092711
0.3271592414733713
0.32771759857287996
0.32716074672727874
0.32715861917120104
1.620181145607362
0.32715861917120104
0.3271592414733713
0.36381528577708777
0.3271593300548329
0.3271593300548329
1.6201714162358731
0.32716003584364683
0.3271593300548329
0.9880720511250425
0.32716003584364683
0.32716074672727874
0.32716074672727874
0.32716003584364683
0.3271593300548329
0.32715861917120104
0.32839923586725006
0.32715861917120104
0.32716074672727874
0.9880703130167671
0.3489903204486656
0.3271606581458171
0.32715861917120104
0.32716003584364683
0.9880811930327325
0.3271593300548329
0.32715861917120104
0.32716074672727874
0.32715861917120104
0.32716074672727874
0.32715861917120104
0.32716074672727874
0.32716003584364683
0.32716003584364683
0.3271593300548329
0.32716003584364683
0.32715861917120104
0.3271593300548329
0.32716074672727874
0.32715861917120104
0.32716003584364683
0.3515735796434961
0.32983144375944545
0.32715861917120104
0.32715861917120104
0.9880799718928676
0.32715861917120104
0.32715861917120104
0.32716074672727874
0.32715861917120104
0.32716003584364683
0.3271593300548329
0.32716074672727874
0.32715861917120104
0.3271593300548329
0.32716003584364683
0.3271593300548329
0.32715861917120104
0.32715861917120104
0.3271593300548329
0.3271592414733713
0.32715861917120104
0.32715861917120104
0.32715861917120104
0.32716074672727874
1.620180763606604
0.9881046674923802
0.32715861917120104
0.327161369029449
0.32716003584364683
0.3271833147707137
0.32715861917120104
0.3271593300548329
0.3271599523570031
0.32715861917120104
0.3271593300548329
0.32716074672727874
0.9880535381850795
0.32715861917120104
0.32715861917120104
0.32716003584364683
0.3271593300548329
0.3271599523570031
0.3515721629710503
0.32716003584364683
0.3271593300548329
0.32716003584364683
0.32716003584364683
0.3271593300548329
0.32716003584364683
0.3271599523570031
0.3271847314431595
0.32716003584364683
0.3271593300548329
0.3271593300548329
0.32716003584364683
0.3271592414733713
0.32715861917120104
0.32716003584364683
0.32715861917120104
0.32715861917120104
0.4252943555000325
0.32715861917120104
0.3271593300548329
0.3271593300548329
0.32715861917120104
0.32716003584364683
0.7279004856657298
0.3271593300548329
