0.3405014360989392
0.3268526932079997
0.32685276796588414
0.3268526932079997
0.3381293575620853
0.32685276796588414
0.32685276796588414
0.32979794189442746
0.3268526932079997
0.34654913573354695
0.32685276796588414
0.5821323373150242
0.3268526932079997
0.3268526932079997
0.35472295119957886
0.3268526932079997
0.3268526932079997
0.35472295119957886
0.3381293575620853
0.32685276796588414
0.3268526932079997
0.32685276796588414
0.3268526932079997
0.32685276796588414
0.32857866224046145
0.891394309197527
0.3268533902680544
0.32685276796588414
0.3268526932079997
0.3268526932079997
0.3278401803164842
0.3269108906725303
0.326935586272043
0.3268526932079997
0.3268526932079997
0.3274138219305498
0.3268526932079997
0.3268526932079997
0.34656771635802
0.32685331551016994
0.32685276796588414
0.3268533902680544
0.3268526932079997
0.32979087837814747
0.3268526932079997
0.3268526932079997
0.3268526932079997
0.3268526932079997
0.32685276796588414
0.3268526932079997
0.32685276796588414
0.32685276796588414
1.4511114133212883
0.326935586272043
0.32685276796588414
0.3385382442396946
0.3268526932079997
0.32685331551016994
0.32685276796588414
0.7960323605379784
0.32685276796588414
0.3268526932079997
0.3268526932079997
0.3268526932079997
0.3268526932079997
0.3268526932079997
0.3268526932079997
0.3268526932079997
0.5596597699881956
0.3268704000491168
0.3268526932079997
0.3268526932079997
0.3268526932079997
0.34654913573354695
0.32685331551016994
0.3268526932079997
0.3465490609756625
0.32685276796588414
0.32685331551016994
0.3268526932079997
0.3268526932079997
0.32685276796588414
0.3268526932079997
0.3297909531360319
0.3268526932079997
0.32685276796588414
0.32685276796588414
0.34654968327783275
0.3385622427791526
0.32685276796588414
0.3268526932079997
0.32685331551016994
0.3286209899232069
0.3268533902680544
0.3268526932079997
0.32685276796588414
0.3268526932079997
0.3268526932079997
0.3268703252912324
0.32685276796588414
0.3268526932079997
0.3268526932079997
0.3292493925864818
0.3268526932079997
0.32685276796588414
0.32685276796588414
0.3268526932079997
0.35472295119957886
0.3268703252912324
0.3268526932079997
0.32685276796588414
0.32685276796588414
0.32685276796588414
0.3268526932079997
0.3268704000491168
0.3268526932079997
0.3547228764416944
0.3297733210527992
0.3268526932079997
0.32685276796588414
0.3268526932079997
0.32685331551016994
0.32685276796588414
0.5239048928593155
0.3268526932079997
0.3268526932079997
0.3268526932079997
0.32685331551016994
0.3268526932079997
0.3268526932079997
0.3268773888075124
0.3268526932079997
0.3268526932079997
0.3268526932079997
0.32685276796588414
0.3268526932079997
0.8912329417586258
0.32685276796588414
0.7957371859598362
0.3268526932079997
0.3268526932079997
1.4414401221982664
0.3268526932079997
0.35472295119957886
0.32685276796588414
0.32685276796588414
0.3385375471796399
0.32685276796588414
0.3268526932079997
0.3268526932079997
0.32685276796588414
0.35472295119957886
0.32685276796588414
0.3268526932079997
0.3268526932079997
0.3268526932079997
0.32685276796588414
0.32685276796588414
0.3268526932079997
0.3268526932079997
0.3268703252912324
0.35472295119957886
0.3268526932079997
0.32685276796588414
0.32685276796588414
0.3268526932079997
0.7957641285179022
0.32685276796588414
0.3268526932079997
0.32685276796588414
0.3268526932079997
0.32685276796588414
0.3297732462949148
0.32685276796588414
0.3268526932079997
0.32685276796588414
0.3268526932079997
0.32685276796588414
0.3268526932079997
0.3268533902680544
0.3268526932079997
0.32923470799076704
0.7957371859598362
0.3268526932079997
0.32685276796588414
0.32685276796588414
0.3268703252912324
0.3547228764416944
0.3268526932079997
0.32685276796588414
0.32685276796588414
0.3268526932079997
1.4414405447400374
0.33853762193752435
0.32685276796588414
0.3268526932079997
0.326935586272043
0.3268526932079997
0.32685331551016994
0.3268526932079997
0.32685276796588414
0.32685331551016994
0.3268526932079997
0.3268526932079997
0.3268526932079997
0.32685276796588414
0.3268526932079997
0.32685276796588414
0.3268526932079997
0.32685276796588414
0.3268526932079997
0.3385375471796399
0.3268526932079997
0.32685276796588414
0.3268526932079997
0.32685276796588414
0.3268533902680544
0.3268526932079997
0.3268526932079997
0.3268526932079997
0.3268526932079997
0.44687947062282807
0.3268526932079997
0.3268526932079997
0.3268526932079997
0.3274143694748356
0.3268526932079997
0.3268526932079997
0.32685276796588414
0.32685276796588414
0.3268703252912324
0.3268703252912324
0.3465490609756625
0.3268526932079997
0.32685276796588414
0.3268526932079997
0.32685276796588414
0.7407148912809884
0.32685276796588414
0.3471101149403282
0.3268526932079997
0.3268526932079997
0.32685276796588414
0.3268526932079997
0.3268526932079997
0.32685276796588414
0.3278401803164842
0.3268526932079997
0.32685276796588414
0.5668293099749976
0.3268526932079997
0.3471101149403282
0.3268526932079997
0.32685276796588414
0.32685276796588414
1.4414405447400374
0.32685276796588414
0.3292246969869691
0.32685276796588414
0.3547228764416944
0.3268526932079997
0.32685276796588414
0.32784080261865445
0.3268773888075124
0.3268526932079997
0.3268526932079997
0.3268526932079997
0.3268703252912324
0.4468801815064599
0.3268526932079997
0.3268709475934026
0.3268533902680544
0.32685276796588414
0.32685276796588414
0.3268703252912324
0.3268526932079997
0.32685276796588414
0.32685276796588414
0.3268526932079997
0.3268526932079997
0.3268526932079997
0.3268526932079997
0.7957372607177207
0.3268526932079997
0.3268526932079997
0.32685276796588414
0.3268526932079997
0.32685331551016994
0.3268526932079997
0.3268526932079997
0.3268526932079997
0.3268526932079997
0.35472295119957886
0.3268526932079997
0.3268703252912324
0.3268526932079997
0.3268526932079997
0.3268526932079997
0.3268526932079997
0.32685276796588414
0.3268533902680544
0.32685276796588414
0.3268773888075124
0.32685276796588414
0.32685331551016994
0.32979087837814747
0.32685276796588414
0.32685276796588414
0.32685276796588414
0.3268526932079997
0.32685331551016994
0.32857866224046145
0.5668296562675345
0.3268526932079997
0.3268526932079997
0.3381294323199697
0.32685276796588414
0.5239048928593155
0.3268704000491168
0.32685276796588414
0.6740589899473814
0.3268533902680544
0.3268526932079997
0.3268526932079997
0.3268526932079997
0.3268526932079997
0.3268704000491168
0.32685331551016994
0.33869048628463544
0.3385375471796399
1.4414405447400374
0.32685276796588414
0.32685276796588414
0.3465684272416519
1.4414405447400374
0.32685276796588414
0.32685276796588414
0.3268526932079997
0.3268526932079997
0.3268526932079997
0.3268526932079997
0.3268526932079997
0.3268526932079997
0.32685276796588414
0.3268526932079997
0.32685276796588414
0.3268526932079997
0.3268526932079997
0.32685276796588414
0.3268526932079997
0.3268526932079997
0.32685276796588414
0.32685276796588414
0.32784080261865445
0.3268526932079997
0.32685331551016994
0.32685276796588414
0.32685276796588414
0.32685276796588414
0.3268526932079997
0.3268703252912324
0.3274138219305498
0.32685276796588414
0.32685276796588414
0.3268526932079997
1.4414401221982664
0.32685276796588414
0.32685276796588414
0.3268526932079997
0.3268526932079997
0.4242869981129621
0.3268526932079997
0.3268526932079997
0.3268526932079997
0.3268773888075124
0.33853762193752435
0.3268526932079997
0.3268526932079997
0.7957640537600177
0.8912240674011968
0.3268704000491168
0.3268526932079997
0.3268526932079997
0.3268526932079997
0.32685276796588414
0.3268704000491168
0.32685276796588414
0.3268526932079997
0.3268526932079997
0.3465490609756625
0.3268526932079997
0.32685276796588414
0.3268526932079997
0.3268526932079997
0.32685331551016994
0.3268526932079997
0.3269362085742133
0.3268526932079997
1.605116127682161
0.5668293099749976
0.3268526932079997
0.326935586272043
0.3268774635653968
0.3268526932079997
0.3268526932079997
0.3268526932079997
0.3268526932079997
0.3268526932079997
0.32685276796588414
0.32685276796588414
0.3268526932079997
0.3268526932079997
0.3269362085742133
0.34656780493948164
0.3268704000491168
0.3268526932079997
0.32741374717266536
0.3268526932079997
0.32685276796588414
0.3268526932079997
0.3471101896982126
0.3268526932079997
0.3385375471796399
0.32685276796588414
0.32685276796588414
0.32685276796588414
0.3268526932079997
0.3268526932079997
0.3268526932079997
0.32685276796588414
0.3268526932079997
0.3268526932079997
0.3268526932079997
0.3268526932079997
0.32685276796588414
0.32685276796588414
0.32685331551016994
0.35472295119957886
0.3268526932079997
0.32685276796588414
0.3268533902680544
0.32685276796588414
0.3268526932079997
0.3268526932079997
0.32685331551016994
0.32685276796588414
0.32685276796588414
0.3268526932079997
0.3268526932079997
0.32685331551016994
0.32685276796588414
0.3268526932079997
0.3268526932079997
0.3268526932079997
0.3268526932079997
0.32685276796588414
0.32685276796588414
0.32685276796588414
0.32685276796588414
0.34656709405584973
0.32685276796588414
0.3268526932079997
0.3268526932079997
0.32685276796588414
0.3268526932079997
0.3268526932079997
0.3268526932079997
0.32685276796588414
0.32685276796588414
0.32685331551016994
0.32786557297605157
0.3268526932079997
0.32685276796588414
0.32685276796588414
0.3268526932079997
0.3268526932079997
0.3385375471796399
0.32741374717266536
0.3268533902680544
0.3268526932079997
0.44690082124675234
0.3268526932079997
0.3480983122354785
0.3268526932079997
0.32685276796588414
0.35472295119957886
0.32685276796588414
0.3385375471796399
0.3268526932079997
0.33853762193752435
0.32685276796588414
0.32863693446287656
0.3268526932079997
0.3268526932079997
0.3268773888075124
0.3268526932079997
0.32922477174485354
0.32685276796588414
0.3268526932079997
0.3268533902680544
0.32693566102992744
0.3268526932079997
0.3268526932079997
0.32685276796588414
0.3268526932079997
0.3268526932079997
0.32685276796588414
0.3268526932079997
0.3268526932079997
0.3268526932079997
0.32685276796588414
1.4414401221982664
0.32685276796588414
0.3779136764870896
0.32685276796588414
0.3268533902680544
0.3268526932079997
0.3268773888075124
0.32685276796588414
0.3268526932079997
0.3268526932079997
0.3268526932079997
0.5668283563853936
0.5668293099749976
0.32685276796588414
0.4242862872293302
0.32685276796588414
0.32685276796588414
0.32685276796588414
0.3268526932079997
0.3268526932079997
0.32685276796588414
0.32685276796588414
0.3268526932079997
0.3268526932079997
0.8913952627871309
0.32685276796588414
0.4468801815064599
0.5821310374328834
0.3268526932079997
0.3268526932079997
0.3268526932079997
0.3465737565751752
0.3268526932079997
0.3268526932079997
0.3268774635653968
0.3268526932079997
0.32863693446287656
0.3268533902680544
0.32685276796588414
0.3667767796361282
0.5651492859012314
0.32685276796588414
0.3268526932079997
0.3268526932079997
0.3268703252912324
0.32685276796588414
0.32685276796588414
0.32685276796588414
0.3268526932079997
0.3297909531360319
0.3268526932079997
0.3268526932079997
0.3268526932079997
0.3268774635653968
0.3268526932079997
0.3268773888075124
1.5791438978652526
0.3268526932079997
0.3268526932079997
0.5238745103502453
0.3268526932079997
0.32685276796588414
0.32685276796588414
0.32685276796588414
0.32685276796588414
0.32685276796588414
0.3297733210527992
0.3268526932079997
0.3268526932079997
0.3268774635653968
0.3268526932079997
0.3268526932079997
0.32685276796588414
0.32685276796588414
0.3268526932079997
0.3268526932079997
0.3268703252912324
0.3268526932079997
0.32685276796588414
0.32685276796588414
0.44687947062282807
0.32685276796588414
0.3268526932079997
0.32741374717266536
0.3268526932079997
0.32685276796588414
0.3268526932079997
0.32685276796588414
0.32685276796588414
0.3268526932079997
0.3268526932079997
0.3268526932079997
0.32685276796588414
0.32685276796588414
0.3268526932079997
0.3268526932079997
0.32685276796588414
0.32685276796588414
0.3268526932079997
0.32685276796588414
0.32685276796588414
0.3268526932079997
0.3268526932079997
0.3547228764416944
0.3268526932079997
0.326935586272043
0.3268526932079997
0.32685276796588414
0.3285787369983459
0.7957641285179022
0.3268526932079997
0.3268526932079997
0.3268526932079997
0.3268526932079997
0.4243083487368864
0.3268526932079997
0.32685276796588414
0.32685276796588414
0.32693566102992744
0.3268526932079997
0.3471101149403282
0.34656780493948164
0.3707014473374316
0.3268703252912324
0.3268526932079997
0.3268526932079997
0.3268526932079997
0.32685276796588414
0.32895679859648314
0.34656709405584973
0.5821818460622538
0.3268526932079997
0.32685276796588414
0.32685331551016994
0.3268526932079997
0.32685276796588414
0.3268526932079997
0.7957641285179022
0.32685331551016994
0.32685276796588414
0.3268526932079997
0.3268526932079997
0.3268526932079997
0.3268526932079997
0.3268526932079997
0.4468801815064599
0.3460081146541708
0.3268526932079997
0.3268526932079997
0.4242862872293302
0.32685276796588414
0.32860335783997413
0.3268526932079997
0.3268526932079997
0.32685276796588414
0.3268526932079997
0.3268526932079997
0.32685276796588414
0.32685276796588414
0.3268526932079997
0.32685276796588414
0.32685276796588414
0.3268773888075124
0.32685276796588414
0.32685276796588414
0.32685276796588414
0.3268526932079997
0.3268526932079997
0.3268526932079997
0.32685276796588414
0.32685276796588414
0.32685276796588414
0.3297733210527992
0.3268526932079997
0.9504664068299455
0.32685276796588414
0.3268526932079997
0.32685276796588414
0.32685276796588414
0.32685276796588414
0.32685276796588414
0.32685276796588414
0.3268526932079997
0.3268526932079997
0.32685276796588414
0.3268526932079997
0.32685276796588414
0.3268526932079997
0.3268774635653968
0.3268526932079997
0.32685276796588414
0.3268526932079997
0.32685276796588414
0.3268526932079997
0.32685331551016994
0.3268526932079997
0.3268526932079997
0.3268526932079997
0.32685276796588414
0.32685276796588414
0.3268703252912324
0.3268526932079997
0.3268526932079997
0.32685276796588414
0.32685276796588414
0.3268526932079997
0.3268526932079997
0.3268526932079997
0.3268704000491168
0.32685276796588414
0.32685276796588414
0.3268526932079997
0.3268526932079997
0.44687947062282807
0.3268774635653968
0.3268526932079997
0.3268703252912324
0.3268526932079997
0.32685276796588414
1.4414391584149269
0.3268526932079997
0.3268950956486295
0.3292246969869691
0.3268526932079997
0.4242862872293302
0.32685331551016994
0.3268526932079997
0.3268526932079997
0.3268773888075124
0.32685276796588414
0.3268526932079997
0.3278401803164842
0.32685276796588414
0.3268526932079997
0.32685331551016994
0.3268526932079997
0.32685276796588414
0.3268526932079997
0.32685276796588414
0.3283978191948042
0.32685276796588414
0.4242869981129621
0.3268526932079997
0.32685276796588414
0.3268526932079997
0.3268526932079997
0.3268526932079997
0.32685276796588414
0.32685276796588414
0.3268773888075124
0.32685276796588414
0.32685276796588414
0.34654913573354695
0.32685276796588414
0.3268704000491168
0.3268526932079997
0.3268526932079997
0.32685276796588414
0.3268526932079997
0.3268526932079997
0.32685276796588414
0.32685276796588414
0.3268526932079997
0.3268526932079997
0.32685276796588414
0.3268526932079997
0.32685276796588414
0.32685276796588414
0.32685276796588414
0.32685276796588414
0.3268526932079997
0.3268526932079997
0.32685276796588414
0.32685276796588414
0.32685276796588414
0.3268703252912324
0.3268533902680544
0.3268526932079997
0.3268526932079997
0.3268526932079997
0.32685276796588414
0.32685331551016994
0.3268526932079997
0.7957640537600177
0.3268526932079997
0.3268526932079997
0.3268526932079997
0.3268526932079997
0.32685276796588414
0.3268526932079997
0.3268533902680544
0.3268526932079997
0.3268526932079997
0.3268533902680544
0.3268703252912324
0.32685276796588414
0.3285886732442594
0.34656709405584973
0.3268526932079997
0.3268526932079997
0.32685276796588414
0.32685276796588414
0.3268704000491168
1.451975932285245
0.3268526932079997
0.32685276796588414
0.3268526932079997
0.32685331551016994
1.452777417091074
0.33853816948181015
0.3268526932079997
0.33853762193752435
0.3268526932079997
0.3268526932079997
0.5668296562675345
0.32685276796588414
0.32685276796588414
0.32685276796588414
0.3268526932079997
0.32685276796588414
0.32685276796588414
0.3268773888075124
0.3268526932079997
0.3268526932079997
0.3268526932079997
0.3268526932079997
0.3268526932079997
0.3268704000491168
0.3268533902680544
0.3268526932079997
0.3268773888075124
0.32685276796588414
0.32685276796588414
0.3268526932079997
0.3268526932079997
0.3268526932079997
0.3268526932079997
0.3268526932079997
0.32685276796588414
0.3268533902680544
0.32685276796588414
0.32784025507436865
0.3268533902680544
0.3268526932079997
0.3268526932079997
0.32685276796588414
0.3268526932079997
0.32685331551016994
0.3268526932079997
0.32685276796588414
0.3268533902680544
0.3268526932079997
0.32685276796588414
0.3268526932079997
1.4414501097169305
0.3268526932079997
0.3292246969869691
0.3268526932079997
0.3268526932079997
0.3268526932079997
0.3268526932079997
0.3268526932079997
0.3268526932079997
0.32685276796588414
0.3268526932079997
0.32685276796588414
0.32685276796588414
0.32685276796588414
0.32685276796588414
0.32685276796588414
0.32685276796588414
0.32685276796588414
0.3268526932079997
0.32685331551016994
0.3268526932079997
0.3385375471796399
0.32685276796588414
0.3268774635653968
0.3268526932079997
0.3268526932079997
0.326935586272043
0.3268526932079997
0.5821300838432796
0.3268526932079997
0.3268526932079997
0.7957640537600177
0.3268526932079997
0.3285962943236942
0.32685276796588414
0.3268526932079997
0.3268526932079997
0.32685331551016994
0.32685331551016994
0.3268526932079997
0.32685276796588414
0.3268526932079997
0.3268526932079997
0.32685276796588414
0.32685276796588414
0.32685331551016994
0.32685276796588414
0.3268526932079997
0.3268526932079997
0.3268526932079997
0.32685276796588414
0.3268526932079997
0.32685276796588414
0.3268526932079997
0.3268526932079997
0.3471101149403282
0.3268526932079997
0.32685276796588414
0.3385375471796399
0.32685276796588414
0.3268703252912324
0.32685331551016994
0.3268526932079997
0.32685331551016994
0.3268526932079997
0.32685276796588414
0.3268526932079997
0.3268526932079997
0.3268526932079997
0.32685276796588414
0.9504664068299455
0.3268526932079997
0.3268526932079997
0.3471101896982126
0.3268526932079997
0.3268703252912324
0.3268526932079997
0.3268526932079997
0.3268526932079997
0.3278401803164842
0.3268526932079997
0.32685276796588414
0.32693566102992744
0.3268526932079997
0.3268526932079997
0.3268526932079997
0.33853762193752435
0.3268526932079997
0.3268526932079997
0.3268526932079997
0.3268526932079997
0.3268526932079997
0.44687947062282807
0.3268526932079997
0.3268526932079997
0.32685276796588414
0.3268526932079997
0.3268526932079997
0.3268704000491168
0.32685276796588414
0.32685276796588414
0.32685276796588414
0.32685276796588414
0.32685276796588414
0.32685276796588414
0.32685331551016994
0.32685276796588414
0.32685276796588414
0.3268703252912324
0.3268526932079997
0.3268526932079997
0.3268526932079997
0.32685276796588414
0.9317565911065293
0.3547228764416944
0.32685276796588414
0.3465490609756625
0.32685276796588414
0.3268526932079997
0.3268526932079997
0.3268526932079997
0.32685276796588414
0.3268526932079997
0.3268703252912324
0.3268526932079997
0.32685331551016994
0.32689502089074507
0.3268526932079997
0.7957371859598362
0.32685276796588414
0.3268526932079997
0.3268526932079997
0.3268526932079997
0.32685276796588414
0.32857866224046145
