0.32685276796588414
0.3268533902680544
0.3268533902680544
0.3268774635653968
0.3268533902680544
0.35472349874386466
0.3268533902680544
0.3268533902680544
0.32685276796588414
0.3268526932079997
0.32685276796588414
0.32977394335496946
0.32784025507436865
0.3268533902680544
0.3268704000491168
0.3268533902680544
0.5668306098571383
0.32693566102992744
0.32691096543041476
0.32685276796588414
0.3268533902680544
0.3268526932079997
0.3268533902680544
0.32685331551016994
0.32685331551016994
0.32685276796588414
0.32685276796588414
0.32685276796588414
0.32685276796588414
0.3385382442396946
0.3268533902680544
0.32685276796588414
0.3268533902680544
0.3268533902680544
0.33813005462214
0.32685331551016994
0.3268533902680544
0.32685276796588414
0.5239515014104698
0.5239048928593155
0.3268533902680544
0.32685276796588414
0.33813005462214
0.3268533902680544
0.3268533902680544
0.3268533902680544
0.3268533902680544
0.34711081200038285
0.32693628333209773
0.3268533902680544
0.3547235735017491
0.3268533902680544
0.3268533902680544
0.3268533902680544
0.3268533902680544
0.3268533902680544
0.7957372607177207
0.3268533902680544
0.34654913573354695
0.3268533902680544
0.32685276796588414
0.35472295119957886
0.32685276796588414
0.3268533902680544
0.3268704000491168
0.32685276796588414
0.3268533902680544
0.3268533902680544
0.32741444423272004
0.3547235735017491
0.3268533902680544
0.3268526932079997
0.3278408773765389
0.3268533902680544
0.3268533902680544
0.3268533902680544
0.3268533902680544
0.3268533902680544
0.3285887480021438
0.32685331551016994
0.3268533902680544
0.32685276796588414
0.7958331083609
0.3268533902680544
0.32685331551016994
0.3268533902680544
0.32685276796588414
0.3268533902680544
0.3268774635653968
0.3286469454666745
0.35472295119957886
0.3268533902680544
0.32685276796588414
0.7957372607177207
0.3268533902680544
0.32685276796588414
0.3547235735017491
0.3268533902680544
0.3268533902680544
0.3268533902680544
0.3315674985535896
0.34654913573354695
0.3268533902680544
0.3268533902680544
0.32685276796588414
0.32687102235128707
0.3268533902680544
0.8912319881690218
0.553492285786112
0.3268533902680544
0.3268533902680544
0.32685276796588414
0.3268526932079997
0.33853762193752435
0.32977394335496946
0.3283978191948042
0.32685276796588414
0.32685276796588414
0.32685276796588414
0.32685276796588414
0.4242565408460075
0.32784025507436865
0.3268704000491168
0.3268533902680544
0.3268533902680544
0.3268533902680544
0.32977394335496946
0.3268533902680544
0.32685276796588414
0.32685276796588414
0.32685276796588414
0.3268533902680544
0.3268704000491168
0.32685276796588414
0.3547482691012618
0.3268533902680544
0.32685276796588414
0.32685276796588414
0.32685276796588414
0.32685331551016994
0.32741444423272004
0.3268533902680544
0.32685276796588414
0.32685276796588414
0.3268533902680544
0.32685276796588414
0.3268533902680544
0.3268533902680544
0.3268533902680544
0.3471101896982126
0.3268533902680544
0.32685276796588414
0.32784025507436865
0.32687102235128707
0.3278408773765389
0.3268533902680544
0.3268526932079997
0.3268533902680544
0.32784025507436865
0.3268533902680544
0.32685276796588414
0.3268533902680544
0.3268533902680544
0.3268704000491168
0.3268533902680544
0.3268533902680544
0.3268533902680544
0.3268533902680544
0.32685331551016994
0.3268533902680544
0.3268533902680544
0.32685331551016994
0.3268533902680544
0.3268533902680544
0.33853762193752435
0.3268533902680544
0.7957641285179022
0.32685276796588414
0.32685276796588414
0.3268533902680544
0.3268533902680544
0.3268533902680544
0.32685276796588414
0.326911587732585
0.32687808586756706
0.32685276796588414
0.3268533902680544
0.3268533902680544
0.3268533902680544
0.3268533902680544
0.3268533902680544
0.3268533902680544
0.35472295119957886
0.3268709475934026
0.32685276796588414
0.32685276796588414
0.3297733210527992
0.32685276796588414
0.9661636677768084
0.3268533902680544
0.32685276796588414
0.32685276796588414
0.32863693446287656
0.32685276796588414
0.32685276796588414
0.32687102235128707
0.32685276796588414
0.32685276796588414
0.32741444423272004
0.3278408773765389
0.32685276796588414
0.3268533902680544
0.32685276796588414
0.32685276796588414
0.3268704000491168
0.3285787369983459
0.32685276796588414
0.32685276796588414
0.3268533902680544
0.3268533902680544
0.3465673901189499
0.3268533902680544
0.32685276796588414
0.32685276796588414
0.32685276796588414
0.3268533902680544
0.3268533902680544
0.3268533902680544
0.3268533902680544
0.32685276796588414
0.35472295119957886
0.32685276796588414
0.32864687070879006
0.32685276796588414
0.3268533902680544
0.3268533902680544
0.32685276796588414
0.3268533902680544
0.3268533902680544
0.3268533902680544
0.3268533902680544
0.3268533902680544
0.32685276796588414
0.32685276796588414
0.32685331551016994
0.3268533902680544
0.3268533902680544
0.32685276796588414
0.32685276796588414
0.3268533902680544
0.32685276796588414
0.3268533902680544
0.3268533902680544
0.32685331551016994
0.32685276796588414
0.3268704000491168
0.32685276796588414
0.3268533902680544
0.32685276796588414
0.3297733210527992
0.7957371859598362
0.3268533902680544
0.3268533902680544
0.3268533902680544
0.3268533902680544
0.3292347827486515
0.3268533902680544
0.8912250209908006
0.34711081200038285
0.32685276796588414
0.32687808586756706
0.32685276796588414
0.3268533902680544
0.3268703252912324
0.32685276796588414
0.32685276796588414
0.3297733210527992
0.3268533902680544
0.3268533902680544
0.3274138219305498
0.3268533902680544
0.3268533902680544
0.32693628333209773
0.3268533902680544
0.32687102235128707
0.3268533902680544
0.3268533902680544
0.3465684272416519
0.3268533902680544
0.3268533902680544
0.32685276796588414
0.32685276796588414
0.3268533902680544
0.3268533902680544
0.32839915238060635
0.3268533902680544
0.3268533902680544
0.3268533902680544
0.3268533902680544
0.32685276796588414
0.3268533902680544
0.32685276796588414
0.32685276796588414
0.32685276796588414
0.3268533902680544
0.32685276796588414
0.3268533902680544
0.3297733210527992
0.3268533902680544
0.32860343259785857
0.32685276796588414
0.32685276796588414
0.32685276796588414
0.3268533902680544
0.3268533902680544
0.32685276796588414
0.4556679357818114
0.32784025507436865
0.3268533902680544
0.32685276796588414
0.3268533902680544
0.32685276796588414
0.3268533902680544
0.3268533902680544
0.3285887480021438
0.32685276796588414
0.3268533902680544
0.3268533902680544
0.3268533902680544
0.3268533902680544
0.3268533902680544
0.3268533902680544
0.3268533902680544
0.32685276796588414
0.8912329417586258
0.32693628333209773
0.7957372607177207
0.3268533902680544
0.331609826236335
0.32685276796588414
0.3268533902680544
0.32685276796588414
0.32685276796588414
0.3268526932079997
0.32685331551016994
0.35705257910876653
0.42427789146993183
0.9506217606802296
0.3268533902680544
0.3268533902680544
0.3268533902680544
0.32685276796588414
0.32685276796588414
0.3268704000491168
0.32685276796588414
0.3268526932079997
0.3268533902680544
0.3268533902680544
0.3268704000491168
0.32685276796588414
0.3268533902680544
0.3560471349526796
0.32685276796588414
0.32685276796588414
0.3268533902680544
0.32685276796588414
0.3268533902680544
0.32685276796588414
0.32685331551016994
0.7891001236862166
0.3268533902680544
0.3268533902680544
0.3268533902680544
0.3268533902680544
0.3278408773765389
0.32685276796588414
0.3268533902680544
0.3268533902680544
0.3268704000491168
0.3268533902680544
0.3278408773765389
0.32687102235128707
0.32687102235128707
0.34656780493948164
0.3268533902680544
0.32685276796588414
0.3268533902680544
0.3268774635653968
0.3268533902680544
0.32687102235128707
0.3268533902680544
0.32685276796588414
0.3268533902680544
0.32685276796588414
0.32685276796588414
0.3269532931131602
0.7957641285179022
0.3268533902680544
0.32685276796588414
0.32685276796588414
0.3268533902680544
0.32685276796588414
0.3268526932079997
0.3268704000491168
0.3268533902680544
0.32685276796588414
0.5668293099749976
0.3268533902680544
0.32685276796588414
0.3268533902680544
0.3278408773765389
0.3268533902680544
0.3268533902680544
0.32685276796588414
0.32685276796588414
0.3268709475934026
0.3268704000491168
0.32685276796588414
0.32685276796588414
0.3268533902680544
0.32687808586756706
0.3268526932079997
0.32685276796588414
0.32687102235128707
0.32685276796588414
0.35607312883487247
0.3268533902680544
0.3268709475934026
0.3268533902680544
0.32685276796588414
0.32685276796588414
0.3268533902680544
0.3268533902680544
0.32685276796588414
0.32685276796588414
0.32685331551016994
0.32685331551016994
0.3268704000491168
0.3268533902680544
0.3268533902680544
0.32685276796588414
0.32685276796588414
0.35474113082709735
0.3465684272416519
0.3268533902680544
0.3268533902680544
0.8912329417586258
0.3465490609756625
0.32685276796588414
0.3268533902680544
0.3268533902680544
0.3268526932079997
0.32685276796588414
0.3268533902680544
0.3268704000491168
0.32685276796588414
0.3547228764416944
0.4468710748634297
0.32685276796588414
0.32861344360165656
0.3268533902680544
0.3268533902680544
0.32685276796588414
0.32685276796588414
0.32685276796588414
0.32685276796588414
0.3268533902680544
0.3268533902680544
0.32685276796588414
0.32685276796588414
0.32685276796588414
0.3268533902680544
0.3268533902680544
0.32687102235128707
1.4414405447400374
0.3268533902680544
0.32860343259785857
0.3268533902680544
0.3268533902680544
0.3268533902680544
0.4242565408460075
0.32685276796588414
0.3268533902680544
0.32685276796588414
0.3268533902680544
0.32860343259785857
0.3268533902680544
0.32685276796588414
0.3268533902680544
0.32685276796588414
0.3268526932079997
0.32685276796588414
0.3268533902680544
0.3268533902680544
0.3268533902680544
0.8912250209908006
0.32685276796588414
0.3292594783481642
0.32685276796588414
0.32685276796588414
0.32685276796588414
0.3381547502216527
0.32685276796588414
0.32685276796588414
0.3268533902680544
0.32685276796588414
0.32685276796588414
0.3268526932079997
0.32977394335496946
0.3268533902680544
0.32685331551016994
0.3268533902680544
0.32685276796588414
0.3268533902680544
0.32685276796588414
0.32685276796588414
0.32685276796588414
0.32685331551016994
0.3268533902680544
0.3268526932079997
0.3268774635653968
0.32685276796588414
0.32685276796588414
0.32685276796588414
0.3268533902680544
0.32685276796588414
0.8912250209908006
0.32685276796588414
0.3268533902680544
0.3268533902680544
0.32687102235128707
0.3268533902680544
0.3268533902680544
0.32685276796588414
0.32685331551016994
0.3471101896982126
0.3268526932079997
0.3268533902680544
0.32685331551016994
0.3268526932079997
0.32685276796588414
0.3278408773765389
0.32977394335496946
0.32861344360165656
0.32685276796588414
0.4242869981129621
0.3268533902680544
0.32685276796588414
0.3268533902680544
0.3268533902680544
0.3268533902680544
0.32922477174485354
0.32685276796588414
0.3268533902680544
0.32685276796588414
0.3268533902680544
0.3268533902680544
0.3268533902680544
0.32685276796588414
0.3268533902680544
0.32685276796588414
0.32685276796588414
0.3268526932079997
0.32685276796588414
0.3268533902680544
0.3268533902680544
0.3268704000491168
0.3268526932079997
0.3646409538548768
0.3268533902680544
0.32693628333209773
0.3268533902680544
0.3268533902680544
0.32685276796588414
0.32685276796588414
0.42250144423461383
0.3268533902680544
0.3268533902680544
0.7957641285179022
0.3385382442396946
0.3268533902680544
0.3268526932079997
0.3268533902680544
0.32922477174485354
0.3385382442396946
0.32685331551016994
0.7957372607177207
0.3268533902680544
0.8912250209908006
0.32685276796588414
0.3268533902680544
0.8912250209908006
0.3268533902680544
0.3268533902680544
0.3268533902680544
0.3268533902680544
0.32685276796588414
0.3297733210527992
0.3268533902680544
0.3268533902680544
1.4414510735002701
0.7957372607177207
1.4414510735002701
0.32687102235128707
0.3268533902680544
0.32685276796588414
0.32685276796588414
0.32685276796588414
0.3268533902680544
0.3268533902680544
0.5924936156192676
0.32685331551016994
0.3268533902680544
0.32685276796588414
0.3268533902680544
0.32685276796588414
0.3471107372424984
0.32685276796588414
0.32685276796588414
0.32685276796588414
0.34977137570339634
0.32685276796588414
0.32685276796588414
0.32685276796588414
0.32685276796588414
0.3268533902680544
0.3268533902680544
0.34656780493948164
0.3268533902680544
0.3268533902680544
0.32685276796588414
0.32685276796588414
0.3268533902680544
0.32685276796588414
0.32685331551016994
0.3268533902680544
0.3268533902680544
0.3268533902680544
0.32685276796588414
0.3268533902680544
0.3385375471796399
0.32685276796588414
1.4414514960420408
0.34027360197378403
0.3268533902680544
0.32685276796588414
0.3471101896982126
0.32685276796588414
0.32685276796588414
0.3268533902680544
0.3268533902680544
0.3465497580357172
0.32687808586756706
0.32859636908157863
0.4242565408460075
0.3268533902680544
0.3268533902680544
0.32685276796588414
0.32687102235128707
0.32687102235128707
0.32685276796588414
0.32685276796588414
0.32685331551016994
0.3268533902680544
0.32685276796588414
0.3268533902680544
0.3268533902680544
0.3268533902680544
0.32685276796588414
0.32685276796588414
0.32685276796588414
0.3268533902680544
0.3278408773765389
0.3701424679357527
0.32685276796588414
0.3268533902680544
0.32687102235128707
0.32741444423272004
0.32685276796588414
0.32685276796588414
0.3268533902680544
0.3268533902680544
0.32685331551016994
0.3268533902680544
0.3268533902680544
0.32685331551016994
0.3268533902680544
0.3268533902680544
0.326911587732585
0.32685276796588414
0.8912329417586258
0.32685276796588414
0.32685331551016994
0.32685331551016994
0.8912329417586258
0.32685276796588414
0.3268533902680544
0.3268533902680544
0.32685276796588414
0.3268533902680544
0.32685276796588414
0.3268533902680544
0.32685276796588414
0.3381299798642556
0.3385382442396946
0.5596293874791254
0.32685276796588414
0.32685276796588414
0.32687102235128707
0.34711081200038285
0.32687808586756706
0.32685276796588414
0.3268526932079997
0.32685331551016994
0.3268533902680544
0.3268533902680544
0.3268533902680544
0.32685276796588414
0.32685276796588414
0.3268533902680544
0.34711081200038285
0.32741444423272004
0.32685276796588414
0.3268533902680544
0.3268533902680544
0.32687808586756706
0.32685276796588414
0.3268533902680544
0.32685331551016994
0.3268533902680544
0.3268533902680544
1.4414401221982664
0.3268533902680544
0.3268533902680544
0.3268533902680544
0.3268533902680544
0.7406640387649261
0.3268533902680544
0.3268533902680544
0.3268533902680544
0.3268526932079997
0.3268533902680544
0.32685276796588414
0.3268533902680544
0.3268533902680544
0.32687808586756706
0.3268533902680544
0.3268533902680544
0.3268533902680544
0.3268533902680544
0.3268533902680544
0.32861344360165656
0.3268533902680544
0.32685276796588414
0.32685276796588414
0.3268533902680544
0.3268704000491168
0.3268533902680544
0.3268533902680544
0.32685331551016994
0.3297980166523119
0.3268533902680544
0.3547235735017491
0.32685276796588414
0.3274320763159527
0.32685276796588414
0.3268533902680544
0.3268533902680544
0.3268533902680544
0.3268533902680544
0.3268533902680544
0.32685331551016994
0.36464224417516944
0.32685276796588414
0.3268533902680544
0.34656780493948164
0.3268533902680544
0.32685276796588414
0.3268533902680544
0.32687102235128707
0.32685276796588414
0.3268533902680544
0.3268533902680544
0.3268533902680544
0.3268533902680544
0.3385395345599872
0.32685276796588414
0.3268533902680544
0.32685276796588414
0.32685276796588414
0.3268533902680544
0.32866163006238924
0.32685276796588414
0.3268526932079997
0.32977394335496946
0.3268533902680544
0.32687102235128707
0.3268533902680544
0.3268533902680544
0.32687102235128707
0.3268533902680544
0.3471101896982126
0.34654913573354695
0.3285886732442594
0.32685276796588414
0.32687102235128707
0.3268533902680544
0.32685331551016994
0.32685276796588414
0.32685276796588414
0.3268533902680544
0.3268533902680544
0.32685331551016994
0.3268533902680544
0.3268533902680544
0.3268533902680544
0.32685276796588414
0.3268533902680544
1.4414401221982664
0.3268533902680544
0.32685276796588414
0.3268533902680544
0.33813005462214
0.32685276796588414
0.32693628333209773
0.3268533902680544
0.35472295119957886
0.32685331551016994
0.32685276796588414
0.32685276796588414
0.3465684272416519
0.3268533902680544
0.3268533902680544
1.4414401221982664
0.3268533902680544
0.32685276796588414
0.3268533902680544
0.32687808586756706
0.32979157543820214
0.32685276796588414
0.3268526932079997
0.3268704000491168
0.32693628333209773
0.3268533902680544
0.3268704000491168
0.32866163006238924
0.32685276796588414
0.3268533902680544
1.4414405447400374
1.5791448377931645
0.32685276796588414
0.3268704000491168
0.32685276796588414
0.32685331551016994
0.32685276796588414
0.32785788715760134
0.3268533902680544
0.3268533902680544
0.32685276796588414
0.3268533902680544
0.3268533902680544
0.32685276796588414
0.32685276796588414
0.3268533902680544
0.7888296447075871
0.3268533902680544
0.32685331551016994
0.3268533902680544
0.3268533902680544
0.3268533902680544
0.3268533902680544
0.3268533902680544
0.3268533902680544
0.3285787369983459
0.3268533902680544
0.32685276796588414
0.32685276796588414
0.3268533902680544
0.3268533902680544
0.5668801186043679
0.32685331551016994
0.3268533902680544
0.32685276796588414
0.3286716410661872
0.8912240674011968
0.32687102235128707
0.32786495067388133
0.32685276796588414
0.9063970708749294
0.3268533902680544
0.3268774635653968
0.3268533902680544
0.3268533902680544
0.32685276796588414
0.3268533902680544
0.32685331551016994
0.32685276796588414
0.32685276796588414
0.33853816948181015
0.3268533902680544
0.3285887480021438
0.32685276796588414
0.3268533902680544
0.3268533902680544
0.3268533902680544
0.32685276796588414
0.3547228764416944
0.32685276796588414
0.3465684272416519
0.32685276796588414
0.3268533902680544
0.3268533902680544
0.3268533902680544
0.32687808586756706
0.3460088255378027
0.32685276796588414
0.3268533902680544
0.3268533902680544
0.3285886732442594
0.3268533902680544
0.3268533902680544
0.3268533902680544
0.3268533902680544
0.32685276796588414
0.3268533902680544
0.34654913573354695
0.3268704000491168
0.3465497580357172
0.3268533902680544
0.32685276796588414
0.32693628333209773
0.32685276796588414
0.3278408773765389
0.32685276796588414
0.3286469454666745
0.3268533902680544
0.7957641285179022
0.3268533902680544
0.32741444423272004
0.3268533902680544
0.3268533902680544
0.32687102235128707
0.32784025507436865
0.32685276796588414
0.3465684272416519
0.3268533902680544
0.32689571795079975
0.3268533902680544
0.3465497580357172
0.3268533902680544
0.3268533902680544
0.3268533902680544
0.9504673604195495
0.3268533902680544
0.3268533902680544
0.32685276796588414
0.32685276796588414
0.3268533902680544
0.32685276796588414
0.32685276796588414
0.3385382442396946
0.3547235735017491
0.3268533902680544
0.3391188320509172
0.32685331551016994
0.3268533902680544
0.32685276796588414
0.3268533902680544
0.32685276796588414
0.32685276796588414
0.3285887480021438
0.3268533902680544
0.3268533902680544
0.3268533902680544
0.3268704000491168
0.7957371859598362
0.32685276796588414
0.32685276796588414
0.3268533902680544
0.3268533902680544
0.3268526932079997
0.3268533902680544
0.3268533902680544
0.32685276796588414
0.3268774635653968
0.32685276796588414
0.3268533902680544
0.3268533902680544
0.3268533902680544
0.32861344360165656
0.32685276796588414
0.32685276796588414
0.32685276796588414
0.3268533902680544
0.3283985300784361
0.32685276796588414
0.3268533902680544
0.4242565408460075
0.3268533902680544
0.32685276796588414
