0.32693566102992744
0.32685276796588414
0.32685276796588414
0.3268533902680544
0.3298497729027329
0.3268533902680544
0.32685276796588414
0.32685276796588414
0.32685276796588414
0.3268533902680544
0.3268533902680544
0.3268533902680544
0.3268533902680544
0.3268533902680544
0.3268526932079997
0.32685276796588414
0.3268533902680544
0.32685276796588414
0.3268533902680544
0.3268533902680544
0.3268533902680544
0.3268533902680544
0.3268533902680544
0.32685276796588414
0.32685276796588414
0.3268533902680544
0.32687102235128707
0.3268533902680544
0.3268533902680544
0.3268526932079997
0.34654913573354695
0.3268704000491168
0.32685276796588414
0.3268533902680544
0.3268533902680544
0.3268533902680544
0.32685276796588414
0.3268533902680544
0.3268533902680544
0.32685276796588414
0.32685276796588414
0.3460088255378027
0.35472349874386466
0.3268533902680544
0.3268533902680544
0.3285887480021438
0.3268533902680544
0.32685276796588414
0.3268533902680544
0.3268704000491168
0.3268533902680544
0.3268533902680544
0.32685276796588414
0.3268533902680544
0.3268533902680544
0.3268533902680544
0.32685276796588414
0.32685331551016994
0.3268533902680544
0.32687808586756706
0.32685331551016994
0.3268533902680544
0.32685276796588414
0.3268533902680544
0.32685331551016994
0.3268533902680544
0.32685331551016994
0.32685331551016994
0.3268533902680544
0.3268533902680544
0.3268533902680544
0.32685276796588414
0.3268533902680544
0.3268533902680544
0.32685276796588414
0.3268533902680544
0.32685276796588414
0.3268533902680544
0.32685276796588414
0.3268533902680544
0.32685276796588414
0.3268533902680544
0.3268533902680544
0.3268533902680544
0.3268533902680544
0.3268533902680544
0.7960324352958629
0.3268533902680544
0.3268533902680544
0.3268533902680544
0.3268533902680544
0.3268533902680544
0.3268533902680544
0.3268533902680544
0.34711081200038285
0.3268533902680544
0.32685276796588414
0.3268526932079997
0.3268533902680544
0.32685331551016994
0.32685276796588414
0.3268533902680544
0.32685276796588414
0.32685276796588414
0.3268533902680544
0.3268533902680544
0.32685276796588414
0.3268533902680544
0.3268533902680544
0.3268533902680544
0.3268533902680544
0.32685276796588414
0.3268533902680544
0.32689571795079975
0.3268533902680544
0.32685331551016994
0.3268533902680544
0.32685331551016994
0.326911587732585
0.32687808586756706
0.3268533902680544
0.3268533902680544
0.3268533902680544
0.3268533902680544
0.3268533902680544
0.3268533902680544
0.32685276796588414
0.32685276796588414
0.32687102235128707
0.32685276796588414
0.3268533902680544
0.3268533902680544
0.3268533902680544
0.3268533902680544
0.3268533902680544
0.3268533902680544
0.3268533902680544
0.3268533902680544
0.32839915238060635
0.3268533902680544
0.32685276796588414
0.32685276796588414
0.32685331551016994
0.32685276796588414
0.32685276796588414
0.3268526932079997
0.3268533902680544
0.32685276796588414
0.3268533902680544
0.32860638008537657
0.32685276796588414
0.3268533902680544
0.34711081200038285
0.3268533902680544
0.3268533902680544
0.3547235735017491
0.32691096543041476
0.3268533902680544
0.3268533902680544
0.3268526932079997
0.32685276796588414
0.3268533902680544
0.3268533902680544
0.32685276796588414
0.32685276796588414
0.3268533902680544
0.3465684272416519
0.32685276796588414
0.32685276796588414
0.32685276796588414
0.3268533902680544
0.3268533902680544
0.32687102235128707
0.3268533902680544
0.3268704000491168
0.32687102235128707
0.3268533902680544
0.3268533902680544
0.3268526932079997
0.3268533902680544
0.32685276796588414
0.3268704000491168
0.32685276796588414
0.3268703252912324
0.3268533902680544
0.32685276796588414
0.32685276796588414
0.3268533902680544
0.3268774635653968
1.4414514960420408
0.3268533902680544
0.3268533902680544
0.3268533902680544
0.3268533902680544
0.33853762193752435
0.3268533902680544
0.32685276796588414
0.3268533902680544
0.32685276796588414
0.32685276796588414
0.32687102235128707
0.3268533902680544
0.32685276796588414
0.32685276796588414
0.32685276796588414
0.3268533902680544
0.32685276796588414
0.3268533902680544
0.3268533902680544
0.32685276796588414
0.3268533902680544
0.3268533902680544
0.3268533902680544
0.32685331551016994
0.32685276796588414
0.3268526932079997
0.3268704000491168
0.3268533902680544
0.32685276796588414
0.32685276796588414
0.3268533902680544
0.3268703252912324
0.32685276796588414
0.3268533902680544
0.3268533902680544
0.32685276796588414
0.32685276796588414
0.32685276796588414
0.3268533902680544
0.3268533902680544
0.7957641285179022
0.32685276796588414
0.32685276796588414
0.3268533902680544
0.32685276796588414
0.3268533902680544
0.3268533902680544
0.32685276796588414
0.32685276796588414
0.3268533902680544
0.32685276796588414
0.3268533902680544
0.3268533902680544
0.3268533902680544
0.3268533902680544
0.3268533902680544
0.3268533902680544
0.3268703252912324
0.3268533902680544
0.3268526932079997
0.3268526932079997
0.32685276796588414
0.3268533902680544
0.3268533902680544
0.3268533902680544
0.3268533902680544
0.3268533902680544
0.3268533902680544
0.3268533902680544
0.3268533902680544
0.3268533902680544
0.32685276796588414
0.32685276796588414
0.32685276796588414
0.3268533902680544
0.32685276796588414
0.3268533902680544
0.3268533902680544
0.3268533902680544
0.32685276796588414
0.32685276796588414
0.3268533902680544
0.32685276796588414
0.3268704000491168
0.3268533902680544
0.3268533902680544
0.3268533902680544
0.32685276796588414
0.35472295119957886
0.32685276796588414
0.32685276796588414
0.32685276796588414
0.32685276796588414
0.3268533902680544
0.32685276796588414
0.3268533902680544
0.3268533902680544
0.3465497580357172
0.3268533902680544
0.32685276796588414
0.3268533902680544
0.326911587732585
0.3268533902680544
0.3268533902680544
0.3268533902680544
0.3268533902680544
0.3268533902680544
0.3268533902680544
0.32685276796588414
0.3268533902680544
0.3268533902680544
0.32685276796588414
0.32685276796588414
0.3268533902680544
0.32685276796588414
0.32685276796588414
0.32685276796588414
0.32685276796588414
0.32685276796588414
0.32685276796588414
0.3268533902680544
0.3268533902680544
0.32685276796588414
0.3268533902680544
0.32685276796588414
0.32685276796588414
0.3268533902680544
0.3268533902680544
0.32685276796588414
0.3268774635653968
0.32685331551016994
0.3268533902680544
0.3268774635653968
0.3268533902680544
0.3268533902680544
0.32687102235128707
0.32685276796588414
0.3268533902680544
0.32685276796588414
0.32685276796588414
0.32685276796588414
0.3465497580357172
0.5668306098571383
0.3268533902680544
0.3268704000491168
0.3268533902680544
0.3268533902680544
0.3268533902680544
0.3268533902680544
0.32685331551016994
0.32685276796588414
0.3268533902680544
0.3268533902680544
0.32685331551016994
0.32685276796588414
0.35474058328281155
0.32685276796588414
0.3268533902680544
0.32687102235128707
0.3268533902680544
0.3268533902680544
0.32687808586756706
0.3268533902680544
1.4414510735002701
0.3547228764416944
0.32685276796588414
0.3268533902680544
0.33853816948181015
0.5238745103502453
0.32685276796588414
0.32685276796588414
0.32685331551016994
0.32685276796588414
0.3268533902680544
0.32685276796588414
0.32685276796588414
0.3268533902680544
0.3268533902680544
0.3268533902680544
0.7957372607177207
0.32685276796588414
0.3268533902680544
0.3268533902680544
0.3268533902680544
0.32685276796588414
0.32685276796588414
0.32784025507436865
0.32685276796588414
0.32685276796588414
0.32685276796588414
0.3268533902680544
0.3268533902680544
0.32687808586756706
1.4414510735002701
0.32685276796588414
0.32685276796588414
0.3268533902680544
0.3268533902680544
0.3268533902680544
0.3268533902680544
0.32685276796588414
0.3268533902680544
0.32685276796588414
0.3268533902680544
0.8912329417586258
0.3285787369983459
0.3268533902680544
0.32685276796588414
0.32685276796588414
0.3268533902680544
0.3386205150015677
0.3268704000491168
0.3465684272416519
0.3268533902680544
0.3268533902680544
0.32685276796588414
0.32685276796588414
0.3268533902680544
0.3268533902680544
0.32685276796588414
0.3268533902680544
0.3268533902680544
0.32687102235128707
0.32685276796588414
0.32685276796588414
0.32685331551016994
0.3268533902680544
0.3268533902680544
0.3268533902680544
0.32685276796588414
0.3268533902680544
0.3268533902680544
0.3268533902680544
0.3268533902680544
0.32685276796588414
0.32685276796588414
0.3268533902680544
0.32685276796588414
0.32685276796588414
0.3268533902680544
0.3268533902680544
0.32685276796588414
0.3268533902680544
0.3268533902680544
0.32685276796588414
0.32685276796588414
0.32685276796588414
0.32685331551016994
0.3268774635653968
0.3268533902680544
0.32685276796588414
0.3268533902680544
0.3268533902680544
0.3268533902680544
0.32685276796588414
0.3268533902680544
0.3268533902680544
0.3268533902680544
0.32685331551016994
0.32685276796588414
0.32685276796588414
0.3268533902680544
0.32685276796588414
0.3268533902680544
0.32685276796588414
0.3268533902680544
0.3268533902680544
0.3268533902680544
0.3268533902680544
0.3268533902680544
0.3268526932079997
0.3268533902680544
0.7957372607177207
0.32685276796588414
0.3268533902680544
0.3268533902680544
0.32687102235128707
0.3268533902680544
0.34711081200038285
0.32685276796588414
0.3268533902680544
0.32685276796588414
0.32687102235128707
0.32685276796588414
0.32784025507436865
0.3268533902680544
0.3268533902680544
0.3268533902680544
0.3268533902680544
0.32685276796588414
0.32685331551016994
0.3268526932079997
0.32685276796588414
0.32685331551016994
0.3268533902680544
0.3268533902680544
0.3268533902680544
0.3268533902680544
0.3268533902680544
0.3268533902680544
0.32685276796588414
0.32685276796588414
0.3385382442396946
0.32685276796588414
0.32685276796588414
0.3268533902680544
0.3268533902680544
0.32839915238060635
0.32685276796588414
0.3268533902680544
0.3274138219305498
0.3385382442396946
0.3286716410661872
0.7960324352958629
0.3268533902680544
0.3268533902680544
0.32685276796588414
0.3268533902680544
0.3268533902680544
0.32685276796588414
0.3268533902680544
0.3268533902680544
0.3268533902680544
0.3268526932079997
0.32685276796588414
0.3268533902680544
0.3268533902680544
0.3268533902680544
0.32685276796588414
0.3268533902680544
0.32685276796588414
0.3268533902680544
0.32839915238060635
0.32685331551016994
0.32685276796588414
0.3268704000491168
0.3268533902680544
0.32685276796588414
0.3268533902680544
0.3268533902680544
0.32685276796588414
0.32685276796588414
0.32685276796588414
0.3268533902680544
0.32685276796588414
0.3268533902680544
0.32685276796588414
0.32685276796588414
0.32685276796588414
0.32685276796588414
0.3268533902680544
0.3268533902680544
0.3268533902680544
0.3268533902680544
0.3268533902680544
0.3268533902680544
0.32693566102992744
0.3286310009270048
0.3268533902680544
0.3268533902680544
0.32685276796588414
0.3268704000491168
0.3268526932079997
0.32693566102992744
0.32685276796588414
0.32685276796588414
0.32685276796588414
0.32685276796588414
0.3268533902680544
0.32685276796588414
0.3268533902680544
0.3268533902680544
0.3268533902680544
0.32685276796588414
0.3268533902680544
0.32784025507436865
0.32685276796588414
0.3268533902680544
0.32685276796588414
0.3268533902680544
0.32685276796588414
0.3268533902680544
0.3268533902680544
0.35472295119957886
0.3268533902680544
0.3268533902680544
0.3268533902680544
0.3268533902680544
0.3268533902680544
0.3268533902680544
0.32693566102992744
0.3268533902680544
0.32689571795079975
0.3268533902680544
0.3268533902680544
0.3268533902680544
0.32685276796588414
0.3268533902680544
0.3268533902680544
0.3268533902680544
0.32685276796588414
0.3268533902680544
0.3268533902680544
0.32685331551016994
0.3268533902680544
0.32685276796588414
0.32685276796588414
0.32685276796588414
0.32685276796588414
0.3268533902680544
0.3297733210527992
0.3268533902680544
0.3268533902680544
0.32685276796588414
0.3268533902680544
0.32685276796588414
0.32685276796588414
0.3268533902680544
0.3268533902680544
0.32685276796588414
0.3268533902680544
0.32687102235128707
0.3268526932079997
0.32685276796588414
0.3268533902680544
0.3268774635653968
0.3268533902680544
0.32685276796588414
0.32685276796588414
0.3268533902680544
0.32685276796588414
0.32685276796588414
0.3268533902680544
0.3268533902680544
0.3268533902680544
0.3268533902680544
0.32685331551016994
0.32685276796588414
0.3268704000491168
0.3268533902680544
0.32685276796588414
0.3268533902680544
0.32685331551016994
1.4414510735002701
0.3285787369983459
0.3268533902680544
0.3268533902680544
0.3268533902680544
1.4414510735002701
0.32685276796588414
0.3268704000491168
0.3268533902680544
0.3268533902680544
0.32685331551016994
0.32687102235128707
0.32685276796588414
0.3268533902680544
0.3268533902680544
0.3268533902680544
0.3268533902680544
0.32685276796588414
0.3268533902680544
0.3268533902680544
0.32685276796588414
0.3268533902680544
0.32685276796588414
0.3268533902680544
0.3268533902680544
0.32685276796588414
0.32685276796588414
0.32786557297605157
0.3268533902680544
0.3268533902680544
0.32784025507436865
0.3268704000491168
0.3268533902680544
0.3268533902680544
0.32685276796588414
0.7957641285179022
0.3268533902680544
0.32685276796588414
0.3268533902680544
0.3268533902680544
0.32685276796588414
0.32685331551016994
0.3268533902680544
0.3268533902680544
0.32685276796588414
0.32685276796588414
0.32685276796588414
0.32687102235128707
0.32685276796588414
0.3268533902680544
0.3268533902680544
0.3268533902680544
0.3268533902680544
0.3268533902680544
0.3268533902680544
0.32685276796588414
0.3268533902680544
0.32685276796588414
0.32685276796588414
0.3268533902680544
0.3268526932079997
0.32685331551016994
0.3268533902680544
0.3268533902680544
0.3268533902680544
0.32685276796588414
0.7891001236862166
0.32685276796588414
0.3268533902680544
0.3268533902680544
0.32685276796588414
0.32685276796588414
0.3547228764416944
0.32685276796588414
0.3268533902680544
0.3268533902680544
0.4242565408460075
0.3268533902680544
0.32685276796588414
0.32685276796588414
0.3268533902680544
0.3268533902680544
0.32685276796588414
0.3268533902680544
0.3268709475934026
0.32685276796588414
0.32685276796588414
0.3286210646810913
0.3268533902680544
0.3268533902680544
0.3268533902680544
0.32685276796588414
0.3268526932079997
0.3268533902680544
0.32687102235128707
0.34654913573354695
0.3268533902680544
0.3283985300784361
0.32685276796588414
0.3268533902680544
0.3268533902680544
0.32685331551016994
0.3268533902680544
0.32685276796588414
0.3268533902680544
0.3268704000491168
0.3268533902680544
0.3268533902680544
0.32685276796588414
0.32685276796588414
0.32685276796588414
0.3268533902680544
0.5924166245590432
0.32685276796588414
0.3268704000491168
0.3268533902680544
0.32685276796588414
0.3268533902680544
0.32685276796588414
0.3268533902680544
0.3268704000491168
0.32685276796588414
0.3268533902680544
0.3268533902680544
0.32685331551016994
0.32685276796588414
0.32685276796588414
0.3547228764416944
0.32685276796588414
0.32687102235128707
0.3268533902680544
0.3268533902680544
0.3268533902680544
0.3268533902680544
0.32897436242620315
0.3268533902680544
0.32685276796588414
0.3268533902680544
0.32685331551016994
0.32685331551016994
0.32685276796588414
0.32685276796588414
0.3268533902680544
0.32685276796588414
0.32685276796588414
0.32685276796588414
0.32685276796588414
0.32861344360165656
0.32687808586756706
0.3268533902680544
0.32685276796588414
0.32685276796588414
0.3268533902680544
0.32685276796588414
0.32687808586756706
0.32685276796588414
0.3268533902680544
0.3268533902680544
0.3268533902680544
0.3268533902680544
0.32685276796588414
0.55965984474608
0.3268533902680544
0.32685276796588414
0.32685276796588414
0.32687808586756706
0.32685276796588414
0.32685276796588414
0.3268533902680544
0.32687102235128707
0.32685276796588414
0.32685276796588414
0.32685276796588414
0.3268533902680544
0.3292347827486515
0.32687102235128707
0.32685276796588414
0.3268533902680544
0.32687102235128707
0.3268533902680544
0.3268533902680544
0.32685276796588414
0.3268533902680544
0.32685276796588414
0.32685276796588414
0.32685276796588414
0.32685331551016994
0.3268533902680544
0.55965984474608
0.3268533902680544
0.3547228764416944
0.3269539154153305
0.32685276796588414
0.3471107372424984
0.32685331551016994
0.32685276796588414
0.3268533902680544
0.3268533902680544
0.32685276796588414
0.32685331551016994
0.3268533902680544
0.3268533902680544
0.3268533902680544
0.32685276796588414
0.3268533902680544
0.3465497580357172
0.32687808586756706
0.32685276796588414
0.3268533902680544
0.3268533902680544
0.32685276796588414
0.32687102235128707
0.3268533902680544
0.32685276796588414
0.3268533902680544
0.32685276796588414
0.3547235735017491
0.3268533902680544
0.32687102235128707
0.3268533902680544
0.3268533902680544
0.3268533902680544
0.3268533902680544
0.32685276796588414
0.3268533902680544
0.3268533902680544
0.3268533902680544
0.32685276796588414
0.32685276796588414
0.3268533902680544
0.32685276796588414
0.3268533902680544
0.32685331551016994
0.32685276796588414
0.3268533902680544
0.32685276796588414
0.32685276796588414
0.33853762193752435
0.7957372607177207
0.3268533902680544
0.32685276796588414
0.3268533902680544
0.3268704000491168
0.32685276796588414
0.3268533902680544
0.32685276796588414
0.3268533902680544
0.3268533902680544
0.3268533902680544
0.3268533902680544
0.32685276796588414
0.32685276796588414
0.3268533902680544
0.3268533902680544
0.32685276796588414
0.32685276796588414
0.4242565408460075
0.3547235735017491
0.32685276796588414
0.32685276796588414
0.3274314540137825
0.7957372607177207
0.32687102235128707
0.3268533902680544
0.32685276796588414
0.32689571795079975
0.3268533902680544
0.3268704000491168
0.3268533902680544
0.32685331551016994
0.3268533902680544
0.32685276796588414
0.3268533902680544
0.3268533902680544
0.32685276796588414
0.3268533902680544
0.3268533902680544
0.3268704000491168
0.3268533902680544
0.3268533902680544
0.3268533902680544
0.32685276796588414
0.32685276796588414
0.3268533902680544
0.32693628333209773
0.32685276796588414
0.3268533902680544
0.3268533902680544
0.32685276796588414
0.3268533902680544
0.32685331551016994
0.32685276796588414
0.32685276796588414
0.3268533902680544
0.32685276796588414
0.3268533902680544
0.3268533902680544
0.3268533902680544
0.3268533902680544
0.32687102235128707
0.3268533902680544
0.9504594396517244
0.3268533902680544
0.3297733210527992
0.3268533902680544
0.32687102235128707
0.3268533902680544
0.3268533902680544
0.32685276796588414
0.3268533902680544
0.3268533902680544
0.32687102235128707
0.3268533902680544
0.32685276796588414
0.32685331551016994
0.3268533902680544
0.3268533902680544
0.32685276796588414
0.3268533902680544
0.3268533902680544
0.32685276796588414
0.32685331551016994
0.3268533902680544
0.32685331551016994
0.32685276796588414
0.32685276796588414
0.3268533902680544
0.32687102235128707
0.32685276796588414
0.3268533902680544
0.32685276796588414
0.3268533902680544
0.32685276796588414
0.3268533902680544
0.3268533902680544
0.3268533902680544
0.3385382442396946
0.32685276796588414
0.32685331551016994
0.3268533902680544
0.32685331551016994
0.32685331551016994
0.32685276796588414
0.3268533902680544
0.32687102235128707
0.32687102235128707
0.32685276796588414
0.32685276796588414
0.3268533902680544
0.3268533902680544
0.3268533902680544
0.32685276796588414
0.3268774635653968
0.3268533902680544
0.3268533902680544
0.32687102235128707
0.3268533902680544
0.32685276796588414
0.3268533902680544
1.4414514960420408
0.32685276796588414
0.3268533902680544
0.3268533902680544
0.3278408773765389
0.3268533902680544
0.3268704000491168
0.32685276796588414
