0.3268526932079997
0.3268526932079997
0.3268526932079997
1.4422416646391758
0.32685331551016994
0.3268526932079997
0.3268773888075124
0.3268526932079997
0.3268526932079997
0.3268526932079997
0.3381293575620853
0.3385375471796399
0.32685331551016994
0.3268526932079997
0.3268526932079997
1.4414391584149269
0.3268526932079997
0.3268526932079997
0.3268526932079997
0.3268526932079997
0.3268526932079997
0.3268526932079997
0.3268526932079997
0.3385375471796399
0.32685331551016994
0.3269108906725303
0.3268526932079997
0.32685331551016994
0.3268526932079997
0.3268526932079997
0.7957640537600177
0.3268526932079997
0.3278401803164842
0.32685331551016994
0.326935586272043
0.3268526932079997
0.32685331551016994
0.3268526932079997
0.3268526932079997
0.3268526932079997
0.3268526932079997
0.32685331551016994
0.3269108906725303
0.3268526932079997
0.3268526932079997
0.32685331551016994
0.32685331551016994
0.32685331551016994
0.3268526932079997
0.5668296562675345
0.32685331551016994
0.32685331551016994
0.3268526932079997
0.3268526932079997
0.32685331551016994
0.3268703252912324
0.32685331551016994
0.32685331551016994
0.32685331551016994
0.3268526932079997
0.32685331551016994
0.32685331551016994
0.5668283563853936
0.3268526932079997
0.32685276796588414
0.3268526932079997
0.32685331551016994
0.32685331551016994
0.32685331551016994
0.3268526932079997
0.3268526932079997
0.3293075900510125
0.32685331551016994
0.32685331551016994
0.3268526932079997
0.32685276796588414
0.4245057700174201
0.3268526932079997
0.32685331551016994
0.3268526932079997
0.32685331551016994
0.32685331551016994
0.3268773888075124
0.3268526932079997
0.32685331551016994
0.3268526932079997
0.3268773888075124
0.3268526932079997
0.3268526932079997
0.3268526932079997
0.326935586272043
0.3268526932079997
0.3268526932079997
0.3268526932079997
0.32685276796588414
0.3268533902680544
0.3268526932079997
0.3268526932079997
0.32691151297470056
0.32685276796588414
0.32685331551016994
0.3268533902680544
0.3268526932079997
0.3268526932079997
0.32685331551016994
0.3268526932079997
0.3268703252912324
0.3268526932079997
0.3268526932079997
0.3268526932079997
0.3268526932079997
0.42425582996237565
0.32685331551016994
0.3268526932079997
0.32685331551016994
0.3268526932079997
0.3268526932079997
0.3268526932079997
0.32685331551016994
0.32685331551016994
0.3268526932079997
0.3268526932079997
0.32685331551016994
0.3268526932079997
0.3268526932079997
0.32741374717266536
0.32685331551016994
0.7960345327386473
0.3268526932079997
0.3268526932079997
0.32685331551016994
0.3268703252912324
0.3268526932079997
0.3268526932079997
0.3268526932079997
0.3278401803164842
0.3268526932079997
0.3268526932079997
0.32685331551016994
0.32685331551016994
0.3268526932079997
0.3268526932079997
0.32685331551016994
0.3268526932079997
0.3268526932079997
0.3268526932079997
0.3268526932079997
0.3268526932079997
0.3268526932079997
0.3268526932079997
0.32685331551016994
0.3268526932079997
0.32685276796588414
0.3268526932079997
0.3268526932079997
0.3268526932079997
0.32685331551016994
0.32685331551016994
0.3268526932079997
0.3268526932079997
0.32685331551016994
0.3268526932079997
0.32685331551016994
0.32685331551016994
0.32685331551016994
0.32685276796588414
0.3268526932079997
0.32685331551016994
0.3268526932079997
0.3268703252912324
0.3278401803164842
0.3268526932079997
0.3268526932079997
0.3268526932079997
0.3268533902680544
0.35472349874386466
0.32685331551016994
0.7957640537600177
0.3268526932079997
0.32685331551016994
0.32685276796588414
0.3268526932079997
0.32685331551016994
0.32685331551016994
0.3268526932079997
0.3268526932079997
0.35472349874386466
0.3268526932079997
0.32685331551016994
0.3268526932079997
0.3268526932079997
0.3268526932079997
0.3547228764416944
0.3268526932079997
0.32685331551016994
0.3268526932079997
0.3268526932079997
0.32685331551016994
0.3268526932079997
0.3268533902680544
0.3268526932079997
0.32685331551016994
0.3268526932079997
0.32685331551016994
0.5535227430530666
0.32685331551016994
0.3268526932079997
0.3268526932079997
0.3268526932079997
0.3268526932079997
0.32685331551016994
0.3268526932079997
0.3268526932079997
0.3268526932079997
0.3268526932079997
0.7960076649384658
0.3268526932079997
0.3268526932079997
0.32685331551016994
0.32685331551016994
0.3268526932079997
0.8912240674011968
0.32685331551016994
0.32685331551016994
0.3268526932079997
0.3268526932079997
0.32685331551016994
0.32685331551016994
0.3268526932079997
0.3269362085742133
0.5668283563853936
0.3268526932079997
0.3268526932079997
0.3268526932079997
0.3268526932079997
0.3278401803164842
0.3268526932079997
0.3268526932079997
0.3268526932079997
0.3268526932079997
0.3268526932079997
0.3268526932079997
0.32741374717266536
0.3268526932079997
0.3268773888075124
0.3268533902680544
0.3268526932079997
0.3268526932079997
0.32685331551016994
0.32685331551016994
0.3268526932079997
0.3268526932079997
0.3268526932079997
0.3268526932079997
0.3268526932079997
0.33853762193752435
0.3268526932079997
0.3268526932079997
0.32685276796588414
0.3268526932079997
0.3268526932079997
0.3268526932079997
0.32685276796588414
0.3268526932079997
0.3268526932079997
0.3268526932079997
0.3268526932079997
0.3292246969869691
0.3268526932079997
0.3268526932079997
0.3268526932079997
0.3268526932079997
0.7957640537600177
0.32685331551016994
0.3268526932079997
0.3268526932079997
0.3283978191948042
0.32685331551016994
0.42425582996237565
0.32685331551016994
0.32685331551016994
0.3268526932079997
0.3268526932079997
0.32685331551016994
0.3268526932079997
0.3268526932079997
0.32685331551016994
0.3268526932079997
0.3268526932079997
0.32685331551016994
0.3268526932079997
0.5821313837254203
0.3268526932079997
0.3268526932079997
0.3268526932079997
0.3268526932079997
0.3297732462949148
0.3268533902680544
0.3268526932079997
0.3268526932079997
0.3268526932079997
0.32685276796588414
0.3268526932079997
0.3268526932079997
0.3268526932079997
0.3268526932079997
0.3268526932079997
0.3268526932079997
0.3268526932079997
0.3268526932079997
0.32685331551016994
0.34656709405584973
0.7957371859598362
0.3268703252912324
0.3268526932079997
0.32685331551016994
0.32685331551016994
0.3268526932079997
0.3268780111096826
0.3268526932079997
0.32685331551016994
0.3268526932079997
0.326935586272043
0.32685331551016994
0.3268526932079997
0.32685331551016994
0.32685331551016994
0.32685331551016994
0.32741374717266536
0.3268526932079997
0.5822693060927726
0.3268526932079997
0.3268526932079997
0.3268526932079997
0.7960076649384658
0.32685331551016994
0.3268526932079997
0.32685331551016994
0.32685331551016994
0.3268526932079997
0.32685331551016994
0.3268526932079997
0.32685331551016994
0.3268526932079997
0.32685331551016994
0.3268526932079997
0.523874435592361
0.32685331551016994
0.326935586272043
0.3268526932079997
1.4414391584149269
0.5537382944972735
0.33853762193752435
0.32685331551016994
0.7903472873437054
0.32685331551016994
0.3268526932079997
0.3268526932079997
0.7957640537600177
0.7957640537600177
0.32685331551016994
0.32685331551016994
0.3268526932079997
0.32685331551016994
0.3268526932079997
0.32685331551016994
0.7957640537600177
0.3268709475934026
0.3268526932079997
0.3268526932079997
0.3547228764416944
0.32691151297470056
0.3268526932079997
0.32685276796588414
0.32685331551016994
0.32685331551016994
0.3278401803164842
0.3268709475934026
0.32685331551016994
0.32685331551016994
0.3268526932079997
0.3268526932079997
0.32685331551016994
0.32685276796588414
0.3268526932079997
0.3268526932079997
0.3268526932079997
0.3268526932079997
0.5821300838432796
0.32685331551016994
0.32685331551016994
0.32685331551016994
0.3268533902680544
0.326935586272043
0.32685331551016994
0.3268526932079997
0.3268703252912324
0.32685331551016994
0.32685331551016994
0.32685331551016994
0.32685331551016994
0.3268526932079997
0.3268526932079997
0.32685276796588414
0.3268526932079997
0.3385375471796399
0.3268526932079997
0.32685331551016994
0.3268526932079997
0.32685331551016994
0.3471101149403282
0.32685331551016994
0.3268526932079997
0.3268526932079997
0.3268526932079997
0.32841886636438256
0.32685276796588414
0.32685331551016994
0.32685331551016994
0.3268526932079997
0.32741374717266536
0.32685331551016994
0.3268526932079997
0.3268526932079997
0.3268526932079997
0.3268526932079997
0.32685331551016994
0.5668543518670471
0.3268533902680544
0.3268526932079997
0.3268526932079997
0.3268526932079997
0.3268526932079997
0.3268526932079997
0.3269362085742133
0.32685331551016994
0.32685331551016994
0.32685331551016994
0.3268526932079997
0.32685331551016994
0.32685331551016994
0.3268526932079997
0.3268709475934026
0.34711081200038285
0.3268526932079997
0.32685331551016994
0.3268526932079997
0.3268526932079997
0.3268526932079997
0.32685331551016994
0.3268526932079997
0.32685331551016994
1.4414501097169305
0.3268703252912324
0.3268526932079997
0.3268526932079997
0.3268526932079997
0.3268526932079997
0.3268780111096826
0.3268526932079997
0.3268526932079997
0.3268526932079997
0.35474764679909154
0.3268780111096826
0.3268704000491168
0.3268526932079997
0.32685331551016994
0.3268526932079997
0.3268526932079997
0.3268526932079997
0.3268526932079997
0.3268526932079997
0.3283978191948042
0.32685331551016994
0.32685331551016994
0.32685331551016994
0.3268526932079997
0.4468490133558735
0.5668804648969048
0.3268526932079997
0.3268526932079997
0.3268526932079997
0.3268526932079997
0.3268526932079997
0.32685331551016994
0.3269108906725303
0.3268526932079997
0.3268526932079997
0.3268526932079997
0.7957640537600177
0.32685331551016994
0.3268526932079997
0.3268526932079997
0.7960345327386473
0.3268780111096826
0.3268526932079997
0.32685331551016994
0.3268526932079997
0.3268526932079997
0.3268526932079997
0.3268526932079997
0.32685331551016994
0.32685331551016994
0.32685331551016994
0.3268526932079997
0.3268526932079997
0.32685331551016994
0.32685331551016994
2.157254165010473
0.3268526932079997
0.32685331551016994
0.3268526932079997
0.3268526932079997
0.4242862872293302
0.3268526932079997
0.3268526932079997
0.32685331551016994
0.3268526932079997
0.32685331551016994
0.32685331551016994
0.32685331551016994
0.3268526932079997
0.32685331551016994
0.32685331551016994
0.3268526932079997
0.32685331551016994
0.3268526932079997
0.3268526932079997
0.32685331551016994
0.3268703252912324
0.32685331551016994
0.32923470799076704
0.32685331551016994
0.3268526932079997
0.32685331551016994
0.32685331551016994
0.3268526932079997
0.32685331551016994
0.3268526932079997
0.32685331551016994
0.32784080261865445
0.32685331551016994
0.32685331551016994
0.3268526932079997
0.3268526932079997
0.3268709475934026
0.3268526932079997
0.32685331551016994
0.32685331551016994
0.3268526932079997
0.3268526932079997
0.3268526932079997
0.3268526932079997
0.32685331551016994
0.3547235735017491
0.3278401803164842
0.3268526932079997
0.3268526932079997
0.3385375471796399
0.3268526932079997
0.32685331551016994
0.3269108906725303
0.3268526932079997
0.32685331551016994
0.3268526932079997
0.3268526932079997
0.3268526932079997
0.3269108906725303
0.32685331551016994
0.32685331551016994
0.3268526932079997
0.32685331551016994
0.3268703252912324
0.32685331551016994
0.3268533902680544
0.3268526932079997
0.3268526932079997
0.3268533902680544
0.3268526932079997
0.32685276796588414
0.3268526932079997
0.3292246969869691
0.3268526932079997
0.3268526932079997
0.32685276796588414
0.3268526932079997
0.3385622427791526
0.32685276796588414
0.3268526932079997
0.7957640537600177
0.3268526932079997
0.3268526932079997
0.8912319881690218
1.4414391584149269
0.3268526932079997
0.3268526932079997
0.3268526932079997
0.3465490609756625
0.32685331551016994
0.3268526932079997
0.3268526932079997
0.3268526932079997
0.3385622427791526
0.3268526932079997
0.3268526932079997
0.32685276796588414
0.3268526932079997
0.32685276796588414
0.32685276796588414
0.3268526932079997
0.7903719829432181
0.3268526932079997
0.32685331551016994
0.3268773888075124
0.3268526932079997
0.3268526932079997
0.3268526932079997
0.32685331551016994
0.32685331551016994
0.3268526932079997
0.3268526932079997
0.32784080261865445
0.32685331551016994
0.3268526932079997
0.3268526932079997
0.32685276796588414
0.3268526932079997
0.35472349874386466
0.5821300838432796
0.3465490609756625
0.3268526932079997
0.3268526932079997
0.32685331551016994
0.32685331551016994
0.3268526932079997
0.7424163229292883
0.3268526932079997
0.32685331551016994
0.3268526932079997
0.32685331551016994
0.3268533902680544
0.32685331551016994
0.3385375471796399
0.32685331551016994
0.3268526932079997
0.3268526932079997
0.3268526932079997
0.3268526932079997
0.32685276796588414
0.7957372607177207
0.32685331551016994
0.32685331551016994
0.3268526932079997
0.3268526932079997
0.3268526932079997
0.3268526932079997
0.3268703252912324
0.32685331551016994
0.32685331551016994
0.3268526932079997
0.32685331551016994
0.3268526932079997
0.3268526932079997
0.3268526932079997
0.32685331551016994
0.32685276796588414
0.3268526932079997
0.3268526932079997
0.32685331551016994
0.3268526932079997
0.3268526932079997
0.3268780111096826
0.3268526932079997
0.3268526932079997
0.3268526932079997
0.32685331551016994
0.3278401803164842
0.3268526932079997
0.3268526932079997
0.3268526932079997
0.32685331551016994
0.7957640537600177
0.32685331551016994
0.4468801815064599
0.3268526932079997
0.3268526932079997
0.5535227430530666
0.32685276796588414
0.3268526932079997
0.3268526932079997
0.3268526932079997
0.3268526932079997
0.3268526932079997
0.32685331551016994
0.7957640537600177
0.32685331551016994
0.42425582996237565
0.32685331551016994
0.3268526932079997
0.3268526932079997
0.32685331551016994
0.32685276796588414
0.3268703252912324
0.3268526932079997
0.8912319881690218
0.3268526932079997
0.3268526932079997
0.3268526932079997
0.35472295119957886
0.3278401803164842
0.3268526932079997
0.3268526932079997
0.32685331551016994
0.3268526932079997
0.3283978191948042
0.32685331551016994
0.32685331551016994
0.3385375471796399
0.3268526932079997
0.3268526932079997
0.3268526932079997
0.3471101149403282
0.3268703252912324
0.3268526932079997
0.3268526932079997
0.3268526932079997
0.3268703252912324
0.32685331551016994
0.32685331551016994
0.3268526932079997
0.3268703252912324
0.3268526932079997
0.5668283563853936
0.32685331551016994
0.8912319881690218
0.3268526932079997
0.3268526932079997
0.32685331551016994
0.32685331551016994
0.3268526932079997
0.3268526932079997
0.3268526932079997
0.32685331551016994
0.3268526932079997
0.3268526932079997
0.3268526932079997
0.3297732462949148
0.3268526932079997
0.3268526932079997
0.3268526932079997
0.3268526932079997
0.32685331551016994
0.3268526932079997
0.3268526932079997
0.32685331551016994
0.3268526932079997
0.3268526932079997
0.32685276796588414
0.3268526932079997
0.5658797792631116
0.7957887493595304
0.32685331551016994
0.3269362085742133
0.3268526932079997
1.4414505322587012
0.3268526932079997
0.3268526932079997
0.3268526932079997
0.3268526932079997
0.3268526932079997
0.3268703252912324
0.32685331551016994
1.4414501097169305
0.32685331551016994
0.3268526932079997
0.3268526932079997
0.3268526932079997
1.4414391584149269
0.3268526932079997
0.3268526932079997
0.3268526932079997
0.3385375471796399
0.3268780111096826
0.326935586272043
0.3268526932079997
0.3268526932079997
0.3268526932079997
0.32685331551016994
0.33813005462214
0.3268703252912324
0.3268526932079997
0.3268526932079997
0.3268526932079997
0.32685331551016994
0.32685331551016994
0.3268526932079997
0.32685331551016994
0.32685331551016994
0.3268703252912324
0.3268526932079997
0.3268526932079997
0.3268526932079997
0.3268533902680544
0.7957371859598362
0.3268526932079997
0.3268526932079997
0.3269362085742133
0.32685331551016994
0.3268526932079997
0.3268780111096826
0.3268526932079997
0.32685331551016994
0.3268704000491168
0.3268526932079997
0.3268526932079997
0.3268526932079997
0.32685331551016994
0.3268526932079997
0.32685331551016994
0.3268526932079997
0.3268526932079997
0.3268526932079997
0.3268526932079997
0.3268526932079997
0.32685331551016994
0.3268526932079997
0.3268526932079997
0.3269108906725303
0.32685331551016994
0.32685331551016994
0.3268526932079997
0.35472349874386466
0.32685331551016994
0.3268526932079997
0.32685331551016994
0.32685331551016994
0.3268526932079997
0.3268526932079997
0.32685331551016994
0.3268526932079997
0.3268526932079997
0.3268526932079997
0.3268526932079997
0.3268526932079997
0.3268526932079997
0.3268526932079997
0.3268526932079997
0.32685331551016994
0.3268526932079997
0.32685331551016994
0.3268526932079997
0.32685331551016994
0.3269362085742133
0.32685331551016994
0.3268526932079997
0.7901015039645886
0.3268526932079997
0.3268526932079997
0.32685331551016994
0.32685331551016994
0.32685331551016994
0.3268526932079997
0.32685331551016994
0.3268526932079997
0.3268533902680544
0.3268526932079997
0.326935586272043
0.3268526932079997
0.3268526932079997
0.3268526932079997
0.3268526932079997
0.3268526932079997
0.3268526932079997
0.3268526932079997
0.3268526932079997
0.3268526932079997
0.32685331551016994
0.32741374717266536
0.3268526932079997
0.3268526932079997
0.32685331551016994
0.32685331551016994
0.5668296562675345
0.32685331551016994
0.3268526932079997
0.3268526932079997
0.32685331551016994
1.4414395809566978
0.5668283563853936
0.3268526932079997
0.3268526932079997
0.3268773888075124
0.3268526932079997
0.32895679859648314
0.3268526932079997
0.3268526932079997
0.32685331551016994
0.553492285786112
0.3268526932079997
0.3268526932079997
0.3268526932079997
0.3268526932079997
0.32685331551016994
0.5556919793616371
0.32685276796588414
0.3268526932079997
0.3268526932079997
0.32685331551016994
0.32685331551016994
0.3268526932079997
0.3268526932079997
0.32685276796588414
0.3268526932079997
0.32685331551016994
0.3268526932079997
0.3268526932079997
0.32685331551016994
0.3268526932079997
0.3268526932079997
0.3268526932079997
0.3268526932079997
0.32685331551016994
0.32685331551016994
0.3268526932079997
0.3268526932079997
0.32857866224046145
0.3268526932079997
0.32685331551016994
0.32685331551016994
0.3471101149403282
0.3268526932079997
0.3268526932079997
0.3268526932079997
0.32895679859648314
0.3268526932079997
0.5668296562675345
0.32685331551016994
0.3268533902680544
0.3268526932079997
0.32685331551016994
0.3268526932079997
0.3268526932079997
0.32857866224046145
0.3268773888075124
0.3268526932079997
0.32685331551016994
0.32685331551016994
0.3268526932079997
0.3268780111096826
0.3268526932079997
0.3268526932079997
0.32685331551016994
0.3465490609756625
0.32685331551016994
1.4414505322587012
0.566879165014764
0.32685331551016994
0.3268526932079997
0.32784080261865445
0.3268526932079997
0.3268526932079997
0.3268526932079997
0.32685331551016994
0.3268526932079997
0.32685331551016994
0.3268526932079997
0.3268526932079997
0.3268526932079997
0.3547228764416944
0.32685331551016994
0.3268526932079997
1.4413159192671101
0.3283978191948042
0.32685331551016994
0.32685331551016994
0.32685331551016994
0.3547228764416944
0.32685331551016994
0.3268526932079997
0.3268526932079997
0.3268526932079997
0.32685331551016994
0.32685331551016994
0.3268526932079997
0.3268526932079997
0.3268526932079997
0.3268526932079997
0.33813127018454825
0.32685276796588414
0.3268526932079997
0.32685331551016994
0.32685331551016994
0.3268526932079997
0.7958599014031973
0.326935586272043
0.5821821923547906
0.3268703252912324
0.3268526932079997
0.3268526932079997
0.32685331551016994
