0.32715861917120104
0.3271593300548329
0.32715861917120104
0.32716074672727874
0.32715861917120104
0.32715861917120104
0.3309753898149998
0.32760451351464015
0.32717618300092105
0.327161369029449
0.32715861917120104
0.32715861917120104
0.4252982868439156
0.3271593300548329
0.3596387103205468
0.3271840256543456
0.32715861917120104
0.3271593300548329
0.32715861917120104
0.7278997937962769
0.32716003584364683
0.32715861917120104
0.32715861917120104
0.32715861917120104
1.6422376206750424
0.32718606462896166
0.3271593300548329
1.620181145607362
0.7419539244997491
0.3271592414733713
0.3271833147707137
0.32716003584364683
0.3638161912663855
0.3271593300548329
0.5297647437645858
0.32716003584364683
0.32760380263100825
0.32716074672727874
0.32715861917120104
0.32716003584364683
0.32715861917120104
0.32716074672727874
0.32716003584364683
0.3271593300548329
0.34506560912716316
0.32716003584364683
0.3283978191948042
1.6201714162358731
0.32716074672727874
0.32716074672727874
1.6201819855371187
0.3271593300548329
0.32715861917120104
0.32715861917120104
0.32716003584364683
0.32715861917120104
0.351574290527128
0.32716003584364683
0.32715861917120104
0.32715861917120104
0.3271592414733713
0.3271599523570031
0.32715861917120104
0.32716003584364683
0.3271593300548329
0.5297646690067014
0.7278997937962769
0.3271593300548329
0.32715861917120104
0.32715861917120104
0.3271599523570031
0.3271599523570031
0.32716003584364683
0.3638161912663855
0.32716003584364683
0.4252950663836644
0.3515735796434961
0.32715861917120104
0.36073424375183627
0.32716003584364683
0.32715861917120104
0.3271593300548329
0.32715861917120104
0.32716003584364683
0.3271593300548329
0.3271593300548329
0.32715861917120104
0.32715861917120104
0.35011435405129143
0.32715861917120104
0.32715861917120104
0.3271593300548329
0.3271593300548329
0.3271593300548329
0.3271854423267914
0.3271593300548329
0.32716003584364683
0.32715861917120104
0.3271593300548329
0.603394616761116
0.3271593300548329
0.32716003584364683
0.33096466792756996
0.32716003584364683
0.32715861917120104
0.3271593300548329
0.32716074672727874
0.32715861917120104
0.38391004078043045
0.4252989977275474
0.32715861917120104
0.7278997937962769
0.32715861917120104
0.32715861917120104
0.32715861917120104
0.3271592414733713
0.3271593300548329
0.32715861917120104
0.32760584160562434
0.32715861917120104
0.32715861917120104
0.32716003584364683
0.32715861917120104
0.32716074672727874
0.3271593300548329
0.34504091352765043
0.32715861917120104
0.32716003584364683
0.3309653788112018
0.3276065524892562
0.32716003584364683
0.32716003584364683
0.32715861917120104
0.32716003584364683
0.32717547211728915
0.3271593300548329
0.32716074672727874
0.32715861917120104
0.32716074672727874
0.5297647437645858
0.3271593300548329
0.32716003584364683
0.32716003584364683
0.3271593300548329
0.32716074672727874
0.32716074672727874
0.3271593300548329
0.3271599523570031
0.32716074672727874
0.3311886599054731
0.32715861917120104
0.9880720511250425
0.3311886599054731
0.32716074672727874
0.3271593300548329
0.33176696678716083
0.3271592414733713
0.3271606581458171
0.3271593300548329
0.32716003584364683
0.4252943555000325
0.32715861917120104
0.5298714881116121
0.4252943555000325
0.32715861917120104
0.3638169021500174
0.32715861917120104
0.32716074672727874
0.32715861917120104
0.3271593300548329
0.3271592414733713
0.32716003584364683
0.32715861917120104
0.45058982831978306
0.32716003584364683
0.32715861917120104
0.4252943555000325
0.32716003584364683
0.3271593300548329
0.32715861917120104
0.32716074672727874
0.3271593300548329
0.32983144375944545
0.32715861917120104
0.32715861917120104
0.32716074672727874
0.3271592414733713
0.32716074672727874
0.32716074672727874
0.9880547593249444
0.32715861917120104
0.32716074672727874
0.32715861917120104
0.3271593300548329
0.3284153830245242
0.3638169021500174
0.3271593300548329
0.32716074672727874
0.32716003584364683
0.3271593300548329
0.32760380263100825
0.32716003584364683
0.32716003584364683
0.32760451351464015
0.32716074672727874
0.3276051358168104
0.32715861917120104
0.32841467214089237
0.32716074672727874
0.32716003584364683
0.3271593300548329
0.3271593300548329
0.32716074672727874
1.6201698123046004
0.3271606581458171
0.3271593300548329
0.32716003584364683
0.32716074672727874
0.3271593300548329
0.32715861917120104
0.3515721629710503
0.9880547593249444
0.7419520166049205
0.32715861917120104
0.32716003584364683
0.32715861917120104
0.32716074672727874
0.3271592414733713
0.32716003584364683
0.32715861917120104
0.3271593300548329
0.3271593300548329
0.7419527033598842
0.3596394161093607
0.32715861917120104
0.32715861917120104
0.32715861917120104
0.3271593300548329
0.3271593300548329
0.32716003584364683
0.32715861917120104
0.3283985300784361
0.3271833147707137
0.3271592414733713
0.32716003584364683
0.3271593300548329
0.32716003584364683
0.3271847314431595
0.32715861917120104
0.3271593300548329
0.32715861917120104
0.32715861917120104
0.3271840256543456
1.6422363726455071
0.3271593300548329
0.32715861917120104
0.3271854423267914
0.32715861917120104
0.32715861917120104
0.3271593300548329
0.32715861917120104
0.32760380263100825
0.32716074672727874
0.3515721629710503
0.32716074672727874
0.32715861917120104
0.3839086241079846
0.9880799718928676
0.32716003584364683
0.4252950663836644
0.32715861917120104
0.3271593300548329
0.3271599523570031
0.6891621218045748
0.744939539759271
0.3271593300548329
0.32716074672727874
0.32716074672727874
0.32715861917120104
0.3271593300548329
0.32716003584364683
0.6891304158173708
0.3271593300548329
0.988079454924457
0.3276299149029668
0.32715861917120104
0.3271593300548329
0.32715861917120104
0.32715861917120104
0.32716074672727874
0.32715861917120104
0.3450416244112824
0.32715861917120104
0.9880547593249444
0.3271593300548329
0.4505858969759
0.3271593300548329
0.3271593300548329
0.32716074672727874
0.5304677100155386
0.32716003584364683
0.3271593300548329
0.32716003584364683
0.3271593300548329
0.3271593300548329
0.3515735796434961
0.3276051358168104
0.3271593300548329
0.33121406638861767
0.32897436242620315
0.32716003584364683
0.32716003584364683
0.3271847314431595
0.3596394161093607
0.3311986709092711
0.3271593300548329
0.3283985300784361
0.3271593300548329
0.3271847314431595
0.32716003584364683
0.3271593300548329
0.32716074672727874
0.3271593300548329
0.32715861917120104
0.32715861917120104
0.3638147745939397
0.35157287385468217
0.3271593300548329
0.32716003584364683
0.32715861917120104
0.3596379994369149
0.3271592414733713
0.3607343185097207
0.3271592414733713
0.32715861917120104
0.32715861917120104
0.3271593300548329
0.32715861917120104
0.32718393707288396
0.32717618300092105
0.32715861917120104
0.32716074672727874
0.7546727985940599
0.7279251025229666
0.32715861917120104
0.32715861917120104
0.32716003584364683
0.32771759857287996
0.3271593300548329
0.3450436633858984
0.9880799718928676
0.32715861917120104
0.32715861917120104
0.32716074672727874
0.32771759857287996
0.32715861917120104
0.32716074672727874
0.3271593300548329
0.32716074672727874
0.32715861917120104
0.3271593300548329
0.3450416244112824
0.32716003584364683
0.32760380263100825
0.3271593300548329
1.6422376206750424
0.6891889896047564
0.32716003584364683
0.4252950663836644
0.3271592414733713
0.3271593300548329
0.32715861917120104
0.32715861917120104
0.32716074672727874
0.3297733210527992
0.32715861917120104
0.3271593300548329
0.3596387103205468
0.32717547211728915
0.32715861917120104
0.3271593300548329
0.3312147721774316
0.32715861917120104
0.3271593300548329
0.3271593300548329
0.32715861917120104
0.3271593300548329
0.32716003584364683
0.3271593300548329
0.32715861917120104
0.36384088686589816
0.327161369029449
0.3271593300548329
0.32983144375944545
0.3450430410837282
0.3297733210527992
0.3271593300548329
0.5304982420403777
0.34506560912716316
0.32715861917120104
0.32716074672727874
0.32716003584364683
0.32715861917120104
0.3515749128292982
0.3309768064874456
0.3271593300548329
0.32715861917120104
0.3271592414733713
0.6891297049337389
0.3271599523570031
1.6422376206750424
0.32715861917120104
0.3271593300548329
0.3638147745939397
0.32716003584364683
0.32715861917120104
0.3271599523570031
0.3515982752430088
0.33099078019952843
0.32715861917120104
0.32716003584364683
0.32715861917120104
0.32715861917120104
0.32716074672727874
0.351574290527128
0.32716074672727874
0.32716074672727874
0.36073424375183627
0.3522890889364786
0.32716003584364683
0.32715861917120104
0.3271592414733713
0.32716003584364683
0.32716003584364683
0.33119007657791893
0.32715861917120104
0.3309653788112018
0.3271593300548329
0.3271606581458171
0.32715861917120104
0.3271599523570031
0.32716003584364683
0.32716074672727874
0.32715861917120104
0.3271593300548329
0.4252950663836644
0.35964063817614067
0.32715861917120104
0.32715861917120104
0.3271593300548329
0.32715861917120104
0.9880811930327325
0.7279017068055947
0.32715861917120104
0.32715861917120104
0.3271593300548329
0.33096466792756996
0.3271599523570031
0.3271593300548329
0.32715861917120104
0.351574290527128
0.3283985300784361
0.3271593300548329
0.32715861917120104
0.3271593300548329
0.32715861917120104
0.3271593300548329
0.5298714881116121
0.3271593300548329
0.32715861917120104
0.32716003584364683
0.32716003584364683
0.32716074672727874
1.6201697862055797
0.32715861917120104
0.6891304158173708
0.32715861917120104
0.6891297049337389
0.32715861917120104
0.3283978191948042
0.32716003584364683
0.3271593300548329
0.32716074672727874
0.3276306257865987
0.32715861917120104
0.32839844149697445
0.5297647437645858
0.32716074672727874
0.32715861917120104
0.3271592414733713
0.3271592414733713
0.32715861917120104
0.3271592414733713
0.32715861917120104
0.32715861917120104
0.32715861917120104
0.3638147745939397
0.32716074672727874
0.3271593300548329
0.32715861917120104
0.32716003584364683
0.32715861917120104
0.33119007657791893
0.32716003584364683
0.3271593300548329
0.32716003584364683
0.3271593300548329
0.32716074672727874
0.32715861917120104
0.7279004069234539
0.3271593300548329
0.3271593300548329
0.32716074672727874
0.36348088235267223
0.6891882787211245
0.32716003584364683
0.32716074672727874
0.32715861917120104
0.32715861917120104
0.3283978191948042
0.32716074672727874
0.32716074672727874
0.32715861917120104
0.5297647437645858
0.32716003584364683
0.32716003584364683
0.32716003584364683
0.3638154854775716
0.33119007657791893
0.32771759857287996
0.32716003584364683
0.327161369029449
0.32715861917120104
0.6891889896047564
0.3271592414733713
0.32715861917120104
0.9880720511250425
0.3271593300548329
0.32716003584364683
0.34504091352765043
0.3271593300548329
0.32715861917120104
0.3271593300548329
0.3271593300548329
0.3450436633858984
0.32771759857287996
0.32716074672727874
0.3271593300548329
0.3271592414733713
0.5297646690067014
0.32715861917120104
0.32715861917120104
0.32715861917120104
0.7419520166049205
0.3271833147707137
0.32716074672727874
0.327161369029449
0.32715861917120104
0.3271593300548329
0.32716003584364683
0.3271593300548329
0.3271593300548329
0.3271593300548329
0.5297342117397468
0.35964012699299264
0.32716003584364683
0.3271592414733713
0.32716074672727874
1.6201714162358731
0.32715861917120104
0.3271854423267914
0.3271833147707137
0.32716074672727874
0.6891297049337389
0.32715861917120104
1.6201811717063825
0.35157287385468217
0.32715861917120104
0.3271606581458171
0.32716074672727874
0.32715861917120104
0.32716003584364683
0.3271592414733713
0.327161369029449
0.32716074672727874
0.32715861917120104
0.32716074672727874
0.32716003584364683
0.32716074672727874
0.32715861917120104
0.32715861917120104
0.3271593300548329
0.4252646091167098
0.32716074672727874
0.32716003584364683
0.32715861917120104
0.32715861917120104
0.3271854423267914
0.32841467214089237
0.3271593300548329
0.3309667954836476
0.3276052193034541
0.3271593300548329
0.3271593300548329
0.32716074672727874
0.35964012699299264
0.32715861917120104
0.3515721629710503
0.32716003584364683
0.32715861917120104
0.32716074672727874
0.32715861917120104
0.32715861917120104
0.32715861917120104
0.4252943555000325
0.32715861917120104
0.327161369029449
0.329773868597085
0.9218456327561855
0.3271593300548329
0.3271592414733713
0.3271833147707137
0.32716074672727874
0.3271854423267914
0.32716074672727874
0.3271592414733713
0.32716074672727874
0.3271593300548329
0.32715861917120104
0.32715861917120104
0.327161369029449
0.35157278527322056
0.5298714133537277
0.3450423302000963
0.3271593300548329
0.3271606581458171
0.32715861917120104
0.32715861917120104
0.32715861917120104
0.6891297049337389
0.3271593300548329
0.3271593300548329
0.3271833147707137
0.32715861917120104
0.32771972612895767
0.3271593300548329
0.3271593300548329
0.32716003584364683
0.32716003584364683
0.3271593300548329
0.5407994835160106
0.32715861917120104
0.32715861917120104
0.32715861917120104
0.5297647437645858
0.32716003584364683
0.32715861917120104
0.34504091352765043
0.3271593300548329
0.3271593300548329
0.32715861917120104
0.32715861917120104
0.3271606581458171
0.32715861917120104
0.35157287385468217
0.32716003584364683
0.3271593300548329
0.3271593300548329
1.6201807375075834
0.32715861917120104
0.32716074672727874
0.3450422467134526
0.3271593300548329
0.32715861917120104
0.35964012699299264
0.3450416244112824
0.32715861917120104
0.32716074672727874
0.32715861917120104
0.32716074672727874
0.32716003584364683
0.32715861917120104
0.32716003584364683
0.35157287385468217
0.32715861917120104
0.32715861917120104
0.3501391331374478
1.620170220404379
0.32716003584364683
0.32716074672727874
0.32715861917120104
0.32715861917120104
0.3271593300548329
0.3271593300548329
0.32715861917120104
0.32716074672727874
0.3271593300548329
0.32715861917120104
0.3596379994369149
0.3271854423267914
0.3271593300548329
0.32716074672727874
0.32715861917120104
0.32716003584364683
0.32715861917120104
0.3271593300548329
0.3271847314431595
0.4252943555000325
0.32715861917120104
0.32715861917120104
0.3271599523570031
0.7419520166049205
0.3271593300548329
0.32715861917120104
0.32715861917120104
0.3271593300548329
0.3271599523570031
0.9881046674923802
0.32715861917120104
0.32716074672727874
0.32715861917120104
0.3311886599054731
0.3271593300548329
0.32715861917120104
0.32715861917120104
0.3271593300548329
0.32716074672727874
0.32716003584364683
0.3271593300548329
0.32716003584364683
0.32716003584364683
0.32716074672727874
0.32716003584364683
0.32716003584364683
0.32716003584364683
0.3515721629710503
0.3271593300548329
0.32715861917120104
0.32716074672727874
0.3271593300548329
0.3271593300548329
0.331199381792903
0.3271593300548329
0.34504091352765043
0.32715861917120104
0.32715861917120104
0.32715861917120104
0.32715861917120104
0.6891889896047564
0.3271593300548329
0.32715861917120104
0.3271847314431595
0.32715861917120104
0.3271593300548329
0.32716003584364683
1.6201807375075834
0.3596394161093607
0.32715861917120104
0.7279010149361418
0.3271593300548329
0.32716003584364683
0.32715861917120104
0.32716003584364683
0.32716074672727874
0.32841467214089237
0.32715861917120104
0.3271593300548329
0.3271593300548329
0.327161369029449
0.32716074672727874
0.3271599523570031
0.3271593300548329
0.32716074672727874
0.4252943555000325
0.32715861917120104
0.32715861917120104
0.32715861917120104
0.3271592414733713
0.3596379994369149
0.32716074672727874
0.32760584160562434
0.32715861917120104
0.7279004069234539
0.3271593300548329
0.32716003584364683
0.744940760899136
0.3271593300548329
0.3450423302000963
0.32716003584364683
0.3271593300548329
0.32715861917120104
0.35157287385468217
0.32716003584364683
0.3271593300548329
0.3271593300548329
0.3271606581458171
0.32716003584364683
0.32715861917120104
0.9880967467245552
0.6891297049337389
0.3271593300548329
0.32715861917120104
0.3271593300548329
0.32715861917120104
0.32841608881333817
0.3277183094565118
0.32716074672727874
0.3271593300548329
0.3309993745308806
0.32715861917120104
0.32715861917120104
0.32715861917120104
0.32716003584364683
0.3271593300548329
0.32715861917120104
0.3271593300548329
0.3271599523570031
1.6422367807452858
0.6891882787211245
0.3271593300548329
0.3271593300548329
0.3271847314431595
0.32716003584364683
0.32716003584364683
0.3271606581458171
0.3271593300548329
0.32716074672727874
0.32715861917120104
0.3596379994369149
0.32716074672727874
0.32716074672727874
0.32715861917120104
1.6201819594380982
0.32716074672727874
0.32715861917120104
0.32983144375944545
1.620170220404379
0.32716003584364683
0.3271606581458171
0.32771759857287996
0.32715861917120104
0.8439896193142119
0.3271847314431595
0.32716003584364683
0.32716003584364683
0.3271593300548329
0.32716003584364683
0.32715861917120104
0.32716074672727874
0.3271593300548329
0.32716003584364683
0.32715861917120104
0.3271593300548329
0.32716003584364683
0.32715861917120104
0.3271593300548329
0.4505561505925773
0.3271593300548329
0.32715861917120104
0.359640038411531
0.3271593300548329
0.3271593300548329
0.32715861917120104
0.32715861917120104
0.32716003584364683
0.331189370789105
0.327161369029449
0.6891028371335574
0.32715861917120104
0.3271592414733713
0.32715861917120104
0.32715861917120104
0.9880535381850795
0.327161369029449
0.3271593300548329
0.4252943555000325
0.3271847314431595
0.3271606581458171
0.32715861917120104
0.32716074672727874
0.32715861917120104
0.32715861917120104
0.32717688878973494
0.32760380263100825
0.32716074672727874
0.3271593300548329
0.331189370789105
0.32715861917120104
0.32715861917120104
0.327161369029449
0.3271593300548329
0.32715861917120104
0.32716074672727874
1.6201714423348939
0.727899185783589
0.9880811930327325
0.3271593300548329
0.327161369029449
0.5632556776647768
0.3460249676002589
0.5297646690067014
0.32715861917120104
0.32716074672727874
0.32715861917120104
0.34504091352765043
0.32715861917120104
0.32760451351464015
0.9880535381850795
0.32715861917120104
0.3596387103205468
0.32715861917120104
0.32715861917120104
0.32715861917120104
0.32716074672727874
0.3271593300548329
0.3271592414733713
0.32715861917120104
0.32715861917120104
0.32715861917120104
0.32716074672727874
0.32715861917120104
0.7419507954650556
0.32771972612895767
0.32715861917120104
0.32716074672727874
0.4252989977275474
0.32715861917120104
0.32716003584364683
0.3271593300548329
0.3297733210527992
0.32715861917120104
0.3271593300548329
0.3638174133331655
0.32715861917120104
0.33096466792756996
0.3271592414733713
0.3271593300548329
0.32841467214089237
0.3271593300548329
0.32715861917120104
0.32715861917120104
0.6891304158173708
0.32716074672727874
0.3271593300548329
0.3450416244112824
0.5297647437645858
0.9880799718928676
0.32715861917120104
0.3271593300548329
0.32716003584364683
0.32716074672727874
1.6201697862055797
0.32715861917120104
0.32715861917120104
0.34504091352765043
0.32715861917120104
0.32715861917120104
0.3271593300548329
0.8439909191963526
0.32716074672727874
0.32715861917120104
0.32715861917120104
0.32716074672727874
0.32715861917120104
0.3271593300548329
0.3276052193034541
0.3271593300548329
0.32716074672727874
0.36381539689610987
0.32715861917120104
0.32716074672727874
0.32717759967336685
0.32716074672727874
0.32715861917120104
1.6201701943053584
0.32716003584364683
0.3271592414733713
0.3271782219755371
0.3271593300548329
0.32716074672727874
0.32716074672727874
0.3277183094565118
0.32715861917120104
0.3271593300548329
0.3276052193034541
0.3271593300548329
0.3515721629710503
0.32715861917120104
0.34504091352765043
0.3271593300548329
0.3271593300548329
0.32715861917120104
0.3271593300548329
0.34504091352765043
0.32716074672727874
0.727899185783589
0.3271593300548329
0.3271593300548329
0.32716074672727874
0.32715861917120104
