0.3839086241079846
0.3271593300548329
0.3271593300548329
0.32716003584364683
0.3271592414733713
0.32716074672727874
0.32715861917120104
0.32715861917120104
0.3271593300548329
0.3271593300548329
0.32716003584364683
0.32839915238060635
0.32715861917120104
0.3283985300784361
0.3271599523570031
0.32716003584364683
0.3450416244112824
0.3271593300548329
0.32715861917120104
0.3271593300548329
0.32715861917120104
1.6201714162358731
0.32715861917120104
0.32715861917120104
0.32716003584364683
0.32716003584364683
0.32716074672727874
0.3271593300548329
0.3271606581458171
0.3271593300548329
0.3271593300548329
0.3271593300548329
0.3271599523570031
0.32716003584364683
0.32771901524532576
0.32716003584364683
0.32715861917120104
0.32716074672727874
0.32715861917120104
0.3271593300548329
0.3271593300548329
0.32716003584364683
0.3271592414733713
0.3271593300548329
0.32716003584364683
0.3271593300548329
0.32716074672727874
0.3271593300548329
0.32716074672727874
0.32716074672727874
0.32716003584364683
0.3271593300548329
0.32715861917120104
0.32716003584364683
0.32716074672727874
0.32715861917120104
0.3271593300548329
0.3271593300548329
0.32715861917120104
0.3271593300548329
0.3271593300548329
0.3271592414733713
0.32716003584364683
0.3271599523570031
0.32715861917120104
0.32715861917120104
0.3271593300548329
0.32716003584364683
0.32840056905305215
0.3271593300548329
0.3271593300548329
0.3271833147707137
0.32715861917120104
0.32716074672727874
0.32716003584364683
0.4252950663836644
0.32715861917120104
0.32771759857287996
0.3271593300548329
0.32715861917120104
0.32715861917120104
0.3309653788112018
0.32715861917120104
0.3271593300548329
0.32715861917120104
0.32715861917120104
0.3271593300548329
0.32716003584364683
0.3271847314431595
0.32716003584364683
0.32716003584364683
0.32716074672727874
0.3271592414733713
0.32715861917120104
0.3271593300548329
0.3271599523570031
0.3271593300548329
0.32716074672727874
0.32715861917120104
0.3271593300548329
0.32715861917120104
0.32716074672727874
0.3271593300548329
0.3271593300548329
0.45056008193646035
0.3271593300548329
0.32716074672727874
0.32716003584364683
0.32715861917120104
0.3271593300548329
0.32715861917120104
0.32716074672727874
0.3271592414733713
0.32716074672727874
0.6891304158173708
0.3271593300548329
0.32716074672727874
0.32716003584364683
0.32716074672727874
0.3271593300548329
0.32716003584364683
0.32715861917120104
0.3271593300548329
0.3271593300548329
0.32716074672727874
0.3271593300548329
0.32716074672727874
0.3271593300548329
0.3271593300548329
0.3456006038129613
0.32716074672727874
0.3271593300548329
0.3271593300548329
0.32716003584364683
0.3271593300548329
0.32716003584364683
0.32715861917120104
0.32771901524532576
0.3271606581458171
0.32715861917120104
0.3271593300548329
0.32715861917120104
0.32716003584364683
0.3271593300548329
0.32716074672727874
1.6422380026758006
0.3271593300548329
0.32715861917120104
0.7279004069234539
0.32715861917120104
0.32716074672727874
0.32715861917120104
0.3271599523570031
0.3271593300548329
0.32715861917120104
0.32715861917120104
0.32715861917120104
0.32716003584364683
0.32717618300092105
0.3271592414733713
0.32715861917120104
0.32715861917120104
0.32715861917120104
0.32715861917120104
0.3271606581458171
0.37719975540728873
0.32716003584364683
0.32715861917120104
0.32716074672727874
0.32715861917120104
0.3271593300548329
0.3271592414733713
0.3271593300548329
0.3271593300548329
1.6422368068443063
0.3271593300548329
0.32715861917120104
0.32715861917120104
0.3271593300548329
0.32715861917120104
0.32716003584364683
0.32715861917120104
0.3271593300548329
0.327161369029449
0.32715861917120104
0.32716003584364683
0.32716074672727874
0.32715861917120104
0.3271593300548329
0.32715861917120104
0.3271593300548329
0.32841600532669446
0.32715861917120104
0.3271592414733713
0.32715861917120104
0.32716003584364683
0.3271593300548329
0.32716074672727874
0.3271593300548329
0.3276052193034541
0.32716074672727874
0.32716003584364683
0.7278997937962769
0.32716074672727874
0.3271593300548329
0.3271592414733713
0.32715861917120104
0.3276051358168104
0.32715861917120104
0.32715861917120104
0.3271593300548329
0.32715861917120104
0.32715861917120104
0.32716074672727874
0.3271593300548329
0.32716003584364683
0.32715861917120104
0.32716074672727874
0.32716003584364683
0.3271599523570031
0.32716074672727874
0.3271593300548329
0.3271592414733713
0.32716003584364683
0.3271593300548329
0.32716074672727874
0.32715861917120104
0.3271592414733713
0.3271592414733713
0.32715861917120104
0.32716074672727874
0.3271593300548329
0.4252943555000325
0.3271592414733713
0.3819749131310204
0.3271833147707137
0.327161369029449
0.32715861917120104
0.3271593300548329
0.3271593300548329
0.32716074672727874
0.32716003584364683
0.32716074672727874
0.32716003584364683
0.32715861917120104
0.32715861917120104
0.3271593300548329
0.3271599523570031
0.3271593300548329
0.3271599523570031
0.32715861917120104
0.3271599523570031
0.32715861917120104
0.32716003584364683
0.32715861917120104
0.3271592414733713
0.32715861917120104
0.3271593300548329
0.32715861917120104
0.32716003584364683
0.3271593300548329
0.32715861917120104
0.327161369029449
0.32715861917120104
0.32716003584364683
0.3271593300548329
0.32715861917120104
0.3271593300548329
0.32715861917120104
0.3271593300548329
0.32716074672727874
0.32715861917120104
0.32715861917120104
0.3271593300548329
0.32716003584364683
0.32715861917120104
0.32841467214089237
0.7278997937962769
0.3271593300548329
0.32716003584364683
0.32715861917120104
0.32716074672727874
0.32715861917120104
0.32716074672727874
0.32715861917120104
0.32715861917120104
0.32716003584364683
0.32715861917120104
0.32715861917120104
0.32715861917120104
0.3271592414733713
0.3271593300548329
0.35157287385468217
0.3271599523570031
0.32715861917120104
0.32715861917120104
0.32718393707288396
0.32716003584364683
0.3271599523570031
0.32715861917120104
0.3271593300548329
0.32716003584364683
0.32715861917120104
0.32715861917120104
0.32715861917120104
0.32716074672727874
0.3271593300548329
0.32715861917120104
0.32716003584364683
0.32715861917120104
0.32716003584364683
0.32715861917120104
0.3271599523570031
0.32716003584364683
0.32715861917120104
0.32716074672727874
0.32716074672727874
0.3271606581458171
0.3271599523570031
0.3271593300548329
0.32716003584364683
0.32716074672727874
0.32716003584364683
0.32715861917120104
0.3271593300548329
0.32716003584364683
0.3283978191948042
0.32715861917120104
0.32715861917120104
0.32715861917120104
0.32715861917120104
0.32715861917120104
0.32716003584364683
0.32715861917120104
0.32716003584364683
0.32716003584364683
0.3271593300548329
0.32716074672727874
0.32715861917120104
0.32716074672727874
0.3271593300548329
0.32715861917120104
0.3271593300548329
0.32716003584364683
0.32716074672727874
0.3271593300548329
0.3271593300548329
0.32715861917120104
0.32715861917120104
0.32715861917120104
0.32716003584364683
0.3271599523570031
0.3271593300548329
0.32715861917120104
0.3271592414733713
0.3271854423267914
0.32715861917120104
0.32715861917120104
0.32715861917120104
0.32715861917120104
0.32715861917120104
0.327161369029449
0.32716003584364683
0.3271593300548329
0.3271593300548329
0.3271593300548329
0.32716074672727874
0.3271593300548329
0.32715861917120104
0.32716003584364683
0.32716003584364683
0.327161369029449
0.3271592414733713
0.32716003584364683
0.3298315185173299
0.3271592414733713
0.3271593300548329
0.32715861917120104
0.3271592414733713
0.3515721629710503
0.32716003584364683
0.3271593300548329
0.3271593300548329
0.3271599523570031
0.3271599523570031
0.3271593300548329
0.32716003584364683
0.5299802204509083
0.32716003584364683
0.3271593300548329
0.32715861917120104
0.3271593300548329
0.32716003584364683
0.32716003584364683
0.3271840256543456
0.32715861917120104
0.3271592414733713
0.3271593300548329
0.32715861917120104
0.32715861917120104
0.32716003584364683
0.32715861917120104
0.32716074672727874
0.3271599523570031
0.32716074672727874
0.32715861917120104
0.32715861917120104
0.3271593300548329
0.32716003584364683
0.9880547593249444
0.3271599523570031
0.3839086241079846
0.32716003584364683
0.4252943555000325
0.3271593300548329
0.32715861917120104
0.3271593300548329
0.3271599523570031
0.32716003584364683
0.32716003584364683
0.3271599523570031
0.32716003584364683
0.3819727855749427
0.32716074672727874
0.3450416244112824
0.32716003584364683
0.32716003584364683
0.32716003584364683
0.3271593300548329
0.32716074672727874
0.3271593300548329
0.3271593300548329
0.3271593300548329
0.3271593300548329
0.32715861917120104
0.32716003584364683
0.3271593300548329
0.32715861917120104
0.32715861917120104
0.32715861917120104
0.32715861917120104
0.32715861917120104
0.32715861917120104
0.32716074672727874
0.3271593300548329
0.3271599523570031
0.3271593300548329
0.3271593300548329
0.3271593300548329
0.32715861917120104
0.3271606581458171
0.3283985300784361
0.32715861917120104
0.32716003584364683
0.32715861917120104
0.32715861917120104
0.3271592414733713
0.3271593300548329
0.32716003584364683
0.32715861917120104
0.3271593300548329
0.3283985300784361
0.3271593300548329
0.32716003584364683
0.3271593300548329
0.3271593300548329
0.3271593300548329
0.32715861917120104
0.327161369029449
0.3271593300548329
0.32715861917120104
0.3271593300548329
0.3271593300548329
0.327161369029449
0.32715861917120104
0.32716003584364683
0.32715861917120104
0.32715861917120104
0.3271592414733713
0.3271599523570031
0.3271593300548329
0.3271593300548329
0.32839923586725006
0.32716003584364683
0.3271606581458171
0.32715861917120104
0.32716003584364683
0.32715861917120104
0.32715861917120104
0.32715861917120104
0.32716003584364683
0.327161369029449
0.32715861917120104
0.3271593300548329
0.32716074672727874
0.32716003584364683
0.32716074672727874
0.32715861917120104
0.3271592414733713
0.32716074672727874
0.32715861917120104
0.3271593300548329
0.9880811930327325
0.3271599523570031
0.32715861917120104
0.32716074672727874
0.3271593300548329
0.3271593300548329
0.32715861917120104
0.32715861917120104
0.3271593300548329
0.32715861917120104
0.327161369029449
0.3271593300548329
0.3271606581458171
0.3271593300548329
0.32715861917120104
0.3283978191948042
0.32715861917120104
0.3271592414733713
0.351574290527128
0.32716074672727874
0.32715861917120104
0.32716003584364683
0.32715861917120104
0.32716074672727874
0.32716074672727874
0.3271593300548329
0.32716074672727874
0.32716003584364683
0.3271592414733713
0.32715861917120104
0.3271593300548329
0.32715861917120104
0.3271593300548329
0.3271592414733713
0.32715861917120104
0.32716074672727874
0.3271593300548329
0.32716003584364683
0.3271593300548329
0.32715861917120104
0.32715861917120104
0.3271593300548329
0.32715861917120104
0.3271593300548329
0.32716003584364683
0.32715861917120104
0.32715861917120104
0.32716003584364683
0.32716074672727874
0.32716003584364683
0.32715861917120104
0.32715861917120104
0.32715861917120104
0.32716074672727874
0.32715861917120104
0.32715861917120104
0.3271592414733713
0.3312147721774316
0.32716003584364683
0.3271592414733713
0.32716074672727874
0.32716074672727874
0.32716074672727874
0.32716003584364683
0.32716003584364683
0.3309768064874456
0.32716074672727874
0.3271593300548329
0.32715861917120104
0.3271593300548329
0.32716003584364683
0.32715861917120104
0.3271592414733713
0.3638147745939397
0.3271606581458171
0.32715861917120104
0.3271593300548329
0.32715861917120104
0.32715861917120104
0.32716003584364683
0.32716003584364683
0.32715861917120104
0.32715861917120104
0.3271593300548329
0.3456020204854071
0.3271592414733713
0.3271606581458171
0.32715861917120104
0.3271592414733713
0.32716003584364683
0.3271854423267914
0.32715861917120104
0.32716003584364683
0.32715861917120104
0.32715861917120104
0.32715861917120104
0.3271593300548329
0.32716003584364683
0.3271593300548329
0.32716003584364683
0.32716074672727874
0.3271606581458171
0.3271599523570031
0.32715861917120104
0.3271593300548329
0.3271593300548329
0.32715861917120104
0.32715861917120104
0.32715861917120104
0.32716003584364683
0.32716003584364683
0.3271593300548329
0.3271593300548329
0.32716003584364683
0.3271593300548329
0.32715861917120104
0.32716003584364683
0.32716074672727874
0.3271606581458171
0.3271593300548329
0.32715861917120104
0.327161369029449
0.32715861917120104
0.32716074672727874
0.32715861917120104
0.32716074672727874
0.3271593300548329
0.3271593300548329
0.32716003584364683
0.5298714881116121
0.3271599523570031
0.4252943555000325
0.32716074672727874
0.7419514034777435
0.3271606581458171
0.3271593300548329
0.32716003584364683
0.3271593300548329
0.32715861917120104
0.727899185783589
0.32716074672727874
0.3271833147707137
0.32715861917120104
0.32716003584364683
0.32715861917120104
0.32715861917120104
0.32715861917120104
0.32715861917120104
0.32715861917120104
0.32716003584364683
0.32716003584364683
0.32715861917120104
0.3271593300548329
0.3271593300548329
0.9880799718928676
0.32716074672727874
0.32715861917120104
0.32716003584364683
0.32716074672727874
0.3271593300548329
0.32716003584364683
0.32716074672727874
0.32715861917120104
0.3638161912663855
0.3271593300548329
0.3271592414733713
0.32716074672727874
0.32716003584364683
0.32716003584364683
0.32715861917120104
0.32715861917120104
0.3271593300548329
0.32716074672727874
0.32715861917120104
0.3271593300548329
0.3271593300548329
0.32716074672727874
0.9880547593249444
0.32715861917120104
0.3638154854775716
0.3271593300548329
0.4252950663836644
0.32716074672727874
0.3271593300548329
0.32715861917120104
0.32715861917120104
0.32715861917120104
0.32715861917120104
0.32716003584364683
0.32715861917120104
0.32716074672727874
0.32715861917120104
0.32716003584364683
0.32717618300092105
0.32715861917120104
0.3271593300548329
0.32716074672727874
0.32715861917120104
0.3271593300548329
0.3271599523570031
0.32716003584364683
0.3638147745939397
0.32715861917120104
0.32715861917120104
0.3271593300548329
0.3271593300548329
0.32716074672727874
0.3271593300548329
0.32716003584364683
0.32715861917120104
0.3271593300548329
0.3271593300548329
0.32715861917120104
0.3271593300548329
0.32716074672727874
0.32715861917120104
0.32716003584364683
0.32716003584364683
0.32715861917120104
0.32716003584364683
0.32716003584364683
0.32715861917120104
0.3271593300548329
0.6891028371335574
0.3271599523570031
0.32716003584364683
0.3271606581458171
0.3271593300548329
0.3271593300548329
0.32716003584364683
0.32771972612895767
0.3271593300548329
0.32716003584364683
0.3271593300548329
0.32716074672727874
0.32716074672727874
0.32716003584364683
0.3271593300548329
0.3271599523570031
0.32715861917120104
0.32716074672727874
0.32716003584364683
0.3271592414733713
0.32716003584364683
0.32715861917120104
0.3271593300548329
0.32715861917120104
0.32715861917120104
0.3271606581458171
0.32716003584364683
0.32716003584364683
0.3271599523570031
0.3271599523570031
0.32716074672727874
0.32715861917120104
0.3271592414733713
0.3271593300548329
0.3271593300548329
0.3284153830245242
0.3271592414733713
0.3271593300548329
0.32716074672727874
0.32715861917120104
0.3271593300548329
0.3271593300548329
0.32716003584364683
0.32716003584364683
0.3271847314431595
0.32716074672727874
0.3271592414733713
0.32715861917120104
0.32715861917120104
0.32716003584364683
0.35157287385468217
0.32716074672727874
0.32716074672727874
0.3271593300548329
0.3638169021500174
0.9880535381850795
0.32716074672727874
0.32716074672727874
0.32715861917120104
0.32715861917120104
0.3271599523570031
0.32716074672727874
0.32716003584364683
0.32715861917120104
0.3271593300548329
0.32716003584364683
0.9880811930327325
0.3271593300548329
0.32715861917120104
0.3271593300548329
0.32771759857287996
0.3271593300548329
0.32716074672727874
0.32715861917120104
0.32716003584364683
0.3271593300548329
0.32716074672727874
0.32716003584364683
0.3271592414733713
0.32715861917120104
0.32716003584364683
0.3271593300548329
0.3271592414733713
0.3271593300548329
0.3271593300548329
0.32716074672727874
0.32715861917120104
0.3271593300548329
0.32716074672727874
0.32715861917120104
0.32716003584364683
0.32716074672727874
0.3271593300548329
0.32716074672727874
0.7279023148182826
0.32715861917120104
0.32716003584364683
0.3271593300548329
0.32716074672727874
0.3271593300548329
0.32716074672727874
0.32715861917120104
0.3271592414733713
0.32715861917120104
0.3271593300548329
0.3283978191948042
0.32715861917120104
0.3271593300548329
0.3271593300548329
0.32716074672727874
0.32716074672727874
0.32715861917120104
0.33099149108316034
0.3271593300548329
0.32715861917120104
0.32715861917120104
0.7419507954650556
0.3271593300548329
0.3271592414733713
0.3606760462873056
0.32715861917120104
0.32716003584364683
0.3271593300548329
0.32716003584364683
0.32716074672727874
0.32715861917120104
0.32715861917120104
0.32715861917120104
0.32715861917120104
0.32716074672727874
0.3271592414733713
0.3271593300548329
0.3271606581458171
0.3515721629710503
0.32716003584364683
0.3271593300548329
0.32715861917120104
0.32716074672727874
0.3271593300548329
0.3596387103205468
0.32716074672727874
0.32716074672727874
0.32716074672727874
0.32716003584364683
0.3271592414733713
0.32715861917120104
0.3271593300548329
0.32716074672727874
0.32716074672727874
0.32716074672727874
0.3271593300548329
0.32716003584364683
0.3271592414733713
0.32715861917120104
0.32716074672727874
0.32716074672727874
0.32715861917120104
0.32716003584364683
0.32716074672727874
0.3271599523570031
0.32716003584364683
0.3271593300548329
0.3284167111155084
0.32715861917120104
0.32715861917120104
0.3638147745939397
0.32983144375944545
0.3271599523570031
0.32717547211728915
0.32715861917120104
0.32716003584364683
0.32715861917120104
0.3271593300548329
0.3271593300548329
0.32715861917120104
0.3277183094565118
0.32715861917120104
0.3271592414733713
0.3271606581458171
0.32715861917120104
0.3638154854775716
0.32715861917120104
0.32715861917120104
0.32715861917120104
0.3271592414733713
0.32715861917120104
0.3515735796434961
0.32716003584364683
0.32715861917120104
0.3271593300548329
0.32716003584364683
0.32716074672727874
0.32716003584364683
0.32716003584364683
0.32715861917120104
0.32716003584364683
0.3271592414733713
0.3271593300548329
0.32715861917120104
0.32716074672727874
0.3271599523570031
0.33096466792756996
0.32715861917120104
0.3271593300548329
0.9880782337845921
0.3271593300548329
0.3271606581458171
0.32715861917120104
0.3271592414733713
0.3271599523570031
0.32715861917120104
0.5298714881116121
0.32716003584364683
0.32715861917120104
0.32716074672727874
0.32716003584364683
0.3271593300548329
0.3271593300548329
0.32715861917120104
0.3271593300548329
0.32716003584364683
0.32715861917120104
0.3271593300548329
0.3638147745939397
0.32715861917120104
0.3271593300548329
0.32715861917120104
0.32716003584364683
0.32716003584364683
0.3271593300548329
0.9880535381850795
0.32716003584364683
0.32715861917120104
0.32716074672727874
0.32716074672727874
0.32716003584364683
0.32715861917120104
0.32715861917120104
0.3271593300548329
0.3271593300548329
0.32716074672727874
0.3271593300548329
0.32715861917120104
0.32716074672727874
0.32715861917120104
0.3271606581458171
0.3271593300548329
0.32716003584364683
0.3271593300548329
0.3271593300548329
0.32716003584364683
0.3271593300548329
0.32716074672727874
0.32716074672727874
0.32715861917120104
0.32715861917120104
0.3271593300548329
0.32716074672727874
0.32716074672727874
0.32716003584364683
0.32716003584364683
0.3271606581458171
0.32716003584364683
0.32716003584364683
0.3271593300548329
0.32716003584364683
0.3271599523570031
0.3271593300548329
0.3271592414733713
0.32716074672727874
0.3271593300548329
0.32716003584364683
0.32716003584364683
0.32715861917120104
0.32715861917120104
