0.7957641285179022
0.3268526932079997
0.32685276796588414
0.3269532931131602
0.7957640537600177
0.3268526932079997
0.3268526932079997
0.32685276796588414
0.32685276796588414
0.7961550759813394
0.4468801815064599
0.32685276796588414
0.3268526932079997
0.32693566102992744
0.3283978191948042
0.32685276796588414
0.3268526932079997
0.3268526932079997
0.3268526932079997
0.3268526932079997
0.32685276796588414
0.3268526932079997
0.32685276796588414
0.32685276796588414
1.4414395809566978
0.32857866224046145
0.3268526932079997
0.32685276796588414
0.32685276796588414
0.32685276796588414
0.3268704000491168
0.32685276796588414
0.32685276796588414
0.32685276796588414
0.3268526932079997
0.32685276796588414
0.3268526932079997
0.3268703252912324
0.4242862872293302
0.32685276796588414
0.3268526932079997
0.8912319881690218
0.3285787369983459
0.3268703252912324
0.3268774635653968
0.3381293575620853
0.3268526932079997
0.3268526932079997
0.3268526932079997
0.3268526932079997
0.34713481053984085
0.3268526932079997
0.3381293575620853
0.3274138219305498
0.32685276796588414
0.32685276796588414
0.3268526932079997
0.32685276796588414
0.3268526932079997
0.3547235735017491
0.32685276796588414
0.3391169194284543
0.32685276796588414
0.3268526932079997
0.32691096543041476
0.32685276796588414
0.3268526932079997
0.3268773888075124
0.32784080261865445
0.3268526932079997
0.3268526932079997
0.35474058328281155
0.3268526932079997
0.32685331551016994
0.3268526932079997
0.7957640537600177
0.3268526932079997
0.3268526932079997
0.3268526932079997
0.3268526932079997
0.3547228764416944
0.3268526932079997
0.3268526932079997
0.3268533902680544
0.3268526932079997
0.32685276796588414
0.3297909531360319
0.3268526932079997
0.32685276796588414
0.3268526932079997
0.3268526932079997
0.34656709405584973
0.3268704000491168
0.3268526932079997
0.32685276796588414
0.3268526932079997
0.3274138219305498
0.32685276796588414
0.3268704000491168
0.32685276796588414
0.32685276796588414
0.3268526932079997
0.3268526932079997
0.3268526932079997
0.3268526932079997
0.32685276796588414
0.3268526932079997
0.7957641285179022
0.32685276796588414
0.32685276796588414
0.3268526932079997
0.3460088255378027
0.3268533902680544
0.32685276796588414
0.32685276796588414
0.32841467214089237
0.3297909531360319
0.7957641285179022
0.3268526932079997
0.3268526932079997
0.32685276796588414
0.32685276796588414
0.3268526932079997
0.32685276796588414
0.32685276796588414
0.3268526932079997
0.3381294323199697
0.3268526932079997
0.3268526932079997
0.33911684467056985
0.4242869981129621
0.3268526932079997
0.32685276796588414
0.3268526932079997
0.4242862872293302
0.32784025507436865
0.5668283563853936
0.3285787369983459
0.5822683525031688
0.3268526932079997
0.3292246969869691
0.32857866224046145
0.37070082503526136
0.3268526932079997
0.32685276796588414
0.5674409552604406
0.3268704000491168
0.32685276796588414
0.3268526932079997
0.32685276796588414
0.32685276796588414
0.365965212365862
0.32685276796588414
0.338130647882378
0.32685276796588414
0.34654913573354695
0.3268526932079997
0.32685276796588414
0.3268533902680544
0.3268526932079997
0.32685276796588414
0.3268703252912324
0.32685276796588414
0.32685276796588414
0.3268703252912324
0.3268526932079997
0.3268526932079997
0.32685276796588414
0.3285886732442594
0.34093432131600643
0.32685276796588414
0.3286615553045048
0.3268526932079997
0.32685276796588414
0.32685276796588414
0.32685331551016994
0.3268526932079997
0.3268526932079997
0.3268526932079997
0.3268526932079997
0.3268526932079997
0.3268704000491168
0.3268526932079997
0.4468497242395054
0.3268526932079997
0.3268526932079997
0.3268526932079997
0.32685276796588414
0.3268526932079997
0.8912319881690218
0.3268526932079997
0.3268526932079997
0.34656709405584973
0.32685331551016994
0.32685276796588414
0.32685276796588414
0.3268526932079997
0.7957640537600177
0.4468801815064599
0.32685276796588414
0.3268526932079997
0.32685276796588414
0.3268526932079997
0.3268526932079997
0.3268526932079997
0.32685276796588414
0.3268526932079997
0.32685276796588414
0.4242869981129621
0.7957640537600177
0.3268526932079997
0.3268526932079997
0.32685276796588414
0.4242862872293302
0.3385375471796399
0.32685276796588414
0.3268526932079997
0.32685276796588414
0.5821310374328834
0.3293176758126949
0.3268526932079997
0.32685276796588414
0.3268526932079997
0.3268526932079997
0.32685276796588414
0.32685276796588414
0.32685276796588414
0.34753671072652703
0.3268526932079997
0.32685276796588414
0.35474058328281155
0.4468801815064599
0.32685276796588414
0.32685276796588414
0.3268526932079997
0.9952947258979981
0.32685276796588414
0.3268526932079997
0.3385375471796399
0.3268526932079997
0.3268526932079997
0.7958599014031973
0.3268533902680544
0.3268526932079997
0.3268526932079997
0.3268526932079997
0.5669675786348868
0.32685276796588414
0.3268526932079997
0.32685276796588414
0.4468497242395054
0.32685276796588414
0.3268703252912324
0.7936387340677157
0.32685276796588414
0.3268526932079997
0.3268526932079997
0.3268526932079997
0.3268526932079997
0.32685276796588414
0.3268704000491168
0.3268526932079997
0.32979087837814747
0.3268526932079997
0.32685276796588414
0.32685276796588414
0.3268526932079997
0.3268526932079997
0.3268533902680544
0.3471930827622559
0.3268526932079997
0.3268526932079997
0.32685331551016994
0.32693566102992744
0.3268526932079997
0.3268526932079997
0.32685276796588414
0.3268526932079997
0.3268526932079997
0.3268526932079997
0.3268526932079997
0.32685331551016994
0.32685276796588414
0.3268526932079997
0.3268526932079997
0.3268526932079997
0.3268704000491168
0.35472295119957886
0.3268533902680544
0.3268526932079997
0.3297732462949148
0.3268526932079997
0.32685276796588414
0.3268526932079997
0.3268703252912324
0.32685276796588414
0.32685276796588414
0.3269108906725303
0.32685276796588414
0.3268773888075124
0.3285787369983459
0.32685276796588414
0.3547228764416944
0.32685276796588414
0.7310501561076294
0.3268526932079997
0.32685276796588414
0.7960323605379784
0.3547228764416944
0.32979087837814747
0.3297733210527992
0.4242869981129621
0.5239515014104698
0.3268526932079997
0.32691151297470056
0.32685276796588414
0.32685276796588414
0.3268526932079997
0.3268526932079997
0.32685276796588414
0.3268526932079997
0.3268526932079997
0.3268526932079997
0.32685276796588414
0.32685276796588414
0.3268526932079997
0.3268526932079997
0.32685276796588414
0.32857866224046145
0.32685276796588414
0.3297733210527992
0.3268526932079997
0.3268526932079997
0.3268526932079997
0.7957641285179022
0.3268526932079997
0.3268526932079997
0.32685276796588414
0.32685331551016994
0.3381313449424327
0.8912319881690218
0.3268526932079997
0.3268526932079997
0.3268526932079997
0.32685276796588414
0.3268526932079997
0.32685276796588414
0.32926709942759896
0.3268533902680544
0.3268526932079997
0.4468801815064599
0.3268526932079997
0.7957641285179022
0.8897933508023261
0.3268526932079997
0.3268526932079997
0.32685276796588414
0.3268526932079997
0.3268526932079997
0.3268703252912324
0.32685276796588414
0.3268526932079997
0.44687947062282807
0.32685331551016994
1.4527602176911176
0.3465490609756625
0.3285787369983459
0.32685276796588414
0.32685276796588414
0.3268526932079997
0.3268526932079997
0.32685276796588414
0.32685276796588414
0.3268774635653968
0.3268526932079997
0.3268526932079997
1.4414395809566978
0.32685276796588414
0.32685276796588414
0.3381293575620853
0.32685276796588414
1.4414395809566978
0.3268526932079997
0.34656780493948164
0.32685276796588414
0.3268526932079997
0.32977394335496946
0.4468801815064599
0.3268526932079997
0.3268526932079997
0.3268526932079997
0.3268526932079997
0.32685276796588414
0.32685276796588414
0.3268526932079997
0.32685276796588414
0.4242862872293302
0.3297732462949148
0.3268526932079997
0.32685276796588414
0.35472295119957886
0.3268526932079997
0.32685276796588414
0.3268526932079997
0.42425582996237565
0.3292494673443662
0.3268526932079997
0.3268526932079997
0.3268526932079997
0.32685276796588414
0.32685276796588414
0.32685276796588414
0.3268526932079997
0.32685276796588414
0.32685331551016994
0.3268526932079997
0.3268703252912324
0.32685331551016994
0.3274138219305498
0.3268773888075124
0.7957640537600177
0.32685276796588414
0.3268526932079997
0.3268526932079997
0.32685276796588414
0.3268704000491168
0.32685276796588414
0.32685276796588414
0.3268526932079997
0.3268526932079997
0.32685276796588414
0.4242869981129621
0.3268526932079997
0.3268526932079997
0.3268526932079997
0.3268526932079997
0.32685276796588414
0.3268526932079997
0.3268526932079997
0.32784025507436865
0.3268526932079997
0.3268526932079997
0.3268773888075124
0.3268526932079997
0.32685276796588414
0.3268526932079997
0.4468801815064599
0.3268526932079997
0.32685276796588414
0.3268704000491168
0.34654913573354695
0.3268526932079997
0.3268526932079997
0.32685276796588414
0.3268526932079997
0.5239049676172
0.3268703252912324
0.32685276796588414
0.3268526932079997
0.3268533902680544
1.4414391584149269
0.5239049676172
0.3268526932079997
0.3268526932079997
0.3268703252912324
0.3268526932079997
0.3480983122354785
0.8912319881690218
0.3268526932079997
0.34654913573354695
0.4242869981129621
0.3268526932079997
0.32685276796588414
0.3268526932079997
0.3381294323199697
0.44687947062282807
0.3268526932079997
0.3268774635653968
0.7957371859598362
0.3268526932079997
0.3268526932079997
0.3268526932079997
0.32685276796588414
0.3268533902680544
0.3268526932079997
0.33821232538401313
0.32685276796588414
0.3385375471796399
0.7957641285179022
0.34654913573354695
0.32685276796588414
0.32685276796588414
0.4468497242395054
0.3268526932079997
0.3268526932079997
0.3268526932079997
0.32685276796588414
0.3268526932079997
0.32685276796588414
0.3268526932079997
0.3268526932079997
0.3268526932079997
0.3268526932079997
0.32685276796588414
0.3268526932079997
0.3268526932079997
0.8917913193612763
0.3268526932079997
0.32685276796588414
0.32685276796588414
0.32685276796588414
0.3268526932079997
0.3268526932079997
0.32685276796588414
0.32685276796588414
0.32685276796588414
0.3268703252912324
0.3268703252912324
0.32685276796588414
0.32685276796588414
0.3268709475934026
0.38390933499161645
0.3268526932079997
0.32860335783997413
0.32685331551016994
0.32685276796588414
0.4468801815064599
0.3268526932079997
0.3268526932079997
0.3268526932079997
0.32685276796588414
0.3297733210527992
0.3268526932079997
0.32685276796588414
0.3278990000831851
0.3471101149403282
0.3547228764416944
0.3268526932079997
0.3268526932079997
0.3268526932079997
0.4242869981129621
0.3268526932079997
0.3268526932079997
0.32685276796588414
0.3297733210527992
1.4414401221982664
0.32685276796588414
0.3268526932079997
0.3268526932079997
0.3269108906725303
0.3268526932079997
0.3268526932079997
0.3268526932079997
0.32685276796588414
0.3268526932079997
0.32685276796588414
0.3268526932079997
0.44687947062282807
0.32685276796588414
0.3268526932079997
0.3268526932079997
0.32784080261865445
0.32685331551016994
0.3268526932079997
0.3268526932079997
0.32685276796588414
0.3268526932079997
0.3268526932079997
0.3268533902680544
0.3268526932079997
0.3268709475934026
0.32685276796588414
0.33151684741060927
0.3268526932079997
0.3385375471796399
0.3460088255378027
0.9504673604195495
0.32685276796588414
0.32685276796588414
0.32685276796588414
0.44687947062282807
0.3268704000491168
0.3268526932079997
0.32860335783997413
0.32685331551016994
0.3268526932079997
0.32685276796588414
0.32685276796588414
0.32685276796588414
0.3268526932079997
0.3268526932079997
0.3268526932079997
0.3268526932079997
0.32685276796588414
0.3269108906725303
0.3638147745939397
0.32685276796588414
0.32685276796588414
0.3268526932079997
0.3385382442396946
0.3268526932079997
0.32685276796588414
0.3465490609756625
0.32685276796588414
0.3268526932079997
0.3268773888075124
0.32685276796588414
0.3268526932079997
0.3268533902680544
0.32685276796588414
0.32685276796588414
0.3268526932079997
0.3268526932079997
0.7957641285179022
0.3268526932079997
1.4414395809566978
0.3268526932079997
0.3268526932079997
0.32685276796588414
0.32685276796588414
0.3268526932079997
0.32922477174485354
0.32685276796588414
0.3268526932079997
0.32685276796588414
0.32685276796588414
0.5239048928593155
0.32922477174485354
0.3268526932079997
0.3268526932079997
0.3268526932079997
0.3268526932079997
0.3268526932079997
0.32685276796588414
0.5668283563853936
0.34656709405584973
0.4242869981129621
0.32685276796588414
0.4242862872293302
0.32685276796588414
0.32685276796588414
0.32685276796588414
0.32685276796588414
0.3268526932079997
0.32922477174485354
0.32685331551016994
0.5596597699881956
0.3268526932079997
0.32922477174485354
0.3570425681049686
0.32926709942759896
0.3268526932079997
0.32685276796588414
0.3381293575620853
0.3268526932079997
0.3268526932079997
0.3268526932079997
0.3268703252912324
0.3268526932079997
0.3268526932079997
0.3268526932079997
0.32685276796588414
0.422281250562892
0.32685331551016994
0.3268526932079997
0.32685276796588414
0.32685276796588414
0.32685276796588414
0.3268526932079997
0.32685276796588414
0.32685276796588414
0.3268774635653968
0.32685276796588414
0.3268526932079997
0.3268526932079997
0.34656780493948164
0.3268526932079997
0.7957640537600177
0.3268526932079997
0.48009832295934485
0.32685276796588414
0.32685276796588414
0.3268526932079997
0.3268703252912324
0.7957372607177207
0.3268526932079997
0.3268526932079997
0.32685276796588414
0.3268526932079997
0.3385375471796399
0.32685276796588414
0.34504091352765043
0.32685276796588414
0.3268526932079997
0.3268526932079997
0.32784025507436865
0.32685276796588414
0.3268526932079997
0.32685276796588414
0.3268526932079997
0.3268526932079997
0.329773868597085
0.3268526932079997
0.32685276796588414
0.3278408773765389
0.3297733210527992
0.3268526932079997
0.3268526932079997
0.3268526932079997
0.3268526932079997
0.3547405085249271
0.3268703252912324
0.3292594783481642
0.3268526932079997
0.32685276796588414
0.55965984474608
0.4242862872293302
0.32685276796588414
0.3268526932079997
0.3470137167520762
0.32685276796588414
0.32685276796588414
1.4414391584149269
0.32685276796588414
0.32685276796588414
0.3268526932079997
0.3268526932079997
0.32685276796588414
0.3268526932079997
0.3268703252912324
0.32685331551016994
0.3268526932079997
0.3268526932079997
0.3268526932079997
0.3268526932079997
0.3480983122354785
0.35472295119957886
0.3268526932079997
0.3268533902680544
0.32685276796588414
0.32685276796588414
0.3268526932079997
0.32685276796588414
0.32685276796588414
0.32685331551016994
0.3268526932079997
0.3268704000491168
0.3268526932079997
0.36677548931583553
0.8917913193612763
0.3268526932079997
0.32685331551016994
0.3268526932079997
0.3268526932079997
0.32685276796588414
0.3278401803164842
0.3298737714421909
0.3268526932079997
0.8912319881690218
0.3385375471796399
0.4242862872293302
0.3268526932079997
0.3268526932079997
0.3268526932079997
0.3283978191948042
1.4414395809566978
0.32685276796588414
0.3268773888075124
0.3297733210527992
0.3268526932079997
0.3268526932079997
0.79605922833816
0.3297733210527992
0.3268526932079997
0.3268526932079997
0.32685276796588414
0.3268526932079997
0.32685276796588414
0.3268526932079997
0.3278401803164842
0.3268704000491168
0.3278401803164842
0.32685276796588414
0.32685276796588414
0.3268533902680544
0.4480320448576308
0.32685331551016994
0.32685331551016994
0.3274138219305498
0.3268773888075124
0.32685276796588414
0.326911587732585
0.32685276796588414
0.3268526932079997
0.32685331551016994
0.3268526932079997
0.32685276796588414
0.32685276796588414
0.3268526932079997
0.32685276796588414
0.3268526932079997
0.3268526932079997
0.3268526932079997
0.3268526932079997
0.32685276796588414
0.3268526932079997
0.3268533902680544
0.32743137925589805
0.32685276796588414
0.32685276796588414
0.32685276796588414
0.3268526932079997
0.3268533902680544
0.3268526932079997
0.32685276796588414
0.3268526932079997
0.32685276796588414
0.32685276796588414
0.3268526932079997
0.35472295119957886
0.8912240674011968
0.3268526932079997
0.32685276796588414
0.35472295119957886
0.3268526932079997
0.3268526932079997
0.32685276796588414
0.32685276796588414
0.3268526932079997
0.3268526932079997
0.32685276796588414
0.3268774635653968
0.3268526932079997
0.3268526932079997
0.3268526932079997
0.32685276796588414
0.32685276796588414
0.3268526932079997
0.3268526932079997
0.3268526932079997
0.3268704000491168
0.32685276796588414
0.3268526932079997
0.3268526932079997
0.3297733210527992
0.3268526932079997
0.4242869981129621
0.32685276796588414
0.32685276796588414
0.32685276796588414
0.3268526932079997
0.32685276796588414
0.3465490609756625
0.3268526932079997
0.3268704000491168
0.3268703252912324
0.3278401803164842
0.3268526932079997
0.3278408773765389
0.3268526932079997
0.3268526932079997
0.3268526932079997
0.3268533902680544
0.32685276796588414
0.3465490609756625
0.3268526932079997
0.3268526932079997
0.32685276796588414
0.9504664068299455
0.32685276796588414
0.3268526932079997
0.5596597699881956
0.3268526932079997
0.3278401803164842
0.3268526932079997
0.32685276796588414
0.3268526932079997
0.32685276796588414
0.3268526932079997
1.452777417091074
0.3278401803164842
0.32685276796588414
0.7957641285179022
0.3268526932079997
0.3268526932079997
0.32685276796588414
0.3268526932079997
0.3268526932079997
0.32685331551016994
0.3268526932079997
0.32685276796588414
0.32857866224046145
0.3268526932079997
0.3268526932079997
0.3268526932079997
0.3268533902680544
0.32685276796588414
0.3268526932079997
0.3274138219305498
0.3268526932079997
0.3268526932079997
0.3268526932079997
0.3268526932079997
0.32685331551016994
0.8665774077942549
0.3268774635653968
0.32741374717266536
0.3268526932079997
0.3268526932079997
0.32685276796588414
0.3268526932079997
0.3268773888075124
0.32685276796588414
0.3268526932079997
0.32685276796588414
0.32685276796588414
0.3268533902680544
0.3268526932079997
0.3268703252912324
0.32685276796588414
0.3547228764416944
0.3268526932079997
0.3297732462949148
0.3268526932079997
0.3547228764416944
0.3268526932079997
0.3268526932079997
0.3269108906725303
0.3268526932079997
0.32685331551016994
0.3268773888075124
0.3268526932079997
0.33853762193752435
0.3268526932079997
0.32685276796588414
0.32685276796588414
0.32685331551016994
0.3268526932079997
0.32685276796588414
0.32685276796588414
0.32685276796588414
0.32685276796588414
0.3268526932079997
0.8676094949449146
0.3268526932079997
0.3268526932079997
0.3268526932079997
0.3268773888075124
0.3268703252912324
0.3268526932079997
0.3268526932079997
0.3268526932079997
0.3268526932079997
0.32685276796588414
0.3268526932079997
0.32685276796588414
0.32685276796588414
0.3268526932079997
0.32685276796588414
0.32741374717266536
0.32685331551016994
0.44687947062282807
0.32685276796588414
0.3278401803164842
0.32693628333209773
0.3268526932079997
0.3268526932079997
0.32685276796588414
0.3268526932079997
0.3268526932079997
0.32693566102992744
0.32685276796588414
0.7957640537600177
0.32693566102992744
0.3385388374999326
1.4414391584149269
0.3268526932079997
0.326935586272043
0.3268526932079997
0.34656709405584973
0.32685276796588414
0.3268526932079997
1.4414401221982664
0.3268526932079997
0.32685276796588414
0.3268526932079997
0.32685276796588414
0.32685276796588414
0.32685276796588414
0.3268533902680544
0.32685276796588414
0.3268526932079997
0.3268526932079997
0.35478107390622504
0.32685276796588414
0.7317871434380313
0.32685276796588414
0.3547228764416944
0.3471101149403282
0.32685276796588414
