0.3268533902680544
0.3268526932079997
0.3268526932079997
0.3268526932079997
0.32685276796588414
0.3268533902680544
0.32685331551016994
0.32685276796588414
0.32685276796588414
0.32685331551016994
0.3268526932079997
0.3268533902680544
0.3268526932079997
0.3278408773765389
0.32685276796588414
0.32685331551016994
0.3268533902680544
0.32685331551016994
0.32685276796588414
0.3268533902680544
0.32685331551016994
0.3268526932079997
0.32685276796588414
0.32685276796588414
0.3268533902680544
0.7957372607177207
0.32685331551016994
0.32685276796588414
0.3268533902680544
0.32685276796588414
0.3268526932079997
0.3268526932079997
0.32685276796588414
0.32685276796588414
0.32685331551016994
0.32685276796588414
0.3268533902680544
0.3268526932079997
0.32685276796588414
0.32685276796588414
0.3268526932079997
0.32685276796588414
0.3268533902680544
0.32784025507436865
0.7960076649384658
0.32685276796588414
0.32685276796588414
0.32693628333209773
0.32685276796588414
0.3268533902680544
0.3268526932079997
0.3283978191948042
0.32685276796588414
0.32685276796588414
0.3268533902680544
0.32685276796588414
0.32685331551016994
0.3268533902680544
0.32685276796588414
0.891386388429702
0.3268533902680544
0.3278401803164842
0.3268533902680544
0.32685331551016994
0.3268533902680544
0.3268533902680544
0.4242869981129621
0.32685276796588414
0.32685276796588414
0.3268533902680544
0.3268526932079997
0.32685276796588414
0.32685276796588414
0.32685276796588414
0.3268526932079997
0.7957372607177207
0.3278401803164842
0.3268533902680544
0.3385382442396946
0.3268526932079997
0.32685331551016994
0.32685276796588414
0.3268526932079997
0.3268526932079997
0.32685331551016994
0.35472349874386466
1.4414391584149269
0.3381299798642556
0.32685276796588414
0.3268526932079997
0.3268533902680544
0.3268533902680544
0.32839844149697445
0.32685276796588414
0.3268533902680544
0.3278401803164842
0.3385375471796399
0.3268533902680544
0.3268526932079997
0.5668283563853936
0.3268533902680544
0.32685331551016994
0.3268526932079997
0.32685331551016994
0.3268533902680544
0.3268526932079997
0.3268533902680544
0.3268533902680544
0.32685276796588414
0.32685276796588414
0.32685276796588414
0.3268526932079997
0.32685331551016994
0.32685276796588414
0.32685276796588414
0.32685276796588414
0.3268526932079997
0.32685331551016994
0.3268526932079997
0.3268526932079997
0.3268533902680544
0.32685276796588414
0.3268526932079997
0.32685331551016994
0.3268704000491168
0.32685331551016994
0.32685331551016994
0.32685331551016994
0.3268526932079997
0.3268533902680544
0.3285787369983459
0.32685276796588414
0.32685331551016994
0.3268526932079997
0.3268526932079997
0.3268533902680544
0.3268526932079997
0.32685276796588414
0.3297732462949148
0.32685276796588414
0.32685276796588414
0.32685276796588414
0.32685276796588414
0.32685331551016994
0.3471101149403282
0.3268533902680544
1.4414391584149269
0.3268526932079997
0.3268526932079997
0.3268526932079997
0.3268526932079997
0.3268526932079997
0.32685276796588414
0.3268533902680544
0.32685331551016994
0.32685276796588414
0.32685276796588414
0.5821488094878693
0.32685276796588414
0.3268526932079997
0.3268526932079997
0.3268533902680544
0.3268526932079997
0.32685276796588414
0.32685331551016994
0.3269108906725303
0.3268533902680544
0.3268526932079997
0.4242565408460075
0.32685331551016994
0.3268533902680544
0.32685276796588414
0.32685276796588414
0.3268533902680544
0.32685276796588414
0.3547235735017491
0.7957641285179022
0.33853816948181015
0.32685276796588414
0.7960345327386473
0.32685276796588414
0.32685331551016994
0.3268533902680544
0.32685276796588414
0.3465497580357172
0.3268533902680544
0.3268533902680544
0.3268533902680544
0.32685331551016994
0.3268533902680544
0.32687102235128707
0.33818884534690863
0.32685331551016994
0.3268533902680544
0.3268526932079997
0.3646409538548768
0.3268526932079997
0.32685331551016994
0.3268526932079997
0.3268533902680544
0.32685276796588414
0.3268533902680544
0.32685276796588414
0.3547228764416944
0.4468490133558735
1.4414510735002701
0.3268526932079997
0.3268533902680544
0.32685276796588414
0.32685331551016994
0.32685276796588414
0.3268526932079997
0.32685331551016994
0.32685276796588414
0.32685276796588414
0.3268533902680544
0.3268533902680544
0.32685276796588414
0.5668296562675345
0.32685276796588414
0.3268533902680544
0.32687102235128707
0.3268526932079997
0.3268526932079997
0.9510257380222
0.3268526932079997
0.3268533902680544
0.3285787369983459
0.3268533902680544
0.3268526932079997
0.3268533902680544
0.3268526932079997
0.8913952627871309
0.3268704000491168
0.3268526932079997
0.3268526932079997
0.32685276796588414
0.3268526932079997
0.32685276796588414
0.32685331551016994
0.32685331551016994
0.32685276796588414
0.3268526932079997
0.3268526932079997
0.35472295119957886
0.32685331551016994
0.3283985300784361
0.32685331551016994
0.3268526932079997
0.32685331551016994
0.32685331551016994
0.35472295119957886
0.32685276796588414
0.3268526932079997
0.32685331551016994
0.3268533902680544
0.3268533902680544
0.3268526932079997
0.32685331551016994
0.3268526932079997
0.32685276796588414
0.3465490609756625
0.3268526932079997
0.3268533902680544
0.3268526932079997
0.3268526932079997
0.3268533902680544
0.3268526932079997
0.7957371859598362
0.3465497580357172
0.32685276796588414
0.3268533902680544
0.3268526932079997
0.3268526932079997
0.32685276796588414
0.3268533902680544
0.32685276796588414
0.32685276796588414
0.3460088255378027
0.3268526932079997
0.32685331551016994
0.32685331551016994
0.32685331551016994
0.32693566102992744
0.32685276796588414
0.32685276796588414
0.3268533902680544
0.32685331551016994
0.3268526932079997
0.3268533902680544
0.32685276796588414
0.32685276796588414
0.3268526932079997
0.3268526932079997
0.32685331551016994
0.3268533902680544
0.32685276796588414
1.4414395809566978
0.32685276796588414
0.3268526932079997
0.32685276796588414
0.32685276796588414
0.32839915238060635
0.3268533902680544
0.3268526932079997
0.32685276796588414
0.32685331551016994
0.32685331551016994
0.3268526932079997
0.3268533902680544
0.3268533902680544
0.3268533902680544
0.32685276796588414
0.4242862872293302
0.3268526932079997
0.32685331551016994
0.3268533902680544
0.32685331551016994
0.3268526932079997
0.3268526932079997
0.32685276796588414
0.32685276796588414
0.3268526932079997
0.3268704000491168
0.3268533902680544
0.32685276796588414
0.3268526932079997
0.3268533902680544
0.32685276796588414
0.32685331551016994
0.32685331551016994
0.32685331551016994
0.32685276796588414
0.3268533902680544
0.3547235735017491
0.3268533902680544
0.5177445348357388
0.3268526932079997
0.3268526932079997
0.3268704000491168
0.3547228764416944
0.3268533902680544
0.3268526932079997
1.4414391584149269
0.32685276796588414
0.7957371859598362
0.32685276796588414
0.3268526932079997
0.3268533902680544
0.32685331551016994
0.32685331551016994
0.36677548931583553
0.32685331551016994
0.3268533902680544
0.32685276796588414
0.32685331551016994
0.32685276796588414
0.32685276796588414
0.32839844149697445
0.32685276796588414
0.3268533902680544
0.32685276796588414
0.32685276796588414
0.32685276796588414
0.32685276796588414
0.32685276796588414
0.3268526932079997
0.32866163006238924
0.4242862872293302
0.3268526932079997
0.3268533902680544
0.32977394335496946
0.3268533902680544
0.3268533902680544
0.5668283563853936
0.32866163006238924
0.3286133688437721
0.32685331551016994
0.35472295119957886
0.3268533902680544
0.32685276796588414
0.32685276796588414
0.3268533902680544
0.3268533902680544
0.3268533902680544
0.3268526932079997
0.3268533902680544
0.3268533902680544
0.3268533902680544
0.33853816948181015
0.7957888241174149
0.3268526932079997
0.32685276796588414
0.3465497580357172
0.3268533902680544
0.35472295119957886
0.3268526932079997
0.32784025507436865
0.32685276796588414
0.32685276796588414
0.32685276796588414
0.32685331551016994
0.3268526932079997
0.32685276796588414
0.3268526932079997
0.32685276796588414
0.3297915006803177
0.3268533902680544
0.32685331551016994
0.32685276796588414
0.32685331551016994
0.3268526932079997
0.32685276796588414
0.3289581317822853
0.32685276796588414
0.32691096543041476
0.32685276796588414
0.32685276796588414
0.3268533902680544
0.3268533902680544
0.32685331551016994
0.32691096543041476
0.32685276796588414
0.3268533902680544
0.32685276796588414
0.3286133688437721
0.3268526932079997
0.3268773888075124
0.32685331551016994
0.32685276796588414
0.32685276796588414
0.3268526932079997
0.3268533902680544
0.3268526932079997
0.3268526932079997
0.3268526932079997
0.32685276796588414
0.32685276796588414
0.32866163006238924
0.32685276796588414
0.32685276796588414
0.32685276796588414
0.32685331551016994
0.3268703252912324
0.3268780111096826
0.32685276796588414
0.3268533902680544
0.32685331551016994
0.3268526932079997
0.32685276796588414
0.32685331551016994
0.32685331551016994
0.3268533902680544
0.3465497580357172
0.5668293099749976
0.3268526932079997
0.32685276796588414
0.3268526932079997
0.3268533902680544
0.32685331551016994
0.32685276796588414
0.3285886732442594
0.35472349874386466
0.32685331551016994
0.3278401803164842
0.3268533902680544
0.3268526932079997
0.3268526932079997
0.3268526932079997
0.32685276796588414
0.32685276796588414
0.3547235735017491
0.32685276796588414
0.32685331551016994
0.33853816948181015
0.3268533902680544
0.3268526932079997
0.3268526932079997
0.32685331551016994
0.32685276796588414
0.3268533902680544
0.32685276796588414
0.3268526932079997
0.32685276796588414
0.3268526932079997
0.32685276796588414
0.3268533902680544
0.32685276796588414
0.32685276796588414
0.3268533902680544
0.3268526932079997
0.32685276796588414
0.3268526932079997
0.3268533902680544
0.32685331551016994
0.3268533902680544
0.32685276796588414
0.32693628333209773
0.3268526932079997
0.3268533902680544
0.32685331551016994
0.32685276796588414
0.32685276796588414
0.3268526932079997
0.32685331551016994
0.32685276796588414
0.3268526932079997
0.32685331551016994
0.3268526932079997
0.3268526932079997
0.32685331551016994
0.3268533902680544
0.3268533902680544
0.3268526932079997
0.32685276796588414
0.32685331551016994
0.32685276796588414
0.5821323373150242
0.32685276796588414
0.32685276796588414
0.3381293575620853
0.3268533902680544
0.8676094201870301
0.32685276796588414
0.32685331551016994
0.3268533902680544
0.32685331551016994
0.3268526932079997
0.32685276796588414
0.3268533902680544
0.3268526932079997
0.338187555026616
0.3381293575620853
0.3268533902680544
0.32685331551016994
0.3268526932079997
0.3268526932079997
0.32685276796588414
0.32685331551016994
0.32685331551016994
0.3268526932079997
0.565134113610527
0.3268533902680544
0.32685331551016994
0.3268526932079997
0.32685331551016994
0.32784025507436865
0.32685276796588414
0.32685276796588414
0.32685276796588414
0.32685331551016994
0.7960076649384658
0.3268533902680544
0.3268533902680544
0.3268526932079997
0.3268526932079997
0.32685331551016994
0.32685331551016994
0.32685276796588414
0.7957372607177207
0.32685331551016994
0.3268533902680544
0.5668293099749976
0.32685276796588414
0.3268703252912324
0.32685276796588414
0.3268526932079997
0.32685276796588414
0.3268526932079997
0.32685276796588414
0.32685276796588414
1.4414391584149269
0.3268526932079997
0.3268526932079997
0.32685331551016994
0.32685276796588414
0.3268533902680544
0.3268703252912324
1.4511247143330308
0.7480058471173301
0.3268526932079997
0.32685276796588414
0.34711081200038285
0.3269362085742133
0.32685276796588414
0.32685276796588414
0.32691096543041476
0.3268526932079997
0.32685276796588414
0.3268533902680544
0.32685276796588414
0.3268526932079997
0.3268533902680544
0.32685276796588414
1.4414510735002701
0.32685331551016994
0.32685276796588414
0.3268533902680544
0.3268533902680544
0.32685276796588414
0.326911587732585
0.3268526932079997
0.32685331551016994
0.3268533902680544
0.3268526932079997
0.32867156630830274
0.32685276796588414
0.3268526932079997
0.338130647882378
0.3268526932079997
0.3268533902680544
0.3268526932079997
0.3268533902680544
0.32693628333209773
0.32685331551016994
0.3268526932079997
1.4414395809566978
0.32685276796588414
0.5238745103502453
0.8668210189727028
0.3268533902680544
0.3268526932079997
0.32685276796588414
0.32685276796588414
0.4421729876743402
0.32685276796588414
0.32685276796588414
0.32685276796588414
0.32685331551016994
0.32685276796588414
0.3268526932079997
0.3268533902680544
0.32685276796588414
0.3268526932079997
0.32685276796588414
0.3268526932079997
0.32685276796588414
0.3268533902680544
0.3268533902680544
0.8913952627871309
0.3268533902680544
0.32685331551016994
0.3268533902680544
0.32685276796588414
0.3268526932079997
0.3268533902680544
0.32685331551016994
0.3268533902680544
0.3268533902680544
0.326911587732585
0.32685276796588414
0.32977394335496946
0.32685331551016994
0.3268526932079997
1.4414510735002701
0.32685331551016994
0.32685276796588414
0.3268533902680544
0.3268526932079997
0.32685276796588414
0.3381293575620853
0.3268526932079997
0.32691151297470056
0.32685276796588414
0.32685276796588414
0.32685331551016994
0.8913952627871309
0.3268533902680544
0.3268526932079997
0.32685276796588414
0.32685331551016994
0.32685331551016994
0.3268533902680544
0.32685276796588414
0.3268526932079997
0.32685331551016994
0.3465490609756625
0.32685276796588414
0.3268526932079997
0.32685276796588414
0.3268533902680544
0.3471101149403282
0.32685331551016994
0.3268526932079997
0.3268526932079997
0.3268533902680544
0.32685276796588414
0.32685276796588414
0.32685276796588414
0.3268526932079997
0.3285787369983459
0.32685331551016994
0.5668283563853936
0.32685331551016994
0.3268526932079997
0.3268533902680544
0.32784080261865445
0.3381294323199697
0.3285887480021438
0.3268526932079997
0.32685276796588414
0.32685276796588414
0.32685276796588414
0.32685331551016994
0.3268533902680544
0.32685276796588414
0.32685276796588414
0.3268526932079997
0.3268533902680544
0.32741374717266536
0.32685276796588414
0.3268533902680544
0.32687808586756706
0.32685331551016994
0.3268533902680544
0.32685276796588414
0.3268774635653968
1.4414401221982664
0.32685276796588414
0.5668293099749976
0.3268533902680544
0.32685276796588414
0.32685276796588414
0.32685331551016994
0.3268533902680544
0.3268780111096826
0.32685331551016994
0.3268526932079997
0.350332429668062
0.32685276796588414
0.32784025507436865
0.32685331551016994
0.3268533902680544
0.3268526932079997
0.32685276796588414
0.3268533902680544
0.3297732462949148
0.3285787369983459
0.3268526932079997
0.32685331551016994
0.32685276796588414
0.32685276796588414
0.32685276796588414
0.32685276796588414
0.3268533902680544
0.8912250209908006
0.32685331551016994
0.32685276796588414
0.3268526932079997
0.32685276796588414
0.3268533902680544
0.32691096543041476
0.3268526932079997
0.32685276796588414
0.3268526932079997
0.3268533902680544
0.3285887480021438
0.32685276796588414
0.3268526932079997
0.3268526932079997
0.3268526932079997
0.3268533902680544
0.32685276796588414
0.3268533902680544
0.32685276796588414
0.32685331551016994
0.3268533902680544
0.32685331551016994
0.3268533902680544
0.32685331551016994
0.32685331551016994
0.32685276796588414
0.3268533902680544
0.4242869981129621
0.3268533902680544
0.3268533902680544
0.32685276796588414
0.32685331551016994
0.3268533902680544
0.32685276796588414
0.3268526932079997
1.4414501097169305
0.32685276796588414
0.3268526932079997
0.32685276796588414
0.32685276796588414
0.3268526932079997
0.32685331551016994
0.3268526932079997
0.3268526932079997
0.32685276796588414
0.3268533902680544
0.3268526932079997
0.32685276796588414
0.32685331551016994
0.3268533902680544
0.3268533902680544
0.32685331551016994
0.338538912257817
0.32685276796588414
0.3268533902680544
0.32685276796588414
0.32685276796588414
0.3268533902680544
0.32685276796588414
0.3268526932079997
0.3268533902680544
0.32685331551016994
0.3268526932079997
0.32685276796588414
0.32685276796588414
0.32685276796588414
0.3268526932079997
0.3268533902680544
0.3268526932079997
0.5239048928593155
0.3268526932079997
0.42425582996237565
0.3268533902680544
1.4414510735002701
0.32685331551016994
0.3283985300784361
0.3268526932079997
0.32685276796588414
0.32685276796588414
0.32685331551016994
0.32685331551016994
0.32685276796588414
0.32685276796588414
0.3268526932079997
0.32685276796588414
0.32685331551016994
0.3268526932079997
0.32685331551016994
0.32979157543820214
0.3268526932079997
0.7957887493595304
0.32685276796588414
0.32685276796588414
0.32685276796588414
0.3268533902680544
0.3268526932079997
0.32685331551016994
0.3268526932079997
0.32857866224046145
0.32685276796588414
0.32685331551016994
0.32685276796588414
0.32685331551016994
0.3268533902680544
0.32685331551016994
0.3268533902680544
0.32685331551016994
0.35067200026716827
0.32685276796588414
0.32685276796588414
0.3268526932079997
0.32685276796588414
0.3268526932079997
0.32685276796588414
0.3268526932079997
0.32685331551016994
0.3268533902680544
0.3268526932079997
0.32685276796588414
0.3268533902680544
0.3269108906725303
0.32685276796588414
0.3268526932079997
0.32685276796588414
0.8912240674011968
0.4242869981129621
0.32685331551016994
0.7957372607177207
0.32685276796588414
0.32685276796588414
0.32685276796588414
0.35472349874386466
0.3268526932079997
0.3278585094597716
0.32685331551016994
0.32685276796588414
0.8668210189727028
0.32685276796588414
0.3268526932079997
0.3268533902680544
0.32685276796588414
0.3268526932079997
0.3268526932079997
0.3285787369983459
0.3268533902680544
0.3268533902680544
0.3268526932079997
0.32685276796588414
0.32685331551016994
0.32685331551016994
0.3268533902680544
0.3268533902680544
0.32685276796588414
0.32685331551016994
0.32685276796588414
1.4414391584149269
0.5668293099749976
0.32685276796588414
0.3268526932079997
0.3268533902680544
0.32685331551016994
0.32685276796588414
0.32685331551016994
0.3385375471796399
0.3268526932079997
0.3268533902680544
0.32685331551016994
0.7957641285179022
0.32685331551016994
0.3268526932079997
0.3268533902680544
0.32685331551016994
0.32685331551016994
0.3268526932079997
0.8912240674011968
0.32685276796588414
0.32685276796588414
0.32685276796588414
0.32685276796588414
0.32685276796588414
0.32685331551016994
0.3268526932079997
0.3268526932079997
0.3268533902680544
0.32685276796588414
0.32687102235128707
0.3268526932079997
0.3268533902680544
0.32685331551016994
1.4414405447400374
0.3268533902680544
0.3268526932079997
0.32685276796588414
0.32685331551016994
0.3268533902680544
1.4414405447400374
0.3268533902680544
0.3268533902680544
0.32685331551016994
0.32685276796588414
0.32685276796588414
0.3268533902680544
0.3268533902680544
0.3268526932079997
0.32685276796588414
0.3268526932079997
0.32685331551016994
0.326911587732585
0.32685331551016994
0.32685276796588414
0.3268526932079997
0.32685276796588414
0.32685276796588414
0.3269362085742133
0.3268533902680544
0.3268526932079997
0.3268533902680544
0.32685331551016994
0.7957887493595304
0.3268526932079997
0.3268533902680544
0.32685276796588414
0.3268526932079997
0.32863693446287656
0.32685331551016994
0.32685276796588414
0.32685276796588414
0.3268526932079997
0.32685276796588414
0.32685276796588414
0.3268533902680544
0.32685276796588414
0.32685331551016994
0.32685276796588414
0.35472295119957886
0.3269291450579333
0.32685276796588414
0.32685331551016994
0.32685276796588414
0.5239049676172
0.32685331551016994
0.32685276796588414
0.3268533902680544
0.3268526932079997
0.3268526932079997
0.3268533902680544
0.32685276796588414
0.3268533902680544
0.3268533902680544
0.3268533902680544
0.3268526932079997
0.5821313837254203
0.32685331551016994
0.32685276796588414
