0.3791377141266937
0.3859333645337353
0.3726809493758258
0.3801559286988859
0.3859084177135748
0.38539583856996945
0.37843548736189303
0.3920498676493085
0.37549497530082776
0.39969907573300917
0.3808429720672203
0.3935054382908947
0.37318701518019937
0.3807031347178411
0.37862385610321847
0.39327550839491326
0.40017471527075804
0.377641192574563
0.3789398713343565
0.37656254574598247
0.3797497329341324
0.3786463417874134
0.37954530712318046
0.38609882813121943
0.3861319199007819
0.37359707182438434
0.384630683984786
0.3769214705817121
0.37764588618705
0.3762426088676132
0.37792616679755514
0.38151063199564605
0.38487652147128254
0.4025356972840667
0.39008199100635443
0.3821829945384694
0.37875026084279473
0.3857623895639531
0.3959406436708221
0.38437702176362576
0.37588576255557676
0.3873699525320573
0.3763972576448273
0.37784544815056176
0.38239623175215703
0.3855003815712789
0.37968123072584603
0.38206994899083224
0.3813841330149276
0.37653999787839837
0.3731299525497662
0.38339890001516297
0.374799458626181
0.3753416037836729
0.40357426345264014
0.3778058765015034
0.3778755249941641
0.3892110885525125
0.38028782723941623
0.37495631376731653
0.37812385988803093
0.39130233385128
0.38712080603850374
0.3943261979995535
0.38052422322688717
0.39662919483653564
0.38359452987041986
0.3845621784177633
0.39520299426601296
0.37484938800588025
0.38233127089374236
0.3901502392507624
0.386437290403142
0.383462469316025
0.3723769676116475
0.37509921086141657
0.38786404834178656
0.3803182114205781
0.3868969986398954
0.38270866412450844
0.3750239076192917
0.38633410553028047
0.3996001170274029
0.37160749513039965
0.3905562699489801
0.38591245200387136
0.3823297829025353
0.38953210972319186
0.39475860875043467
0.37982760079639843
0.38983649280080046
0.3801368861244684
0.3820699568283519
0.38794126844816057
0.37772431984008487
0.3777869034709094
0.3750548216718245
0.37378627222888683
0.401443477666673
0.3759575734391266
