0.3271854423267914
0.3638168135685557
0.3271593300548329
0.32716003584364683
0.4252950663836644
0.32715861917120104
0.32716074672727874
0.3271847314431595
0.3271599523570031
0.3271593300548329
0.3271599523570031
0.3271592414733713
0.32715861917120104
0.3271606581458171
0.36381590807925795
1.6201811717063825
0.32716003584364683
0.727899185783589
0.3271593300548329
0.3271593300548329
0.3271592414733713
0.32716074672727874
0.32716074672727874
0.9880535381850795
0.34560130960177515
0.32716074672727874
0.327161369029449
0.3271606581458171
0.32716003584364683
0.32715861917120104
0.3271592414733713
0.3271592414733713
0.327161369029449
0.32717618300092105
0.32715861917120104
0.32715861917120104
0.32715861917120104
0.3638159966607196
0.327161369029449
0.3271592414733713
0.3515721629710503
0.32715861917120104
0.32715861917120104
0.32717547211728915
0.32716074672727874
0.32715861917120104
0.3311986709092711
0.32716003584364683
0.32715861917120104
0.32715861917120104
0.35157287385468217
0.3271592414733713
0.3271593300548329
0.3515721629710503
0.3271592414733713
0.3303343750174649
0.32716003584364683
0.3271606581458171
0.3271592414733713
0.32718535374532975
0.45695566379788394
0.32716074672727874
0.3271593300548329
0.32716003584364683
0.3271592414733713
0.3271606581458171
0.32715861917120104
0.32715861917120104
0.3311986709092711
0.3271593300548329
0.327161369029449
0.3638161912663855
0.5297646690067014
0.32716074672727874
0.3271592414733713
0.3271592414733713
0.3271593300548329
0.32716003584364683
0.3271606581458171
0.3271593300548329
0.32716074672727874
0.32715861917120104
0.32716003584364683
0.32716003584364683
0.3638173247517038
0.32716003584364683
0.327161369029449
0.3271592414733713
0.3271593300548329
0.9668922871757891
0.327161369029449
0.3271592414733713
0.32716003584364683
0.3271606581458171
0.3271592414733713
0.32716003584364683
0.32716003584364683
0.3271606581458171
0.32715861917120104
0.3271593300548329
0.327161369029449
0.32715861917120104
0.3271606581458171
0.3271592414733713
0.3271592414733713
0.32716003584364683
0.32716003584364683
0.3271599523570031
0.3271592414733713
0.3271592414733713
0.32715861917120104
0.32715861917120104
0.3271592414733713
0.3272022066914179
0.32716003584364683
0.32715861917120104
0.3311907874615508
0.3456019319039454
0.32717751109190524
0.32715861917120104
0.3271606581458171
0.32716003584364683
0.32716003584364683
0.3515735796434961
0.32716003584364683
0.3271606581458171
0.32716074672727874
0.3271606581458171
0.327161369029449
0.3271599523570031
0.3450423302000963
0.9069633692454051
0.32715861917120104
0.3271593300548329
0.32715861917120104
0.32716074672727874
0.3271599523570031
0.32716074672727874
0.3271599523570031
0.34504091352765043
0.327161369029449
0.32716074672727874
0.32715861917120104
0.32716003584364683
0.32715861917120104
0.32715861917120104
0.36381528577708777
0.36381539689610987
0.32715861917120104
0.3271606581458171
0.327161369029449
0.3271593300548329
0.36381661896288986
0.32715861917120104
0.3271599523570031
0.32715861917120104
0.32716074672727874
0.3271606581458171
0.3450436633858984
0.32715861917120104
0.3271606581458171
0.3271593300548329
0.3271606581458171
0.3271599523570031
0.3271593300548329
0.32715861917120104
0.3271606581458171
0.45058982831978306
0.32716003584364683
0.3271593300548329
0.32715861917120104
0.3271606581458171
0.33119007657791893
0.3271606581458171
0.3271592414733713
0.32715861917120104
0.3271606581458171
0.3271593300548329
0.32715861917120104
0.35157287385468217
0.3638174133331655
0.3311986709092711
0.32716003584364683
0.3450430410837282
0.3271592414733713
0.5298714133537277
0.3271592414733713
0.32715861917120104
0.3271606581458171
0.32715861917120104
1.6201698123046004
0.32715861917120104
0.3271606581458171
0.3271599523570031
0.3303924977241111
0.32715861917120104
0.3638161912663855
0.3271593300548329
0.32715861917120104
0.3271606581458171
0.32716003584364683
0.32715861917120104
0.33099149108316034
0.3271599523570031
0.32715861917120104
0.32716003584364683
0.3271606581458171
0.32772034843112785
0.3271599523570031
0.32716003584364683
0.32715861917120104
0.32716003584364683
0.3271606581458171
0.32716003584364683
0.3638147745939397
0.32716074672727874
0.3271606581458171
0.32716003584364683
0.3271592414733713
0.32718606462896166
0.32715861917120104
0.3271592414733713
0.32716003584364683
0.3271599523570031
0.32716003584364683
0.3271592414733713
0.32715861917120104
0.32716074672727874
0.3271606581458171
0.32715861917120104
0.3271593300548329
0.327161369029449
0.32716003584364683
0.32716003584364683
0.3271606581458171
0.32716003584364683
0.3271606581458171
0.32717688878973494
0.32715861917120104
0.32716003584364683
0.32717751109190524
0.3271593300548329
0.32716003584364683
0.3271592414733713
0.3271599523570031
0.3271606581458171
0.3271593300548329
0.32716003584364683
0.32715861917120104
0.32716003584364683
0.33099149108316034
0.3271593300548329
0.3271592414733713
0.32715861917120104
0.327161369029449
0.3271593300548329
0.32716003584364683
0.35197577942432995
0.32716003584364683
0.3271606581458171
0.3271606581458171
0.3271593300548329
0.32983144375944545
0.32716003584364683
0.32715861917120104
0.3271593300548329
0.32716003584364683
0.3271592414733713
0.9880468385571193
0.32716003584364683
0.32716003584364683
0.32715861917120104
0.3271599523570031
0.3271593300548329
0.377200888892607
0.3271593300548329
0.3271606581458171
0.3271606581458171
0.32716003584364683
0.32716003584364683
0.327161369029449
0.32715861917120104
0.3271606581458171
0.3311907874615508
0.3276065524892562
0.32715861917120104
0.32716074672727874
0.32715861917120104
0.32715861917120104
0.3271606581458171
0.32716074672727874
0.32716003584364683
0.3271606581458171
0.32716003584364683
0.32716003584364683
0.3271599523570031
0.327161369029449
0.3309653788112018
0.3271593300548329
0.3271592414733713
0.32715861917120104
0.5297342117397468
0.32715861917120104
0.32716074672727874
0.3271606581458171
0.32716003584364683
0.3271592414733713
0.3271592414733713
0.327161369029449
0.32716074672727874
0.32716003584364683
0.32715861917120104
0.3271599523570031
0.3271606581458171
0.32715861917120104
0.3271592414733713
0.3311886599054731
0.3271592414733713
0.3271606581458171
0.3271606581458171
0.3271599523570031
0.3271606581458171
0.32717688878973494
0.32716074672727874
0.3596379994369149
0.32716003584364683
0.327161369029449
0.32716003584364683
0.32716003584364683
0.32715861917120104
0.3309760956038137
0.32716074672727874
0.3271593300548329
0.3271592414733713
0.32715861917120104
0.3271606581458171
0.3271592414733713
0.327161369029449
0.327161369029449
0.32715861917120104
0.32716003584364683
0.32716003584364683
0.32716003584364683
0.32716003584364683
0.3271593300548329
0.3271592414733713
0.327161369029449
0.3271592414733713
0.3271593300548329
0.327161369029449
0.33098936352708264
0.327161369029449
0.327161369029449
0.32715861917120104
0.3271599523570031
0.3271592414733713
0.327161369029449
0.32716003584364683
0.42526782957696097
0.32716003584364683
0.42526854046059287
0.3271592414733713
0.3271592414733713
0.327161369029449
0.3271593300548329
0.3271593300548329
0.3271599523570031
0.32716074672727874
0.3271593300548329
0.3271606581458171
0.32716074672727874
0.32715861917120104
0.32716003584364683
0.32716003584364683
0.327161369029449
0.327161369029449
0.32715861917120104
0.32716003584364683
0.327161369029449
0.3271606581458171
0.32715861917120104
0.32716003584364683
0.3271593300548329
0.3271606581458171
0.3606760462873056
0.32715861917120104
0.3271592414733713
0.32715861917120104
0.32716003584364683
0.32716074672727874
0.33119007657791893
0.3311886599054731
0.3450430410837282
0.3271599523570031
0.32716003584364683
0.32715861917120104
0.32716003584364683
0.32716074672727874
0.3271599523570031
0.3271606581458171
0.32716003584364683
0.3596379994369149
0.3271592414733713
0.32715861917120104
0.3271592414733713
0.3271592414733713
0.3271592414733713
0.32715861917120104
0.32716074672727874
0.3271592414733713
0.3271593300548329
0.3271606581458171
1.6201710081360945
0.32715861917120104
0.3271592414733713
0.32715861917120104
0.3271592414733713
0.327161369029449
0.3271593300548329
0.3271592414733713
0.329773868597085
0.3271592414733713
0.32716003584364683
0.32716074672727874
0.32715861917120104
0.3271592414733713
0.35157420194566635
0.3271593300548329
0.3271593300548329
0.3271593300548329
0.3271593300548329
0.5623849030171197
0.5297342117397468
0.4252950663836644
0.3311907874615508
0.32716003584364683
0.3638161077797418
0.3271592414733713
0.3271599523570031
0.32717751109190524
0.32716003584364683
0.3271592414733713
0.32716074672727874
0.3271592414733713
0.3503329772123478
0.3450416244112824
0.3271606581458171
0.3271599523570031
0.32715861917120104
0.32715861917120104
0.3271592414733713
0.3515735796434961
0.3271606581458171
0.32716074672727874
0.3271593300548329
0.32715861917120104
0.3271606581458171
0.32716003584364683
0.3271599523570031
0.32716003584364683
0.32716003584364683
0.36381539689610987
0.3271606581458171
0.327161369029449
0.32716074672727874
0.327161369029449
0.32716003584364683
0.3271592414733713
0.3550484427290511
0.32715861917120104
0.3271606581458171
0.3271592414733713
0.3271592414733713
0.3271606581458171
0.3271592414733713
0.3271599523570031
0.3271592414733713
0.32716074672727874
0.3271599523570031
0.3297732462949148
0.32715861917120104
0.32716003584364683
0.32716003584364683
0.9880720511250425
0.32716074672727874
0.3271593300548329
0.3312000875817169
0.327161369029449
0.3271606581458171
0.32716003584364683
0.3271606581458171
0.3271592414733713
0.32716003584364683
1.6201823936368973
0.32715861917120104
0.3271592414733713
0.3271840256543456
0.32716003584364683
0.327161369029449
0.3271606581458171
0.3312000875817169
0.32716074672727874
0.32716003584364683
0.32715861917120104
0.32715861917120104
0.32771972612895767
0.32715861917120104
0.32716074672727874
0.3271606581458171
0.32715861917120104
0.3271592414733713
0.3271599523570031
0.32716003584364683
0.3271606581458171
0.3271606581458171
0.32716074672727874
0.35157278527322056
0.327161369029449
0.3271606581458171
0.3271592414733713
0.32715861917120104
0.32715861917120104
0.3271599523570031
0.32716003584364683
0.3271606581458171
0.32715861917120104
0.3271606581458171
0.3271599523570031
0.45058982831978306
0.32760584160562434
0.32715861917120104
0.3271593300548329
0.3271606581458171
0.3271606581458171
0.3271592414733713
0.3271606581458171
0.3271592414733713
0.3271606581458171
0.32716003584364683
0.3271593300548329
0.35039117467687847
0.3271593300548329
0.32715861917120104
0.3271606581458171
0.32716003584364683
0.32716074672727874
0.3271599523570031
0.3271593300548329
0.32715861917120104
0.3271760944194594
0.32715861917120104
0.32716074672727874
0.3271592414733713
0.32716003584364683
0.33096608460001575
0.32716003584364683
0.3271592414733713
0.3271606581458171
0.32716074672727874
0.3819755354331906
0.3515734961568524
0.3271592414733713
0.3271592414733713
0.3271599523570031
0.3503905523747082
0.3271606581458171
0.32716074672727874
0.32716003584364683
1.0432646482221044
0.3271606581458171
0.3271592414733713
0.3271593300548329
0.32716003584364683
0.3271592414733713
0.32715861917120104
0.36381670244953357
0.3450423302000963
0.32716003584364683
0.3303343750174649
0.3271840256543456
0.32716003584364683
0.32716003584364683
0.32716074672727874
0.32715861917120104
0.32716003584364683
0.3638159966607196
0.32716003584364683
0.3271592414733713
0.32716003584364683
0.3309667954836476
0.327161369029449
0.32715861917120104
0.32716003584364683
0.32716003584364683
0.35554342300739666
0.3271593300548329
0.32716074672727874
0.32716074672727874
0.32715861917120104
0.9880456174172543
0.3596393326227171
0.3271592414733713
0.3271593300548329
0.3643751706680644
0.32716074672727874
0.32715861917120104
0.32716003584364683
0.3271606581458171
0.32716003584364683
0.32716003584364683
0.351574290527128
0.32715861917120104
0.32715861917120104
0.32716074672727874
0.32716003584364683
0.33096608460001575
0.32716074672727874
0.32715861917120104
0.3271592414733713
0.3271593300548329
0.32716003584364683
0.32715861917120104
0.32716074672727874
0.32715861917120104
0.327161369029449
0.3271593300548329
0.32715861917120104
0.32715861917120104
0.32716003584364683
0.3271847314431595
0.3271593300548329
0.3271599523570031
0.32716074672727874
0.32716003584364683
0.3271593300548329
0.32715861917120104
0.32715861917120104
0.3271606581458171
0.3271606581458171
0.32715861917120104
0.32715861917120104
0.32716003584364683
0.6891028371335574
0.32839844149697445
0.32715861917120104
0.327161369029449
0.32715861917120104
0.32715861917120104
0.3271592414733713
0.32716003584364683
0.3271606581458171
0.32983144375944545
0.3271593300548329
0.3271599523570031
0.3271606581458171
0.32715861917120104
0.3271606581458171
0.3271592414733713
0.3271606581458171
0.32716003584364683
0.3271592414733713
0.32716003584364683
0.32771893175868205
0.3271599523570031
0.32715861917120104
0.3271606581458171
0.32716074672727874
0.33039319478416584
0.3271593300548329
0.3271606581458171
0.3271593300548329
0.32715861917120104
0.3271592414733713
0.3271606581458171
0.3271592414733713
0.3271593300548329
0.4252950663836644
0.3271599523570031
0.3515721629710503
0.32715861917120104
0.3271593300548329
0.3271599523570031
0.32716003584364683
0.32715861917120104
0.3271592414733713
0.3271606581458171
0.32716003584364683
0.3271606581458171
0.32715861917120104
0.3271592414733713
0.3271606581458171
0.3271606581458171
0.32716003584364683
0.3271606581458171
0.32983144375944545
0.3271592414733713
0.32716003584364683
0.35039117467687847
0.32715861917120104
0.32716003584364683
0.3271599523570031
0.3271592414733713
0.3271606581458171
0.32716003584364683
0.32716003584364683
0.327161369029449
0.3271592414733713
0.32716074672727874
0.3638168135685557
0.3271593300548329
0.3271592414733713
0.3271592414733713
0.32716074672727874
0.32716074672727874
0.327161369029449
0.3271606581458171
0.32716074672727874
0.32716074672727874
0.34504295250226646
0.33096608460001575
0.32716003584364683
0.32716003584364683
0.3638147745939397
0.32716003584364683
0.32715861917120104
0.3271854423267914
0.3515735796434961
1.0432843823019322
0.7419520953471963
0.327605930187086
0.3271592414733713
0.32716003584364683
0.3271606581458171
0.32716003584364683
0.32715861917120104
0.3271606581458171
0.32715861917120104
0.32716003584364683
0.3271593300548329
0.3271592414733713
0.32716074672727874
0.327161369029449
0.3271606581458171
0.3271606581458171
0.3271606581458171
0.3271592414733713
0.45055937105282845
0.3271840256543456
0.32715861917120104
0.3271606581458171
0.327161369029449
0.32715861917120104
0.32718535374532975
0.32716003584364683
0.4252638982330779
0.32716003584364683
0.327161369029449
0.3515735796434961
0.32715861917120104
0.35157278527322056
0.32716003584364683
0.327161369029449
0.32716003584364683
0.3271592414733713
0.3271599523570031
0.3271592414733713
0.3271606581458171
0.3271606581458171
0.35963851062006297
0.3312000875817169
0.327161369029449
0.32715861917120104
0.3271599523570031
0.327161369029449
0.3596394161093607
0.3271606581458171
0.3271606581458171
0.3271593300548329
0.3271593300548329
0.3271593300548329
0.32716074672727874
0.3271593300548329
0.32716003584364683
0.446884112850343
0.3515721629710503
0.3271592414733713
0.327161369029449
0.32716003584364683
0.3271599523570031
0.327161369029449
0.32716003584364683
0.3271592414733713
0.3271599523570031
0.32715861917120104
0.3271592414733713
0.3638168135685557
0.3271592414733713
0.327161369029449
0.3271592414733713
0.3271592414733713
0.32716003584364683
0.32715861917120104
0.327161369029449
0.3271606581458171
0.32716003584364683
0.32716003584364683
0.32715861917120104
0.32716074672727874
0.3271606581458171
0.32716003584364683
0.3271606581458171
0.4252982868439156
0.3271606581458171
0.3271599523570031
0.3271606581458171
0.3271606581458171
0.331199381792903
0.3819755354331906
0.3271599523570031
0.3271606581458171
0.3271606581458171
0.3271606581458171
0.32716003584364683
0.33033430025958044
0.3271606581458171
0.32716003584364683
0.32716003584364683
0.32716003584364683
0.32716074672727874
0.3456005152314996
0.3271592414733713
0.3271592414733713
0.3271592414733713
0.32716003584364683
0.32715861917120104
0.3450416244112824
0.3271606581458171
0.32716003584364683
0.32715861917120104
0.3271599523570031
0.3271606581458171
0.3271592414733713
0.3271847314431595
0.32715861917120104
0.35157287385468217
0.36381528577708777
0.32716074672727874
0.32716074672727874
0.3271592414733713
0.32717688878973494
0.3271592414733713
0.3271599523570031
0.3277183094565118
0.327161369029449
0.3271592414733713
0.3271606581458171
0.3638168135685557
0.3271592414733713
0.32716003584364683
0.32716074672727874
0.3271606581458171
0.3271592414733713
0.727899185783589
0.3271592414733713
0.32716074672727874
0.3271606581458171
0.3312000875817169
0.32716003584364683
0.32716003584364683
0.32715861917120104
0.32716003584364683
0.3271599523570031
0.32716003584364683
0.32716074672727874
0.3271599523570031
0.3271593300548329
0.3271606581458171
0.3271606581458171
0.32716074672727874
0.32716003584364683
0.3271592414733713
0.3271593300548329
0.32715861917120104
0.32716003584364683
0.32715861917120104
0.32716074672727874
0.3271592414733713
0.36381528577708777
0.32715861917120104
1.6201697862055797
0.3271593300548329
0.32716074672727874
0.3271606581458171
0.32716003584364683
0.3271599523570031
0.33119007657791893
0.3596379994369149
0.6891889896047564
0.3271606581458171
0.3271592414733713
0.32715861917120104
0.32716003584364683
0.32716003584364683
0.32716003584364683
0.9668932407653931
0.32716003584364683
0.32716003584364683
0.32716003584364683
1.746204882965355
0.3271606581458171
0.35039117467687847
0.32715861917120104
0.3503905523747082
0.3312007984653488
0.32715861917120104
0.32716003584364683
0.3271606581458171
0.32716003584364683
0.3271606581458171
0.32716003584364683
0.3271606581458171
0.33099078019952843
0.32716003584364683
0.327161369029449
0.327161369029449
0.3271592414733713
0.3271606581458171
0.3271592414733713
0.3271593300548329
0.3271606581458171
0.327161369029449
0.32716003584364683
0.32716074672727874
0.3503905523747082
0.32717759967336685
0.3271592414733713
0.3271592414733713
0.32716003584364683
0.32715861917120104
0.32716074672727874
0.3271592414733713
0.3638161912663855
0.7279004856657298
0.32716003584364683
0.3271606581458171
0.32715861917120104
0.32716003584364683
0.32716003584364683
0.35033235491017756
0.3271606581458171
1.0432646482221044
0.3271592414733713
0.3271599523570031
0.3819727855749427
0.32841529444306256
0.32716074672727874
0.3271593300548329
0.3271592414733713
0.32715861917120104
0.3271592414733713
0.32715861917120104
0.32716074672727874
0.32715861917120104
0.3271592414733713
0.32716003584364683
0.3271606581458171
0.3271606581458171
0.3271592414733713
0.3271599523570031
0.327161369029449
0.3271592414733713
0.32716074672727874
0.32716003584364683
0.3271606581458171
0.32715861917120104
0.3271592414733713
0.3276051358168104
0.3271592414733713
0.32715861917120104
0.32716003584364683
0.32716003584364683
0.32715861917120104
0.3271599523570031
0.327161369029449
0.32715861917120104
0.32716074672727874
0.6892136852042691
0.327161369029449
0.32716003584364683
0.32717547211728915
0.327161369029449
0.3271593300548329
1.6201819855371187
0.32716074672727874
0.32715861917120104
0.3271599523570031
0.32715861917120104
0.32716003584364683
0.3456020204854071
0.727899185783589
