0.3268533902680544
0.3268704000491168
0.3268704000491168
0.3268704000491168
0.3268950956486295
0.32685276796588414
0.32685276796588414
0.3268704000491168
0.3268704000491168
0.32685276796588414
0.3268526932079997
0.32685276796588414
0.3268774635653968
0.32685276796588414
0.326935586272043
0.3274314540137825
0.32687102235128707
0.3268533902680544
0.32687102235128707
0.32685276796588414
0.32685276796588414
0.32685276796588414
0.3268533902680544
0.32687102235128707
0.3268704000491168
0.3268704000491168
0.3268704000491168
0.35472295119957886
0.3268533902680544
0.32977394335496946
0.32685276796588414
0.32685276796588414
0.3268703252912324
0.32685276796588414
0.32685276796588414
0.32687102235128707
0.3278401803164842
0.32685276796588414
0.3268533902680544
0.3268950956486295
0.3268704000491168
0.32691096543041476
0.3268703252912324
0.32685276796588414
0.3268533902680544
0.32685276796588414
0.3268950956486295
0.32685276796588414
0.32685276796588414
0.3268704000491168
0.32685276796588414
0.3268703252912324
0.3268703252912324
0.3268774635653968
0.32687102235128707
0.32685276796588414
0.3268703252912324
0.32685276796588414
0.3268533902680544
0.3268774635653968
0.3268774635653968
0.3268533902680544
0.32685276796588414
0.3268774635653968
0.3268950956486295
0.3268526932079997
0.3268704000491168
0.33853762193752435
0.32685276796588414
0.32687102235128707
0.3269285975136475
0.32685276796588414
0.3268703252912324
0.3547228764416944
0.32687102235128707
0.32685276796588414
0.32685276796588414
0.7958577292025283
0.3268533902680544
0.3274314540137825
0.32685276796588414
0.3268704000491168
0.3268533902680544
0.32685276796588414
0.3268533902680544
0.32685276796588414
0.32685276796588414
0.3268950956486295
0.32685276796588414
0.3268533902680544
0.32687102235128707
0.3274314540137825
0.5239048928593155
0.3268704000491168
0.32689571795079975
0.3268704000491168
0.3278408773765389
0.3268703252912324
0.7960077396963502
0.32685276796588414
0.32685276796588414
0.3268533902680544
0.32685276796588414
0.3268704000491168
0.3268704000491168
0.32685276796588414
0.3268526932079997
0.32685276796588414
1.4414396912489809
0.32685276796588414
0.32687102235128707
0.338154053161598
0.3268703252912324
0.32685276796588414
0.32930766480889695
0.32844070092620714
0.32685276796588414
0.3268704000491168
0.32685276796588414
0.3268704000491168
0.3268704000491168
0.3268526932079997
0.3268533902680544
0.32685276796588414
0.32687808586756706
0.32687102235128707
0.3268704000491168
0.32685276796588414
0.3269532931131602
0.32685276796588414
0.32685276796588414
0.32685276796588414
0.32685276796588414
0.3268533902680544
0.3268533902680544
0.32689571795079975
0.3268704000491168
0.3268704000491168
0.3268533902680544
0.32685276796588414
0.3268533902680544
0.3268533902680544
1.4414514960420408
0.32685276796588414
0.3268704000491168
0.32685276796588414
0.32685276796588414
0.32685276796588414
0.3268533902680544
0.32685276796588414
0.32685276796588414
0.3278585094597716
0.32685276796588414
0.32685276796588414
0.3268533902680544
0.3385375471796399
0.3547228764416944
0.32685276796588414
0.3268526932079997
0.3268704000491168
0.32685276796588414
0.3268533902680544
0.32687102235128707
0.32685276796588414
0.3268704000491168
0.33914161502796697
0.3268704000491168
0.32685276796588414
0.3471101896982126
0.32685276796588414
0.32685276796588414
0.3268533902680544
0.32687808586756706
0.3268774635653968
0.3268533902680544
0.3268774635653968
0.3268533902680544
0.3268704000491168
0.3268704000491168
0.32685276796588414
0.3268709475934026
0.32685276796588414
0.3268533902680544
0.3268704000491168
0.32687808586756706
0.3268704000491168
0.32687102235128707
0.32685276796588414
0.3268533902680544
0.3268704000491168
0.32687102235128707
0.32685276796588414
0.3268704000491168
0.3268709475934026
0.32687808586756706
0.3471101896982126
0.32685276796588414
0.32687808586756706
0.3268533902680544
0.3268703252912324
0.3268704000491168
0.3268704000491168
0.32685276796588414
0.32685276796588414
0.3646668650167977
0.32685276796588414
0.3268703252912324
0.3268533902680544
0.32685331551016994
0.3268533902680544
0.3269285975136475
0.32685276796588414
0.32687102235128707
0.3268533902680544
0.3268704000491168
0.32685276796588414
0.3268704000491168
0.3268533902680544
0.3268704000491168
0.3268704000491168
0.32685276796588414
0.44687947062282807
0.32743844277217804
0.32687808586756706
0.32687102235128707
0.3268533902680544
0.3268774635653968
0.3268704000491168
0.3278408773765389
0.32687102235128707
0.32687808586756706
0.32685276796588414
0.3268704000491168
0.32685276796588414
0.3268704000491168
0.3268704000491168
0.3268950956486295
0.3268703252912324
0.3547412055849818
0.3268704000491168
0.3268704000491168
0.3268533902680544
0.32685276796588414
0.32685276796588414
0.3268773888075124
0.32685276796588414
0.3268703252912324
1.5571373730854747
0.32794078022164475
0.7960077396963502
0.328957509480115
0.3268703252912324
0.32685276796588414
0.3268950956486295
0.32685276796588414
0.3268526932079997
0.3268533902680544
0.32689571795079975
0.3268704000491168
0.3268526932079997
0.3268703252912324
0.32687102235128707
0.32785788715760134
0.3268774635653968
0.3268526932079997
0.3268780111096826
0.32685276796588414
0.3268704000491168
0.3268533902680544
0.3268704000491168
0.32685276796588414
0.32685276796588414
0.3268533902680544
0.32685276796588414
0.32685276796588414
0.32689571795079975
0.3268704000491168
0.32687102235128707
0.3298156487355446
0.3268526932079997
0.32860638008537657
0.3268704000491168
0.32685276796588414
0.3268780111096826
0.32685331551016994
0.3268704000491168
0.3268526932079997
0.3268533902680544
0.32685276796588414
0.32687102235128707
0.32685276796588414
0.32685276796588414
0.32685276796588414
0.3268704000491168
0.32693566102992744
0.3268533902680544
0.34882634675684154
0.3268526932079997
0.32685276796588414
0.32687102235128707
0.3268704000491168
0.32687102235128707
0.3268704000491168
0.32685331551016994
0.32687102235128707
0.3268774635653968
0.3297733210527992
0.32687808586756706
0.32685276796588414
0.3278585094597716
0.32685276796588414
0.3268533902680544
0.32685276796588414
0.3268533902680544
0.32685276796588414
0.3268704000491168
0.32687102235128707
0.3292347827486515
0.32685276796588414
0.3268526932079997
0.3268709475934026
0.32687102235128707
0.3268704000491168
0.32685276796588414
0.3268704000491168
0.32685276796588414
0.3547228764416944
0.3268704000491168
0.3268704000491168
0.3268526932079997
0.32685276796588414
0.32687102235128707
0.32685276796588414
0.32687102235128707
0.32685276796588414
0.3268704000491168
0.3285887480021438
0.3268533902680544
0.338538912257817
0.3268533902680544
0.32685276796588414
0.32685276796588414
0.3268704000491168
0.3268533902680544
0.3268704000491168
0.3268704000491168
0.32687102235128707
0.32687102235128707
0.3268950956486295
0.32685276796588414
0.3268533902680544
0.32689571795079975
0.32685276796588414
0.3268704000491168
0.32687808586756706
0.32685276796588414
0.3268704000491168
0.3268704000491168
0.3268774635653968
0.32685276796588414
0.32685276796588414
0.3268704000491168
0.3268704000491168
0.32687102235128707
0.32685276796588414
0.3268704000491168
0.7961551507392239
0.3268703252912324
0.3268704000491168
0.3465744536352299
0.3268526932079997
0.3268704000491168
0.32685331551016994
0.3268533902680544
0.32685276796588414
0.32685276796588414
0.32685276796588414
0.4243083487368864
0.32977394335496946
0.32685276796588414
0.32687102235128707
0.32685276796588414
0.3268533902680544
0.3268533902680544
0.3268704000491168
0.32685276796588414
0.3292494673443662
0.32685276796588414
0.32685276796588414
0.32687102235128707
0.32685276796588414
0.32863107568488925
0.32687808586756706
0.32685276796588414
0.3268704000491168
0.3268773888075124
0.32685276796588414
0.32685276796588414
0.32685276796588414
0.32685276796588414
0.32685276796588414
0.3268773888075124
0.32685276796588414
0.3268533902680544
0.32685276796588414
0.3268704000491168
0.3268703252912324
0.32689571795079975
0.32687808586756706
0.3268950956486295
0.3268704000491168
0.32685276796588414
0.3268533902680544
0.32685276796588414
0.32685276796588414
0.32685276796588414
0.32691096543041476
0.32685276796588414
0.32687102235128707
0.32685276796588414
1.5579059221511629
0.32685276796588414
0.32685276796588414
0.3268704000491168
0.326911587732585
0.3268526932079997
0.32685276796588414
0.3268533902680544
0.7957641285179022
0.3268533902680544
0.32687808586756706
0.3268704000491168
0.3268704000491168
0.32687102235128707
0.7961035873395296
0.35472295119957886
1.4414514960420408
0.32687102235128707
0.3269108906725303
0.3547482691012618
0.3268704000491168
0.32685276796588414
0.34654913573354695
0.3278408773765389
0.32687102235128707
0.3268533902680544
0.32685276796588414
0.3268950956486295
0.3268956431929153
0.3268774635653968
0.3268526932079997
0.3268533902680544
0.3268774635653968
0.3268704000491168
0.3268533902680544
0.3268703252912324
0.3268704000491168
0.34664958612293856
0.35474058328281155
0.3297733210527992
0.32685276796588414
0.3268704000491168
0.3268533902680544
0.32687102235128707
0.3268704000491168
0.3268526932079997
0.8912240674011968
0.32687102235128707
0.32685276796588414
0.32687102235128707
0.9511221514600581
0.3268533902680544
0.32687102235128707
0.32685276796588414
0.3268704000491168
0.3268704000491168
0.32685276796588414
0.3268526932079997
0.33813072264026245
0.32685276796588414
0.3268704000491168
0.3268704000491168
0.3268774635653968
0.3268533902680544
0.3268774635653968
0.3268704000491168
0.3268526932079997
1.5571373730854747
0.32685276796588414
0.3268704000491168
0.32685276796588414
0.32685331551016994
0.32685276796588414
0.32687808586756706
0.3268533902680544
0.32685276796588414
0.3268526932079997
0.32685276796588414
0.3268950956486295
0.32685276796588414
0.32687102235128707
0.34654968327783275
0.32687102235128707
0.3268533902680544
0.3268704000491168
0.32685276796588414
0.32685276796588414
0.3268704000491168
0.3268526932079997
0.3268704000491168
0.35474764679909154
0.3268704000491168
0.32691096543041476
0.3268704000491168
0.3268533902680544
0.3269108906725303
0.3268526932079997
0.3268774635653968
0.32687808586756706
0.3268526932079997
0.32685276796588414
0.3268704000491168
0.3268533902680544
0.32685276796588414
0.3268773888075124
0.326911587732585
1.4414510735002701
0.3268533902680544
0.32685276796588414
0.3268533902680544
0.3268533902680544
0.3268704000491168
0.3268704000491168
0.3268774635653968
0.32685276796588414
0.3471101896982126
0.32689571795079975
0.32685276796588414
0.32687808586756706
0.3268703252912324
0.32685276796588414
0.3268704000491168
0.329773868597085
0.32685276796588414
0.3268704000491168
0.3268533902680544
0.3274138219305498
0.3268526932079997
0.3268704000491168
0.32685276796588414
0.3268533902680544
0.3268704000491168
0.3268774635653968
0.3268950956486295
0.32687102235128707
0.3268709475934026
0.32687808586756706
0.3268704000491168
0.32685276796588414
0.3283978191948042
0.3268526932079997
0.33853762193752435
0.32687808586756706
0.32685276796588414
0.3268704000491168
0.32687102235128707
0.32685276796588414
0.3268533902680544
0.32685276796588414
0.32691096543041476
0.3268780111096826
0.32685276796588414
0.32687102235128707
0.3268704000491168
0.32685276796588414
0.32685276796588414
0.32685276796588414
0.3284153830245242
0.35474058328281155
0.32689502089074507
0.32861344360165656
0.3268950956486295
0.3385395345599872
0.32685276796588414
0.32685276796588414
0.3268704000491168
0.3268774635653968
0.32685276796588414
0.32685276796588414
0.3268704000491168
0.32685276796588414
0.32685276796588414
0.32685276796588414
0.3268950956486295
0.3268533902680544
0.3268533902680544
0.3268533902680544
0.32685276796588414
0.3268703252912324
0.32685276796588414
0.32685276796588414
0.32685276796588414
0.32685276796588414
0.3268704000491168
0.3269108906725303
0.3268704000491168
0.3268950956486295
0.3268704000491168
1.4414405447400374
0.32685276796588414
0.32685276796588414
0.32685276796588414
0.3547475720412071
0.3268704000491168
0.3381294323199697
0.32685276796588414
0.32685276796588414
0.32687102235128707
0.32685276796588414
0.3268533902680544
0.3268526932079997
0.3268526932079997
0.32685276796588414
0.3268533902680544
0.3268704000491168
0.3385382442396946
0.3268704000491168
0.3268950956486295
0.3268950956486295
0.3268533902680544
0.32685276796588414
0.3268950956486295
0.3268704000491168
0.3268533902680544
0.3268709475934026
0.32685276796588414
0.3268704000491168
0.32685331551016994
0.3268533902680544
0.3268533902680544
0.3268533902680544
0.3268533902680544
0.32685276796588414
0.32685276796588414
0.3268533902680544
0.32685276796588414
0.32687808586756706
0.3268704000491168
0.32685276796588414
0.3268774635653968
0.3465497580357172
0.3268704000491168
0.3268704000491168
0.32685276796588414
0.32687102235128707
0.32685276796588414
0.3268533902680544
0.32685276796588414
0.3268533902680544
0.3268704000491168
0.3268704000491168
0.33821232538401313
0.3297909531360319
0.3268704000491168
0.32685276796588414
0.32685276796588414
0.3268533902680544
0.3268704000491168
0.3667754145579511
0.326911587732585
0.32685276796588414
0.3268774635653968
0.3268780111096826
0.32687102235128707
0.3268526932079997
0.3268950956486295
0.32685276796588414
0.35472349874386466
0.32685276796588414
0.32687102235128707
0.3269108906725303
0.32685331551016994
0.32687808586756706
0.32685276796588414
0.32685276796588414
0.3268704000491168
0.3268704000491168
0.3547235735017491
0.3268704000491168
0.32685276796588414
0.34654913573354695
0.3268533902680544
0.32687102235128707
0.3268533902680544
0.3268774635653968
0.32685276796588414
0.32685276796588414
0.32687102235128707
0.3547228764416944
0.32687102235128707
0.32685276796588414
0.3268704000491168
0.32685276796588414
0.3268704000491168
0.3268703252912324
0.3268704000491168
0.32685276796588414
0.34654913573354695
0.32685276796588414
0.3268704000491168
0.5246849249283771
0.32685276796588414
0.32685276796588414
0.32685276796588414
0.32685276796588414
0.3268704000491168
0.32685276796588414
0.32685276796588414
0.32687808586756706
0.3268704000491168
0.3268533902680544
0.3268704000491168
0.32685276796588414
0.32685276796588414
0.3268704000491168
0.32685276796588414
0.32687102235128707
0.3268704000491168
0.32687808586756706
0.32687102235128707
0.32685331551016994
0.3268704000491168
0.32685276796588414
0.3268704000491168
0.3268533902680544
0.32979087837814747
0.3268774635653968
0.3268704000491168
0.3268704000491168
0.3268704000491168
0.3268526932079997
0.32685331551016994
0.32685276796588414
0.32685276796588414
0.3268526932079997
0.3268774635653968
0.32685276796588414
0.3268526932079997
0.3268704000491168
0.3268774635653968
0.3268526932079997
0.32685276796588414
0.32687102235128707
0.3268774635653968
0.3268704000491168
0.3268704000491168
0.3268709475934026
0.32867926214562193
0.32687102235128707
0.32687102235128707
0.3268526932079997
0.3268704000491168
0.32685276796588414
0.3268704000491168
0.3278408773765389
0.3547235735017491
0.3268956431929153
0.3268704000491168
0.32685276796588414
0.32685276796588414
0.3268950956486295
0.3268533902680544
0.32685276796588414
0.3268533902680544
1.419643151367372
0.3268533902680544
0.32687102235128707
0.3268533902680544
0.3268533902680544
0.3268704000491168
0.3268704000491168
0.3268704000491168
0.32685276796588414
0.32685276796588414
0.3268526932079997
0.3268533902680544
0.32930766480889695
0.3268774635653968
0.32687102235128707
0.32789907484106956
0.32687808586756706
0.3268533902680544
0.32685276796588414
0.3268533902680544
0.32685276796588414
0.3268704000491168
0.3292524148318842
0.32687102235128707
0.32687102235128707
0.3269108906725303
0.3268704000491168
0.3268704000491168
0.32685276796588414
0.32687102235128707
0.3268704000491168
1.4414510735002701
0.32685276796588414
0.32685276796588414
0.3268533902680544
0.3268533902680544
0.3268704000491168
0.3268526932079997
0.32685276796588414
0.32685276796588414
0.3268704000491168
0.3268533902680544
0.3268774635653968
0.32685276796588414
0.3268533902680544
0.3268704000491168
0.3268704000491168
0.3268533902680544
0.32687102235128707
0.3268526932079997
0.32685276796588414
0.3268533902680544
0.3268704000491168
0.32685276796588414
0.32685276796588414
0.32685276796588414
0.3268704000491168
0.32685276796588414
0.32685276796588414
0.32685276796588414
0.3268704000491168
0.3268704000491168
0.32687808586756706
0.3268780111096826
0.3268703252912324
0.3268533902680544
0.32685276796588414
0.3268703252912324
0.32685276796588414
0.3274138219305498
0.327923148138412
0.3268704000491168
0.32687102235128707
0.3268703252912324
0.32687808586756706
0.32839915238060635
0.3547228764416944
0.32687102235128707
0.3268703252912324
0.32685276796588414
0.3268526932079997
0.5670101638375895
0.338538912257817
0.32685276796588414
0.3268533902680544
0.32685276796588414
0.32687102235128707
0.3268950956486295
0.32685276796588414
0.3268709475934026
0.3268704000491168
0.32687102235128707
0.3268704000491168
0.32687102235128707
0.32689571795079975
0.5535693516042208
0.3268950956486295
0.32685276796588414
0.33813072264026245
0.3268704000491168
0.32685276796588414
0.3268704000491168
0.32685276796588414
0.3268704000491168
0.32685276796588414
0.32685276796588414
0.3268704000491168
0.32685276796588414
0.32685276796588414
0.3268774635653968
0.32685276796588414
0.32685276796588414
0.32685276796588414
0.32687808586756706
0.32685276796588414
0.3268950956486295
0.3268774635653968
0.3268533902680544
0.3268704000491168
0.3268950956486295
0.32685276796588414
0.32685276796588414
0.32685331551016994
0.32685276796588414
0.32685331551016994
0.32689571795079975
0.3268526932079997
0.32685276796588414
0.3268704000491168
0.3268704000491168
0.32685276796588414
0.32685276796588414
0.3268704000491168
0.32689502089074507
0.32685276796588414
0.3268704000491168
0.32685276796588414
0.32685276796588414
0.32685276796588414
0.3268704000491168
0.32685276796588414
0.32685276796588414
0.3268533902680544
0.3268774635653968
0.32685276796588414
0.32685276796588414
0.32685276796588414
0.3268533902680544
0.3268533902680544
0.3268533902680544
0.3268533902680544
0.3268950956486295
0.3268950956486295
0.32685276796588414
0.32685276796588414
0.32687102235128707
0.3269539154153305
0.32685276796588414
0.35472295119957886
0.7957641285179022
0.3268533902680544
0.35476527888232423
0.3268526932079997
0.32685276796588414
0.32687102235128707
0.3268704000491168
0.3268704000491168
0.3268704000491168
0.32685276796588414
0.32685276796588414
0.32687102235128707
0.32685276796588414
0.34654913573354695
0.32685276796588414
0.3268709475934026
0.32689571795079975
0.3268703252912324
0.32685276796588414
0.32685276796588414
0.32687102235128707
0.32685276796588414
0.3268704000491168
1.4414405447400374
0.32685276796588414
0.32685276796588414
0.3268526932079997
0.3268774635653968
0.32685276796588414
0.3471278217814453
0.3268704000491168
0.32685276796588414
0.3268526932079997
0.4468742953236809
0.5535692768463364
0.3268533902680544
0.7958331083609
1.4414405447400374
0.3268526932079997
0.32685276796588414
0.32687102235128707
0.32687102235128707
0.32685276796588414
0.32685276796588414
0.32691096543041476
0.32685276796588414
0.3268704000491168
0.32685276796588414
0.32859636908157863
0.32685276796588414
1.4414405447400374
0.32685276796588414
0.3268533902680544
0.32685331551016994
0.3268704000491168
0.32685276796588414
0.32687808586756706
0.32685276796588414
0.3268704000491168
0.32685276796588414
0.3268704000491168
0.3268704000491168
0.32687808586756706
0.32685276796588414
0.3268704000491168
0.32685276796588414
0.32687102235128707
