0.3271606581458171
0.32715861917120104
0.3271593300548329
0.327161369029449
0.32716003584364683
0.3271606581458171
0.32716074672727874
0.3271606581458171
0.3271606581458171
0.32716003584364683
0.38197340787711287
0.35157278527322056
0.32716003584364683
0.3638174133331655
0.3297732462949148
0.32716003584364683
0.3271592414733713
0.32715861917120104
0.3271593300548329
0.3309900744107145
0.32716074672727874
0.3271592414733713
0.32716003584364683
0.32717751109190524
0.3271606581458171
0.32715861917120104
0.3271592414733713
0.3271606581458171
0.32715861917120104
0.32716074672727874
0.3596387103205468
0.32716074672727874
0.3271599523570031
0.3271606581458171
0.32715861917120104
0.32716074672727874
0.32716074672727874
0.3271592414733713
0.3271593300548329
0.32716003584364683
0.6891544005332516
0.3271593300548329
0.3271592414733713
0.35157287385468217
1.0432831611620674
0.32715861917120104
0.32715861917120104
0.3297732462949148
0.32716003584364683
0.327161369029449
0.32715861917120104
0.3271592414733713
0.32716074672727874
0.3271593300548329
0.3271606581458171
0.32715861917120104
0.32839923586725006
0.32716074672727874
1.0432646482221044
0.3271606581458171
0.3271593300548329
0.3271606581458171
0.32715861917120104
0.3271606581458171
0.32716074672727874
0.34560130960177515
0.32716003584364683
0.3638161912663855
0.32716003584364683
0.33096466792756996
0.3271593300548329
0.327161369029449
0.35039117467687847
0.3271592414733713
0.3271592414733713
0.327161369029449
0.3271833147707137
0.32715861917120104
0.33096608460001575
0.3271606581458171
0.32715861917120104
0.4252638982330779
0.3271599523570031
0.3271593300548329
0.3271606581458171
0.3271606581458171
0.32716003584364683
0.3271592414733713
0.3283985300784361
0.32715861917120104
0.3311886599054731
0.3271592414733713
1.6201710081360945
0.32716003584364683
0.3271599523570031
0.6891882787211245
0.3271606581458171
0.32715861917120104
0.3297732462949148
0.3271606581458171
0.3271599523570031
0.327161369029449
0.3271593300548329
0.32715861917120104
0.3271606581458171
0.32715861917120104
0.3271599523570031
0.3271592414733713
0.32715861917120104
0.3271593300548329
0.32716003584364683
0.32716003584364683
0.32716003584364683
0.32716003584364683
0.3600852218713382
0.3311907874615508
0.3271599523570031
0.3271593300548329
0.32715861917120104
0.3271606581458171
0.32716074672727874
0.3271599523570031
0.3271599523570031
0.3271606581458171
0.32716074672727874
0.3271593300548329
0.32716003584364683
0.327161369029449
0.3271592414733713
0.3271606581458171
0.3271592414733713
0.32715861917120104
0.3271592414733713
0.3271592414733713
0.32715861917120104
0.327161369029449
0.32716003584364683
0.3271592414733713
0.3638147745939397
0.3271606581458171
0.32716003584364683
0.32716003584364683
0.32715861917120104
0.3271592414733713
0.3515721629710503
0.32716003584364683
0.32715861917120104
0.3271592414733713
0.6891297049337389
0.32715861917120104
0.6891882787211245
0.3304178156257941
0.3271606581458171
0.3271592414733713
0.3271593300548329
0.3271592414733713
0.7279023148182826
0.32715861917120104
0.32716003584364683
0.32716003584364683
0.327161369029449
0.32716003584364683
0.3271599523570031
0.32716003584364683
0.32716074672727874
1.784258589128071
0.32716003584364683
0.3271592414733713
0.32716003584364683
0.3271593300548329
0.3271606581458171
0.32716003584364683
0.32716074672727874
0.327161369029449
0.3271606581458171
0.42526782957696097
0.32716003584364683
0.3271606581458171
0.32715861917120104
0.3271592414733713
0.3271606581458171
0.327161369029449
0.3271592414733713
0.3271592414733713
0.3271592414733713
0.3271606581458171
0.32718393707288396
0.3298320660616157
0.3271606581458171
0.32716003584364683
0.32716074672727874
0.327161369029449
0.32716003584364683
0.3271592414733713
0.32717618300092105
0.327161369029449
0.6891889896047564
0.3271606581458171
0.3271599523570031
0.3271847314431595
0.6862300887218885
0.32716003584364683
0.32716003584364683
0.4252943555000325
0.4252638982330779
0.6892129743206372
0.32716003584364683
0.32717751109190524
0.3271592414733713
1.0432910819298926
0.3271599523570031
0.32716003584364683
0.32715861917120104
0.329773868597085
0.32716003584364683
0.3276052193034541
0.3271593300548329
0.3271599523570031
0.3271592414733713
0.32716003584364683
0.327161369029449
0.32715861917120104
0.32715861917120104
0.3271592414733713
0.3271606581458171
0.32715861917120104
0.32716003584364683
0.32716074672727874
0.32716003584364683
0.32716074672727874
0.32716003584364683
0.32716003584364683
0.35157287385468217
0.34504153582982067
0.3271593300548329
0.3271606581458171
1.6201697862055797
0.32716003584364683
0.32716003584364683
0.32715861917120104
0.3271606581458171
0.3297732462949148
0.32715861917120104
0.3271599523570031
0.32716003584364683
0.3271593300548329
0.32716074672727874
0.32715861917120104
0.32716003584364683
0.32715861917120104
0.3596394161093607
0.3271606581458171
0.32715861917120104
0.6891882787211245
0.3271592414733713
0.3298315185173299
1.0432910819298926
0.3271592414733713
0.3271593300548329
0.3309753898149998
0.3271606581458171
0.32716074672727874
0.32716003584364683
0.33096608460001575
0.3271593300548329
0.32715861917120104
0.32715861917120104
0.3271606581458171
1.6201710081360945
0.33096608460001575
0.3271592414733713
0.3271592414733713
0.3271606581458171
0.32716003584364683
0.32715861917120104
0.327161369029449
0.3271606581458171
0.4252943555000325
0.3271599523570031
0.3271606581458171
0.32715861917120104
0.689161410920943
0.68912753273307
0.32715861917120104
0.34559989292932936
0.32715861917120104
0.327161369029449
1.0432910819298926
0.32715861917120104
0.32716003584364683
0.3271606581458171
0.32716003584364683
0.3819755354331906
0.32716003584364683
0.327161369029449
0.32716003584364683
0.3271606581458171
0.3515721629710503
0.32716003584364683
1.0432658693619694
0.3271606581458171
0.689161410920943
0.3271606581458171
0.32716003584364683
0.32716074672727874
0.5624153602840742
0.32715861917120104
0.32839985816942024
0.3271592414733713
0.32716074672727874
0.32715861917120104
0.32716003584364683
0.32715861917120104
0.32716074672727874
0.32715861917120104
0.32716074672727874
0.32715861917120104
0.36381528577708777
0.3271592414733713
0.32716003584364683
0.3271599523570031
0.32716074672727874
0.3271592414733713
0.3271592414733713
0.327161369029449
0.33276780247281323
0.32715861917120104
0.32715861917120104
0.3271593300548329
0.3271599523570031
0.32716074672727874
0.32716003584364683
0.32716003584364683
0.32715861917120104
0.32715861917120104
0.32715861917120104
0.32715861917120104
0.32716003584364683
0.327161369029449
0.32716074672727874
0.3271606581458171
0.3271592414733713
0.32716003584364683
0.3720271838236573
0.327161369029449
0.32715861917120104
0.32716003584364683
0.32715861917120104
0.32715861917120104
0.32715861917120104
0.3271606581458171
0.32716003584364683
0.32716074672727874
0.33098936352708264
0.327161369029449
0.3271606581458171
0.5624154350419588
0.32716003584364683
0.36381661896288986
0.3271592414733713
0.3271847314431595
0.3271606581458171
0.32716003584364683
0.33096466792756996
0.327161369029449
0.32716003584364683
0.32716003584364683
0.3271592414733713
0.32716003584364683
0.32715861917120104
0.3271833147707137
0.327161369029449
0.3271593300548329
0.3271606581458171
0.3271592414733713
0.32715861917120104
1.6201701943053584
0.3271606581458171
0.32716003584364683
0.3271606581458171
0.3271606581458171
0.3271592414733713
0.689161410920943
0.327161369029449
0.3271593300548329
0.3271592414733713
0.3271593300548329
0.32716074672727874
0.327161369029449
0.3271606581458171
0.32716003584364683
0.3271592414733713
0.3271782219755371
0.32716003584364683
0.32715861917120104
0.32715861917120104
0.3271592414733713
0.327161369029449
0.32715861917120104
0.32715861917120104
0.36381528577708777
0.327161369029449
0.32716003584364683
0.32715861917120104
0.3271599523570031
0.32715861917120104
0.32716074672727874
0.3271599523570031
0.32716003584364683
0.3271592414733713
0.3271606581458171
0.32716074672727874
0.32716003584364683
0.9880468385571193
0.3271599523570031
0.3271593300548329
0.32715861917120104
0.3271599523570031
0.32715861917120104
0.3271606581458171
0.3271847314431595
0.3450430410837282
0.3271592414733713
0.3271592414733713
0.3271606581458171
0.32715861917120104
0.3271593300548329
0.32716003584364683
0.32716003584364683
0.3271593300548329
0.32715861917120104
0.32716074672727874
0.3638406036787707
0.32716003584364683
0.3638161912663855
0.3271606581458171
0.3271606581458171
0.32716003584364683
0.3271606581458171
0.3283978191948042
0.3271592414733713
0.32715861917120104
0.3271606581458171
0.32715861917120104
0.3271593300548329
0.3271592414733713
0.3271592414733713
0.32715861917120104
0.3309760956038137
0.32716003584364683
0.32715861917120104
0.32716074672727874
0.32716074672727874
0.3271593300548329
0.32715861917120104
0.3638161077797418
0.32716003584364683
0.3271592414733713
0.3271599523570031
0.3312000875817169
0.3271592414733713
0.32716074672727874
0.32715861917120104
1.0432646482221044
0.3271606581458171
0.32716003584364683
0.6891028371335574
0.32716074672727874
0.3271606581458171
0.32716003584364683
0.3271606581458171
0.3271599523570031
0.32716003584364683
0.327605930187086
0.6891297049337389
0.3271592414733713
0.32716003584364683
0.327161369029449
0.32716003584364683
0.327161369029449
0.32715861917120104
0.32715861917120104
0.32716003584364683
0.32715861917120104
0.32716074672727874
0.3271606581458171
0.32716003584364683
0.32716074672727874
0.3271592414733713
0.32716074672727874
0.3596386217390852
0.327161369029449
0.32716003584364683
0.3271592414733713
0.3271599523570031
0.3271593300548329
0.3271593300548329
0.32716074672727874
0.32716003584364683
0.32715861917120104
0.3271593300548329
0.7412731569697617
0.32715861917120104
1.6201701943053584
0.9880720511250425
0.32715861917120104
0.330991531877456
0.3271599523570031
0.36381590807925795
0.32715861917120104
0.32716003584364683
0.32716003584364683
0.3271606581458171
0.32716003584364683
0.3311907874615508
0.3271592414733713
0.32715861917120104
0.327161369029449
0.32716074672727874
0.3271593300548329
0.3271593300548329
0.3271606581458171
0.32716003584364683
0.3271593300548329
0.32716003584364683
0.3271606581458171
0.33096466792756996
0.32716003584364683
0.32716003584364683
0.32717688878973494
0.3271593300548329
0.3271599523570031
0.3271592414733713
0.32771893175868205
0.32716074672727874
0.34504295250226646
0.327161369029449
0.3312000875817169
0.32716003584364683
0.3271599523570031
0.3271593300548329
0.32715861917120104
0.3515735796434961
0.32716074672727874
0.6745341008924778
0.32715861917120104
0.3271847314431595
0.3297732462949148
0.3271606581458171
0.3271606581458171
0.3271592414733713
0.3271599523570031
0.32716003584364683
0.3271593300548329
0.32716074672727874
0.32716074672727874
0.3271606581458171
0.32716003584364683
0.3495418041747629
0.3271592414733713
0.32716074672727874
0.3271606581458171
0.3271592414733713
0.3450436633858984
0.3271593300548329
0.32716003584364683
0.32716003584364683
0.3271606581458171
0.3271592414733713
0.32715861917120104
0.4505554397089454
0.3271592414733713
0.3271599523570031
0.3309753898149998
0.3271592414733713
0.3309746789313679
0.32715861917120104
0.3271606581458171
0.3271592414733713
0.3271606581458171
0.3271606581458171
0.32715861917120104
0.32716074672727874
0.32716003584364683
0.33081893086792996
0.3271592414733713
0.329773868597085
0.4252950663836644
0.32716003584364683
0.327161369029449
0.32715861917120104
0.32716074672727874
0.32716003584364683
0.32715861917120104
0.32716074672727874
0.32716003584364683
0.32716074672727874
0.32715861917120104
0.3271599523570031
0.32715861917120104
0.35157278527322056
1.619733088361327
0.3271592414733713
0.32715861917120104
0.3271592414733713
0.3271593300548329
0.35157278527322056
0.32841529444306256
0.3271593300548329
0.3271606581458171
0.3642625967929727
0.32715861917120104
0.32716003584364683
0.32715861917120104
0.3271606581458171
0.32760451351464015
0.3271592414733713
0.33100079120332637
0.3450430410837282
0.3271592414733713
0.3271592414733713
1.6201701943053584
0.33119007657791893
0.32715861917120104
0.32716003584364683
0.327161369029449
0.32715861917120104
0.33098936352708264
0.3271592414733713
0.3271606581458171
0.32716074672727874
0.3271593300548329
0.32716003584364683
0.35964012699299264
0.3271606581458171
0.329773868597085
0.3271606581458171
0.32716074672727874
0.327161369029449
0.32715861917120104
0.3271592414733713
0.36381539689610987
0.3271606581458171
0.3271592414733713
0.32715861917120104
0.3271599523570031
0.3271592414733713
0.35964012699299264
0.3271592414733713
0.3271592414733713
0.32716003584364683
0.32716003584364683
0.32716003584364683
0.3271593300548329
0.3271606581458171
0.329773868597085
0.32716074672727874
0.3638168135685557
0.3515735796434961
0.32983214081950013
0.32717618300092105
0.32716074672727874
0.3309653788112018
0.32716003584364683
0.32716003584364683
0.32716003584364683
0.327161369029449
0.32715861917120104
0.32715861917120104
0.3271593300548329
0.35157278527322056
0.32716003584364683
0.3271592414733713
0.32715861917120104
0.32715861917120104
0.32716074672727874
0.3271592414733713
0.32715861917120104
0.32716003584364683
0.689161410920943
0.32716003584364683
0.32715861917120104
0.32716074672727874
0.32715861917120104
0.32716003584364683
0.32716003584364683
0.3271592414733713
0.3271593300548329
0.3271599523570031
0.3271592414733713
0.32715861917120104
0.3271606581458171
0.3271606581458171
0.32716074672727874
0.32716003584364683
0.32716003584364683
0.32716003584364683
0.3819734964585746
0.32716003584364683
0.32716003584364683
0.32716003584364683
0.32716003584364683
0.3271847314431595
0.3271593300548329
0.32715861917120104
0.32716003584364683
0.32716003584364683
0.32716074672727874
0.32718535374532975
0.32715861917120104
0.3271592414733713
0.3271592414733713
0.3271606581458171
0.3271592414733713
0.3271592414733713
0.32716003584364683
0.3271592414733713
0.327161369029449
0.3271592414733713
0.3271606581458171
0.32716003584364683
0.32715861917120104
0.32715861917120104
0.32716003584364683
0.32716074672727874
0.32716074672727874
0.32716003584364683
0.32716003584364683
0.32716003584364683
0.32715861917120104
0.32771901524532576
0.4252646091167098
0.3271606581458171
0.3271593300548329
0.32716003584364683
0.32716003584364683
0.34504153582982067
0.351574290527128
0.3271592414733713
0.32716003584364683
0.32715861917120104
0.3271592414733713
0.3271593300548329
0.32716074672727874
0.32716003584364683
0.3271606581458171
0.6891028371335574
1.0432646482221044
0.3596394161093607
0.3271592414733713
0.3271606581458171
0.327161369029449
0.32715861917120104
0.32716003584364683
0.32715861917120104
0.35157278527322056
0.5297646690067014
0.3515749128292982
1.620181145607362
0.327161369029449
0.3271592414733713
0.3271606581458171
0.3271593300548329
0.3271592414733713
0.32716003584364683
0.327161369029449
0.32715861917120104
0.32716003584364683
0.3271593300548329
1.620181145607362
0.32715861917120104
0.3271599523570031
0.5298714133537277
0.32716074672727874
0.32716003584364683
0.32715861917120104
0.32715861917120104
0.32715861917120104
0.32717618300092105
0.3271593300548329
0.3271592414733713
0.3271592414733713
0.3271606581458171
0.3271592414733713
0.3638161912663855
0.3515749128292982
0.3271592414733713
0.32716003584364683
0.32715861917120104
0.32715861917120104
0.3271599523570031
0.32715861917120104
0.32715861917120104
0.32716003584364683
0.3271599523570031
0.3311886599054731
0.3271782219755371
0.32716003584364683
0.32716074672727874
0.327161369029449
0.327161369029449
0.3271606581458171
0.3271592414733713
0.32716074672727874
0.32716074672727874
0.32716003584364683
0.32715861917120104
0.32715861917120104
0.3271592414733713
0.32715861917120104
0.32716074672727874
0.32716003584364683
0.3271606581458171
0.3271599523570031
0.3271592414733713
0.32716003584364683
0.3271592414733713
0.32716003584364683
0.32715861917120104
0.3297733210527992
0.3638161912663855
0.7278997937962769
0.3271592414733713
0.7546727985940599
0.3271593300548329
0.3309746789313679
0.3515734961568524
0.327161369029449
0.32715861917120104
0.3309746789313679
0.32715861917120104
0.32716003584364683
0.3271592414733713
0.327161369029449
0.3271593300548329
0.3271606581458171
0.32716003584364683
0.3271593300548329
0.32716074672727874
0.3271847314431595
0.32716074672727874
0.32715861917120104
0.3271606581458171
0.32716003584364683
0.32715861917120104
0.3271593300548329
0.32715861917120104
0.3271606581458171
0.3271593300548329
0.3271593300548329
0.3596387103205468
0.3271606581458171
0.3271593300548329
0.3271592414733713
0.32715861917120104
0.32715861917120104
0.32715861917120104
0.32715861917120104
0.3271599523570031
0.3271606581458171
0.3271593300548329
0.3271592414733713
0.3271606581458171
0.32716003584364683
0.3271592414733713
0.32716003584364683
0.32716003584364683
0.3271599523570031
0.3596386217390852
0.32716074672727874
0.32716003584364683
0.32715861917120104
0.3271592414733713
0.32716003584364683
0.32715861917120104
0.32715861917120104
0.32716003584364683
0.3271606581458171
0.32715861917120104
0.32715861917120104
0.32716074672727874
0.3271593300548329
0.3596387103205468
0.32715861917120104
0.331189370789105
0.32716003584364683
0.32716003584364683
0.32716003584364683
0.3271592414733713
0.32716003584364683
0.3271599523570031
0.3271593300548329
0.32716003584364683
0.3271768053030913
1.0432646482221044
0.32983144375944545
0.32716003584364683
0.32716003584364683
0.32718393707288396
0.32715861917120104
0.3271592414733713
0.32717751109190524
0.32716003584364683
0.3638161912663855
0.32716003584364683
0.3271606581458171
0.32716003584364683
0.32716003584364683
0.32715861917120104
0.3271606581458171
0.32716074672727874
0.32715861917120104
0.32715861917120104
0.32715861917120104
0.32716003584364683
0.32715861917120104
0.3271606581458171
0.3271847314431595
0.3271606581458171
0.32715861917120104
0.3271593300548329
0.32716003584364683
0.32716003584364683
0.32716003584364683
0.3456006038129613
0.32715861917120104
0.32716003584364683
0.32715861917120104
0.32716003584364683
0.32716003584364683
0.327161369029449
0.3271592414733713
0.32716074672727874
0.6891304158173708
0.3450683589854111
0.32716074672727874
0.32716003584364683
0.32716074672727874
0.3271592414733713
0.3271599523570031
0.32715861917120104
0.3271593300548329
0.32716003584364683
0.3271606581458171
0.3271599523570031
0.32715861917120104
0.32716003584364683
0.3271606581458171
0.3271593300548329
0.3309760956038137
0.3271593300548329
0.3271593300548329
0.3271606581458171
0.32716074672727874
0.3271592414733713
0.3819742022473885
0.327161369029449
0.3271606581458171
0.32715861917120104
0.3271592414733713
0.32716003584364683
0.32716074672727874
0.3271592414733713
0.327161369029449
0.32718535374532975
0.3271599523570031
0.32716003584364683
0.3271593300548329
0.32718535374532975
0.32716003584364683
0.3271592414733713
0.32715861917120104
0.3271606581458171
0.3501150598401054
0.327161369029449
0.3271593300548329
0.3271592414733713
0.32716074672727874
0.34504295250226646
0.32715861917120104
0.32715861917120104
0.32716003584364683
0.3271592414733713
0.3676327622097004
0.3271593300548329
0.3271592414733713
0.32716003584364683
0.3271592414733713
0.34504295250226646
0.9907604829963419
0.32716074672727874
0.4252982868439156
0.32716003584364683
0.3271592414733713
0.32715861917120104
0.3271592414733713
0.3271847314431595
0.32715861917120104
0.32717547211728915
0.327161369029449
