0.32685276796588414
0.32689571795079975
0.3268704000491168
0.32687102235128707
0.3667760368601213
0.3268533902680544
0.3268703252912324
0.32685276796588414
0.3268533902680544
0.3268704000491168
0.3268704000491168
0.3286210646810913
0.3268533902680544
0.5670114637197302
0.32685331551016994
0.7891712757298833
0.3385388374999326
0.32785788715760134
0.3667754145579511
0.32685276796588414
0.3268533902680544
0.3268533902680544
0.3268704000491168
0.3268950956486295
0.32685276796588414
0.32784025507436865
0.32685276796588414
0.3268704000491168
0.3268704000491168
0.32693566102992744
0.32685276796588414
0.3268774635653968
0.32685276796588414
0.3268533902680544
0.32685276796588414
0.32685276796588414
0.3268526932079997
0.3268533902680544
0.3268704000491168
0.32689571795079975
0.3268704000491168
0.32685276796588414
0.8918090477825678
0.3268526932079997
0.3297733210527992
0.3268774635653968
0.32685331551016994
0.3268533902680544
0.3268526932079997
0.32685276796588414
0.3274138219305498
0.32685276796588414
0.32685276796588414
0.3285787369983459
0.35472295119957886
0.32691096543041476
0.3268526932079997
0.32685276796588414
0.3268704000491168
0.8917922729508803
0.3268703252912324
0.32685276796588414
0.3268704000491168
0.3268704000491168
0.447095022067035
0.32685276796588414
0.3547228764416944
0.32687102235128707
0.32685276796588414
0.32685276796588414
0.3268704000491168
0.32685276796588414
0.3268774635653968
0.32685276796588414
0.32685276796588414
0.32685276796588414
0.32687102235128707
1.5571373730854747
0.3268950956486295
0.3268526932079997
1.4414510735002701
0.32691096543041476
0.32685276796588414
0.32922477174485354
0.3286716410661872
1.4414405447400374
0.3268704000491168
0.32687102235128707
0.3268533902680544
0.32685276796588414
0.3268533902680544
0.3268533902680544
0.3268704000491168
0.3268704000491168
0.32685276796588414
0.32687102235128707
0.32685276796588414
0.32689502089074507
0.32685276796588414
0.32685276796588414
0.32685331551016994
0.32685276796588414
0.3268704000491168
0.32687102235128707
0.3471278217814453
0.3268704000491168
0.3268533902680544
0.32687102235128707
0.3268533902680544
0.3268533902680544
0.3547228764416944
1.4293273136898346
0.32685276796588414
0.3268950956486295
0.32687102235128707
0.32685276796588414
0.32687102235128707
0.3268533902680544
0.3285787369983459
0.32685276796588414
0.33853762193752435
0.32685276796588414
0.32685276796588414
0.32685276796588414
0.32685276796588414
0.3268533902680544
0.5670183872642571
0.32685276796588414
0.3268703252912324
0.3268704000491168
0.32687102235128707
0.32685276796588414
0.32685331551016994
0.32685276796588414
0.32685276796588414
0.32741444423272004
0.32685276796588414
0.3269285975136475
0.327941402523815
0.7961035873395296
0.3268704000491168
0.5535227430530666
0.32687102235128707
0.32685276796588414
1.4414419299281638
0.3268704000491168
0.3268704000491168
0.32687808586756706
0.32685331551016994
1.4414401221982664
0.32687102235128707
0.326911587732585
0.32691096543041476
0.3547405085249271
0.3268709475934026
0.32685276796588414
0.3278585094597716
1.4196445376924822
0.32685276796588414
0.32685276796588414
0.3268703252912324
0.32687102235128707
0.9511221514600581
0.32788313030139987
1.4414401221982664
0.3268526932079997
0.3268533902680544
0.32685276796588414
0.32685276796588414
0.3268526932079997
0.3268703252912324
0.3547412055849818
1.4414516063343241
0.32685276796588414
0.7961035873395296
0.32687102235128707
0.32687102235128707
0.3269532931131602
0.32685276796588414
0.3268704000491168
1.4422426284225154
0.3268533902680544
0.33813005462214
0.3268533902680544
0.34712774702356086
0.3268704000491168
0.5239049676172
0.32685276796588414
0.3268704000491168
0.3268704000491168
0.3268704000491168
0.32685276796588414
1.4414401221982664
0.3268774635653968
0.32685276796588414
0.32693628333209773
0.32685331551016994
0.32685276796588414
0.32685276796588414
0.32685276796588414
0.32687102235128707
0.3268704000491168
1.4414405447400374
0.32685276796588414
0.32687102235128707
0.34654913573354695
0.3269285975136475
0.5239209693856308
0.3268526932079997
0.3547228764416944
0.3268774635653968
0.3268533902680544
0.32685276796588414
0.3268704000491168
0.3268704000491168
0.32685276796588414
0.32685276796588414
0.32785788715760134
0.32685276796588414
0.3268704000491168
0.5239049676172
0.32685276796588414
0.3274138219305498
0.3268704000491168
0.3268533902680544
0.32685276796588414
0.3268533902680544
0.32687102235128707
0.32687808586756706
0.3268704000491168
0.8913952627871309
0.32685276796588414
0.3268704000491168
0.3268704000491168
0.3269108906725303
0.32685276796588414
0.32685276796588414
0.3268526932079997
0.32687102235128707
0.32687808586756706
0.32685276796588414
0.32863693446287656
0.3268533902680544
0.32687102235128707
0.3268533902680544
0.3268533902680544
0.3268533902680544
0.3268704000491168
1.5571364093021354
0.32685276796588414
0.35474113082709735
0.32685276796588414
0.3268774635653968
0.3292246969869691
0.32685331551016994
0.3285787369983459
0.3268703252912324
0.3268526932079997
0.3268703252912324
0.7961304551397113
0.32685276796588414
0.3268704000491168
0.3268704000491168
0.32685331551016994
0.32687102235128707
1.4414401221982664
0.3268533902680544
0.3268704000491168
0.32685276796588414
0.32741374717266536
0.3268526932079997
0.34656731536106544
0.32685276796588414
0.3268950956486295
0.32685276796588414
0.3268704000491168
0.3268703252912324
0.3268704000491168
0.8552692835012203
0.3268704000491168
0.32685276796588414
0.33853762193752435
0.32685276796588414
0.327941402523815
0.3268533902680544
0.32685276796588414
0.3284153830245242
0.34712774702356086
0.3268533902680544
0.3268533902680544
0.32685276796588414
0.3268704000491168
0.3268704000491168
0.3268703252912324
0.32687808586756706
0.32685276796588414
0.32685276796588414
0.32884433584041356
0.3268704000491168
0.3268526932079997
0.4468801815064599
0.32687102235128707
0.4242862872293302
0.32859636908157863
0.32685276796588414
0.3268709475934026
0.3268533902680544
0.32685276796588414
0.32689571795079975
0.33813072264026245
0.32685276796588414
0.3268704000491168
0.32685276796588414
0.32685276796588414
0.32685276796588414
0.3268526932079997
0.3268704000491168
0.32687102235128707
0.553522817810951
0.32685276796588414
0.3268704000491168
1.4414410775740913
0.3269285975136475
0.3284400786240369
0.32685276796588414
0.3268533902680544
0.3547228764416944
0.3268703252912324
0.32687102235128707
0.3268774635653968
0.35033305197023223
0.3475366359686426
0.3268773888075124
0.3268533902680544
0.3268704000491168
0.32860343259785857
0.5535692768463364
0.3268533902680544
0.3268704000491168
0.32685276796588414
0.3268704000491168
0.3268533902680544
0.7961035873395296
0.32685276796588414
0.3471101896982126
0.32685276796588414
1.557147360604139
0.32687102235128707
0.32685276796588414
0.3547228764416944
0.3268704000491168
0.3268533902680544
0.3268526932079997
0.32687102235128707
0.3268533902680544
0.32685276796588414
0.3268774635653968
0.3268533902680544
0.3268704000491168
0.32794132776593055
1.4414401221982664
0.3268533902680544
0.7961551507392239
0.3268704000491168
0.3268704000491168
0.3268704000491168
0.32685276796588414
0.32685276796588414
0.3268533902680544
0.3268704000491168
0.3268704000491168
0.3268704000491168
0.32687102235128707
0.32685276796588414
0.32685276796588414
0.3268533902680544
0.3268774635653968
0.32685276796588414
0.32685276796588414
0.32685276796588414
0.32922477174485354
0.3268704000491168
0.32685276796588414
0.44474307918078493
0.3268709475934026
0.32685276796588414
0.5823109377058715
0.32685276796588414
0.32685276796588414
0.3268526932079997
0.3268704000491168
0.32687102235128707
0.3297733210527992
0.32685276796588414
0.32687102235128707
0.32685276796588414
0.5535388195793819
0.3268526932079997
0.3268533902680544
0.3268704000491168
0.326911587732585
0.3385375471796399
0.32685276796588414
0.3268533902680544
0.3268533902680544
0.3268533902680544
0.3268703252912324
0.32685276796588414
0.4468490133558735
0.3268950956486295
0.3547228764416944
0.32685276796588414
0.3268774635653968
0.3292771104313969
0.9511221514600581
0.32685276796588414
0.3285787369983459
0.32685276796588414
0.33853816948181015
0.3268704000491168
0.32687102235128707
0.32687102235128707
0.5535227430530666
0.32685276796588414
0.32685276796588414
0.32685276796588414
0.32685276796588414
0.3268704000491168
0.3268704000491168
0.3268950956486295
0.3268533902680544
0.35472295119957886
0.32685276796588414
0.3268704000491168
0.32685276796588414
0.44690082124675234
0.32685276796588414
0.3268533902680544
0.32685331551016994
0.3297909531360319
0.32687808586756706
0.32685276796588414
0.3268533902680544
0.32687102235128707
0.32685276796588414
0.3268704000491168
0.32687102235128707
0.32685276796588414
0.3268533902680544
0.32685276796588414
0.3268774635653968
0.3268709475934026
0.32685276796588414
0.3268533902680544
0.32741444423272004
0.32859636908157863
0.32685276796588414
0.32685276796588414
0.3268533902680544
0.3268526932079997
0.32689502089074507
0.32685276796588414
0.32685276796588414
0.32685276796588414
0.34656676781677964
0.3268533902680544
0.3268704000491168
0.32687102235128707
0.3268703252912324
0.32685276796588414
0.3268533902680544
0.32685276796588414
0.32693628333209773
0.3268774635653968
0.44687036397979785
0.3268703252912324
0.32685276796588414
0.3274138219305498
0.34711081200038285
0.3268704000491168
0.34654913573354695
0.32685276796588414
0.3268704000491168
0.32685276796588414
0.32685276796588414
0.327923148138412
0.3268533902680544
0.32685276796588414
0.3268704000491168
0.3268774635653968
0.3297733210527992
0.3268526932079997
0.3274314540137825
0.32685331551016994
0.3268704000491168
0.32685276796588414
0.32685276796588414
0.32685276796588414
0.3268704000491168
0.32685276796588414
0.3268704000491168
0.3268533902680544
0.32687102235128707
0.3268703252912324
0.3268703252912324
0.3268704000491168
0.32685276796588414
1.4414410775740913
0.35474058328281155
0.32685276796588414
0.3268533902680544
0.3268533902680544
0.3268950956486295
0.3268704000491168
0.3268533902680544
0.3268704000491168
0.3285787369983459
0.32685276796588414
0.32685276796588414
0.5239049676172
0.42425582996237565
0.3268704000491168
0.3268533902680544
0.3268533902680544
0.3268704000491168
1.4414514960420408
0.32687102235128707
0.3268704000491168
0.3268526932079997
0.3268704000491168
0.3268526932079997
0.32685276796588414
0.32685276796588414
0.3268526932079997
0.35472295119957886
0.3268533902680544
0.3268774635653968
0.3269532931131602
0.32685276796588414
0.3269285975136475
0.3268703252912324
0.3293176758126949
0.3268704000491168
2.162503617878772
0.32685276796588414
0.3547652041244398
0.32685276796588414
0.32685276796588414
0.3268704000491168
0.32930060129261696
0.3268533902680544
0.32685276796588414
0.3268704000491168
0.32685276796588414
0.32685276796588414
0.32685276796588414
0.32685276796588414
0.3268704000491168
0.3268950956486295
0.3274385175300625
0.32685276796588414
0.3268950956486295
0.3274385175300625
0.32687102235128707
0.3278408773765389
0.3268704000491168
0.32687102235128707
0.32685331551016994
0.32685276796588414
0.32685276796588414
0.347186019245976
0.3274320763159527
1.642238028774821
0.3268950956486295
0.32685276796588414
1.4422078299722325
0.32687102235128707
0.3268704000491168
0.3285787369983459
0.3268704000491168
0.3268704000491168
0.3278578123997169
0.3268704000491168
0.32685276796588414
0.7904257306462155
0.42429021857321325
0.32687102235128707
0.32685276796588414
0.8913284016068799
0.3268704000491168
0.3268526932079997
0.32687102235128707
0.32685276796588414
0.3268703252912324
0.3268704000491168
0.3268533902680544
0.32685276796588414
0.32685276796588414
0.3268704000491168
0.3268704000491168
0.32685276796588414
0.3268533902680544
0.32685276796588414
0.3268950956486295
0.3268774635653968
0.3268704000491168
0.32685276796588414
0.32685276796588414
0.3268704000491168
0.3274138219305498
0.3268704000491168
0.32685276796588414
0.32685276796588414
0.326911587732585
0.32685276796588414
0.32685276796588414
0.5542257840619038
0.3268526932079997
0.32687102235128707
0.32685276796588414
0.32788313030139987
0.3268533902680544
0.3268774635653968
0.5192888253489448
0.32685276796588414
0.32685276796588414
0.3268704000491168
0.3268533902680544
0.32691096543041476
0.32685276796588414
0.3268533902680544
0.32685276796588414
0.3268704000491168
0.32685276796588414
0.3268533902680544
0.3268709475934026
0.32685276796588414
0.32685276796588414
0.3268533902680544
0.32687102235128707
0.32784025507436865
0.32685276796588414
0.32685276796588414
0.3268526932079997
0.32689502089074507
0.32685276796588414
0.3274314540137825
0.3274320763159527
0.3297909531360319
0.3268709475934026
0.3268533902680544
0.9511221514600581
0.3268704000491168
0.3268703252912324
1.557894970849159
0.3268704000491168
0.32685276796588414
0.32692921981581774
0.32685276796588414
0.32685276796588414
0.3268704000491168
0.3268950956486295
0.3268704000491168
0.3268704000491168
0.3268950956486295
0.32685276796588414
0.3268704000491168
0.3646408790969924
0.32685276796588414
0.3465497580357172
0.32685276796588414
0.3285787369983459
0.32794078022164475
0.32687102235128707
1.5571483243874784
0.32685276796588414
0.32685276796588414
0.32687102235128707
0.32687808586756706
0.34755496511192996
0.32685276796588414
0.3268526932079997
0.3268950956486295
0.32685276796588414
0.32685276796588414
0.3268704000491168
0.3278585094597716
0.32685276796588414
0.32685276796588414
0.3268533902680544
0.32685276796588414
0.3268704000491168
0.7322334554793032
0.3268704000491168
0.3268533902680544
0.3268704000491168
0.32685276796588414
0.3268533902680544
0.32691096543041476
0.3268704000491168
0.3268704000491168
0.3268533902680544
0.32685276796588414
0.32685276796588414
0.32685276796588414
1.4414401221982664
0.3268533902680544
0.32685276796588414
0.32685276796588414
0.3268704000491168
0.3268703252912324
0.32685276796588414
0.3292347827486515
0.3268526932079997
0.32685276796588414
0.7960346074965317
0.32691096543041476
0.3268533902680544
0.32685276796588414
0.3268704000491168
0.34656676781677964
0.7960346074965317
0.3292594783481642
0.32741444423272004
0.32687102235128707
0.34656676781677964
0.8917833985934511
0.32685276796588414
0.32685276796588414
0.3268704000491168
0.32685276796588414
0.3268704000491168
0.5246079338681527
0.3268704000491168
0.34656676781677964
0.3268703252912324
0.32685276796588414
0.3268533902680544
0.3268950956486295
0.32685276796588414
0.3268533902680544
0.32685276796588414
0.3268709475934026
0.3268704000491168
0.32687102235128707
0.3268533902680544
0.3268950956486295
0.3268950956486295
0.3268533902680544
0.3268533902680544
1.440641136950091
0.32685276796588414
0.3268704000491168
0.3547228764416944
0.32685276796588414
0.32685276796588414
0.32685276796588414
0.3268533902680544
0.3278585094597716
0.32685276796588414
0.32685276796588414
0.3268704000491168
0.5919755940297983
0.3283985300784361
0.32685276796588414
0.32693566102992744
0.3285787369983459
0.3268704000491168
0.32685276796588414
1.5571379059195287
0.32685276796588414
0.32685276796588414
0.32687102235128707
0.3268704000491168
0.35472295119957886
0.3268704000491168
0.3278585094597716
0.32685276796588414
0.3268704000491168
0.3268526932079997
0.3268704000491168
0.3268704000491168
0.3268704000491168
0.3268704000491168
0.3268533902680544
0.3268533902680544
0.32685276796588414
0.32685276796588414
0.32685276796588414
0.3283985300784361
0.3269285975136475
0.3268533902680544
0.3268704000491168
0.326911587732585
0.32687808586756706
0.32685276796588414
0.3268533902680544
0.3268774635653968
0.3268704000491168
0.8912329417586258
0.32685276796588414
0.3268704000491168
0.35478107390622504
0.32685276796588414
0.32685276796588414
0.3268533902680544
0.32691096543041476
0.32687102235128707
0.32685276796588414
0.32685276796588414
0.3667760368601213
0.3268533902680544
0.32785788715760134
0.32685276796588414
0.32687808586756706
0.3292424038280862
0.32861344360165656
0.32685276796588414
0.32687102235128707
0.32687102235128707
0.3385375471796399
0.32922477174485354
0.3268526932079997
0.3268704000491168
0.3268704000491168
0.3268703252912324
0.3268704000491168
0.3269108906725303
0.32685276796588414
0.32685276796588414
0.32685276796588414
0.32685276796588414
0.32685276796588414
0.32687102235128707
0.3268774635653968
0.32685276796588414
0.32687102235128707
0.34654913573354695
0.32687102235128707
0.3268533902680544
0.32687102235128707
0.3268533902680544
0.32685276796588414
0.3269108906725303
0.3547405085249271
0.32685276796588414
0.32685276796588414
0.5822944655330264
0.3268526932079997
0.32685276796588414
0.32784025507436865
0.3268704000491168
0.3268704000491168
0.4468801815064599
0.3268774635653968
0.3268526932079997
0.8912576373581385
0.32685276796588414
0.3268774635653968
0.3268704000491168
0.35474113082709735
0.32685331551016994
0.32685331551016994
0.32685276796588414
0.32685276796588414
0.3268950956486295
0.32687102235128707
0.3268704000491168
0.3268704000491168
0.8917922729508803
0.3268533902680544
0.3268773888075124
0.7957888241174149
0.32685276796588414
1.4414395809566978
0.32685276796588414
0.32685276796588414
0.32687102235128707
0.32689571795079975
0.3285787369983459
0.32685276796588414
1.4414401221982664
0.32687102235128707
0.32685276796588414
0.32687102235128707
0.32859636908157863
0.3268704000491168
1.4414405447400374
0.44690082124675234
0.3268526932079997
0.3385382442396946
0.3268704000491168
0.32685276796588414
0.32685276796588414
0.32687102235128707
0.34656676781677964
0.35480584426362216
0.3268533902680544
0.3465497580357172
0.32685276796588414
0.3268704000491168
0.3268533902680544
0.32685276796588414
0.3268704000491168
0.3460328102536835
0.32685276796588414
0.3268704000491168
0.3465490609756625
0.3268709475934026
0.32685276796588414
0.3285887480021438
1.4414401221982664
0.5542563160867429
0.3268526932079997
0.3268709475934026
0.3268704000491168
0.32685276796588414
0.32685276796588414
0.3268774635653968
1.4414401221982664
0.3268533902680544
0.32689502089074507
0.32685276796588414
0.3268533902680544
0.3297732462949148
0.32685276796588414
0.8918798120313092
0.3268709475934026
0.3268704000491168
0.32685276796588414
0.32860638008537657
0.32685276796588414
0.3268704000491168
0.3268704000491168
0.3268533902680544
0.3268704000491168
0.3268704000491168
0.3381293575620853
0.32685276796588414
0.32685276796588414
0.32689571795079975
0.33853816948181015
0.3268703252912324
0.32685276796588414
0.32977394335496946
0.32685276796588414
0.32685276796588414
0.3268704000491168
0.32685276796588414
0.3268533902680544
0.32691096543041476
1.5571364093021354
0.32685276796588414
0.32685276796588414
0.3471101896982126
0.32685276796588414
0.3292494673443662
0.3268950956486295
0.3268526932079997
0.32784025507436865
0.951026691611804
0.32685276796588414
0.32685276796588414
0.32685276796588414
0.3268774635653968
0.32685276796588414
0.3268704000491168
0.3268774635653968
0.3268704000491168
0.8551487402585282
0.32687102235128707
0.32685276796588414
0.3268709475934026
0.32687102235128707
0.32685276796588414
0.32687102235128707
0.3274138219305498
0.3268704000491168
0.32687102235128707
0.9511389262917457
0.3268526932079997
0.32685276796588414
0.32685276796588414
0.32685276796588414
0.32685276796588414
0.3268533902680544
0.3268704000491168
0.3268704000491168
0.32685276796588414
0.7961304551397113
0.3269291450579333
0.32685276796588414
0.3269285975136475
0.3268526932079997
0.32685276796588414
0.3268704000491168
0.3268533902680544
0.32685276796588414
0.3269532931131602
0.3268533902680544
