0.5668306098571383
0.3268526932079997
0.3268533902680544
0.5239049676172
0.5239049676172
0.32685276796588414
0.32685276796588414
0.3268533902680544
0.32685276796588414
0.7960346074965317
0.3268533902680544
0.3268533902680544
0.32685276796588414
0.3268533902680544
0.32685276796588414
0.32685276796588414
0.5822683525031688
0.32685276796588414
0.3268774635653968
0.32685276796588414
0.3288437135382433
0.3268526932079997
0.3268533902680544
0.32685276796588414
0.32685276796588414
0.32685276796588414
0.3283985300784361
0.35472295119957886
0.3268533902680544
0.32685331551016994
0.32685276796588414
0.32685276796588414
0.3268526932079997
0.32685276796588414
0.8913952627871309
0.3268533902680544
0.5821323373150242
0.32685276796588414
0.3268533902680544
0.3268533902680544
0.5668293099749976
0.32685276796588414
0.3268533902680544
0.3268526932079997
0.32685276796588414
0.3268533902680544
0.3268533902680544
0.32685276796588414
0.3268533902680544
0.3268533902680544
0.3268533902680544
0.32685331551016994
0.3268533902680544
0.32685331551016994
0.3268533902680544
0.32685276796588414
0.32685276796588414
0.32685276796588414
0.5674409552604406
0.3268533902680544
0.3268533902680544
0.32685276796588414
0.3268526932079997
0.3268533902680544
0.32685276796588414
0.32685276796588414
0.32685276796588414
0.32685276796588414
0.3268533902680544
0.32685276796588414
0.32693566102992744
0.32685276796588414
0.3268533902680544
0.3268774635653968
0.32691096543041476
0.3268533902680544
0.3268533902680544
0.32685276796588414
0.3268533902680544
0.32685276796588414
0.3268533902680544
0.32685276796588414
0.32685331551016994
0.7960593030960443
0.3268526932079997
0.32685276796588414
0.32685276796588414
0.523874435592361
0.32685276796588414
0.3268533902680544
0.32685276796588414
0.3268533902680544
0.5241968061414786
1.4414510735002701
0.3268533902680544
0.3268533902680544
0.3268533902680544
0.3268526932079997
0.3269108906725303
0.3268533902680544
0.3268533902680544
0.32685276796588414
0.3268533902680544
0.3268526932079997
0.46984283844268665
0.3278408773765389
0.3268533902680544
0.3268533902680544
0.32685276796588414
0.32685276796588414
0.32685276796588414
0.32685331551016994
0.3268533902680544
0.3268533902680544
0.32685276796588414
0.32685276796588414
0.3268526932079997
0.3547235735017491
0.3268533902680544
0.32685276796588414
0.3268533902680544
0.32685331551016994
0.32685331551016994
0.3268533902680544
0.3268533902680544
0.32685276796588414
0.3268533902680544
0.7957641285179022
0.3268533902680544
0.7957641285179022
0.3268533902680544
0.3268533902680544
0.42425582996237565
0.3268533902680544
0.32685276796588414
0.3268533902680544
0.3268533902680544
0.32685276796588414
0.3268533902680544
0.32685276796588414
0.3268533902680544
0.32685276796588414
0.32685276796588414
0.3268533902680544
0.32685276796588414
0.3268526932079997
0.32685276796588414
0.32685331551016994
0.32685276796588414
0.32685331551016994
0.35472349874386466
0.32685276796588414
0.3268533902680544
0.3268533902680544
0.32693628333209773
0.32685276796588414
0.32685331551016994
0.3268533902680544
0.32691096543041476
0.32685276796588414
0.3268533902680544
0.3268533902680544
0.3268533902680544
0.32685276796588414
0.32685276796588414
0.32685276796588414
0.32685331551016994
0.3268526932079997
0.32685276796588414
0.3268533902680544
0.3283999467508819
0.32685276796588414
0.32685276796588414
0.3268533902680544
0.3268533902680544
0.32685276796588414
0.32691096543041476
0.3268533902680544
0.32685276796588414
0.32685276796588414
0.32685276796588414
0.3268533902680544
0.3268533902680544
0.7957641285179022
0.32693628333209773
0.3268533902680544
0.32685276796588414
0.3268533902680544
0.7957372607177207
0.3268526932079997
0.3268526932079997
0.32685276796588414
0.32685276796588414
0.32685276796588414
0.32685276796588414
0.32685276796588414
0.32685276796588414
0.3268533902680544
0.3268533902680544
0.3297909531360319
0.32685276796588414
0.3268533902680544
0.32685276796588414
0.32685276796588414
0.3268526932079997
0.5669675786348868
0.3268533902680544
0.3268533902680544
0.32685276796588414
0.32685276796588414
0.32685276796588414
0.3268533902680544
0.32685276796588414
0.32685331551016994
0.3268533902680544
0.3268533902680544
0.33853762193752435
0.32685276796588414
0.3268533902680544
0.3268533902680544
0.32685276796588414
0.32685276796588414
0.326935586272043
0.32685331551016994
0.32685276796588414
0.32685276796588414
0.32685276796588414
0.32685276796588414
0.326911587732585
0.34711081200038285
0.3268533902680544
0.32685276796588414
0.3268533902680544
0.32685276796588414
0.3268533902680544
0.3268533902680544
1.4414514960420408
0.32685276796588414
0.32685276796588414
0.32685276796588414
0.32685276796588414
0.32685276796588414
0.3268533902680544
0.32685276796588414
0.32685276796588414
0.32685276796588414
0.32685331551016994
0.3268533902680544
0.32685276796588414
0.32685276796588414
0.32979157543820214
0.32685276796588414
0.3268533902680544
0.7960077396963502
0.32685276796588414
0.32685276796588414
0.32685276796588414
0.3268533902680544
0.5668306098571383
0.3268704000491168
0.5716219643007102
0.32685276796588414
0.7957641285179022
0.3268533902680544
0.7957641285179022
0.3268533902680544
0.3268533902680544
0.32685276796588414
0.32685276796588414
0.3268526932079997
0.32685331551016994
0.3268533902680544
0.32685331551016994
0.32685276796588414
0.32685276796588414
0.32685276796588414
0.326911587732585
0.7960076649384658
0.32685276796588414
0.3268526932079997
0.3268526932079997
0.32685276796588414
0.3268533902680544
0.3471101896982126
0.32685276796588414
0.3268533902680544
0.32685331551016994
0.32685276796588414
0.3268533902680544
0.32685276796588414
0.32687808586756706
0.32685276796588414
0.32685276796588414
0.3268774635653968
0.32685331551016994
0.3268533902680544
0.32685276796588414
0.3268533902680544
0.3268533902680544
0.32685276796588414
0.32685331551016994
0.32685276796588414
0.3268533902680544
0.3268533902680544
0.32685276796588414
0.3268526932079997
0.3268533902680544
0.32685331551016994
0.32693628333209773
0.3268533902680544
0.4242869981129621
0.32685331551016994
0.3268533902680544
0.3268533902680544
0.32685276796588414
0.32784080261865445
0.3268533902680544
0.32685276796588414
0.32685276796588414
0.32685276796588414
0.32685331551016994
0.3268533902680544
0.32685276796588414
0.32685276796588414
0.3268533902680544
0.32685276796588414
0.32685276796588414
0.3268533902680544
0.3297915006803177
0.5238745103502453
0.3297733210527992
0.32685331551016994
0.5668293099749976
0.32685276796588414
0.32685276796588414
0.3268526932079997
0.32685276796588414
0.32685331551016994
0.35472295119957886
0.32685276796588414
0.32685331551016994
0.3268533902680544
0.8188377170190745
0.3268533902680544
0.3268533902680544
0.32685276796588414
0.32685276796588414
0.32685276796588414
0.32693566102992744
0.32685276796588414
0.3268533902680544
0.3268533902680544
0.3268533902680544
0.3268533902680544
0.3268533902680544
0.32685276796588414
0.3268533902680544
0.326911587732585
0.5669688785170275
0.32685276796588414
0.32685331551016994
0.32685276796588414
0.3268774635653968
0.32685331551016994
0.3268533902680544
0.32685276796588414
0.32685276796588414
0.3268533902680544
0.32685276796588414
0.3268533902680544
0.3547235735017491
0.32685276796588414
0.5239049676172
0.32685276796588414
0.3268533902680544
0.32685276796588414
0.3268526932079997
0.3268533902680544
0.32685276796588414
0.8913952627871309
0.3268533902680544
0.3268533902680544
0.32685276796588414
0.3268533902680544
0.32685276796588414
0.32685276796588414
0.32685276796588414
0.3268533902680544
0.3268533902680544
0.32685276796588414
0.3385395345599872
0.32685276796588414
0.7957372607177207
0.5669675786348868
0.32685276796588414
0.3268533902680544
0.3268533902680544
0.3268533902680544
0.3268533902680544
0.32685276796588414
0.3268774635653968
0.32685276796588414
0.32685276796588414
0.3268533902680544
0.32685276796588414
0.3268533902680544
0.3268533902680544
0.3268533902680544
0.3465497580357172
0.3268533902680544
0.3268533902680544
0.32685276796588414
0.3268533902680544
0.3268533902680544
0.32685276796588414
0.3268533902680544
0.32685276796588414
0.3268533902680544
0.3268533902680544
0.3268533902680544
0.3268533902680544
1.419655066452715
0.3278408773765389
0.3268533902680544
0.32685276796588414
0.3268533902680544
0.3547228764416944
0.32685276796588414
0.3278408773765389
0.3268533902680544
0.3268533902680544
0.32685276796588414
0.3268533902680544
0.3268533902680544
0.32685276796588414
0.3268526932079997
0.32685276796588414
0.32685276796588414
0.35472349874386466
0.32685276796588414
0.3268533902680544
0.5821310374328834
0.32685276796588414
0.32685331551016994
0.3268533902680544
0.32685276796588414
0.7960323605379784
0.3268526932079997
0.5239049676172
0.3268533902680544
0.32685331551016994
0.3268526932079997
0.3268533902680544
0.32685276796588414
0.32685331551016994
0.32685276796588414
0.32685276796588414
0.32685331551016994
0.3268533902680544
0.3268533902680544
0.326911587732585
0.32685276796588414
0.35604843323535973
0.32685331551016994
0.3268533902680544
0.32685276796588414
0.32685276796588414
0.3268533902680544
0.3268533902680544
0.32685331551016994
0.32685276796588414
0.3268533902680544
0.3268533902680544
0.3268533902680544
0.32685276796588414
0.3268533902680544
0.32685276796588414
0.3268533902680544
0.32685276796588414
0.3268533902680544
0.3268533902680544
0.3268533902680544
0.3268533902680544
0.3268533902680544
0.3268526932079997
0.32685276796588414
0.32685331551016994
0.7957640537600177
0.3268533902680544
0.3268533902680544
0.32685276796588414
0.32685276796588414
0.32685331551016994
0.3268533902680544
0.3268533902680544
0.32685331551016994
0.32685331551016994
0.32685276796588414
0.3268533902680544
0.32685276796588414
0.32685276796588414
0.32685276796588414
0.3285887480021438
0.32685276796588414
0.32685276796588414
0.3268533902680544
0.32685276796588414
0.32685276796588414
0.3268533902680544
0.3268533902680544
0.3292594783481642
0.32685276796588414
0.3268533902680544
0.32685276796588414
0.32685276796588414
0.5534923605439964
0.3268533902680544
0.3268533902680544
0.5668306098571383
0.3268533902680544
0.32685276796588414
0.3547228764416944
0.3547235735017491
0.32685276796588414
0.3268533902680544
0.3268533902680544
0.3268533902680544
0.32685276796588414
0.33813005462214
0.32685276796588414
0.35472349874386466
0.3268533902680544
0.32685276796588414
0.3268533902680544
0.32685276796588414
0.32685276796588414
0.32685276796588414
0.3268526932079997
0.8912329417586258
0.32685276796588414
0.3268533902680544
0.32685276796588414
0.3268533902680544
0.5821323373150242
0.3268533902680544
0.3268533902680544
0.3268533902680544
0.32685331551016994
0.3268533902680544
1.4414510735002701
0.3268533902680544
0.32685331551016994
0.3268533902680544
0.32685276796588414
0.3268533902680544
0.3268526932079997
0.3268533902680544
0.3268533902680544
0.3268533902680544
0.32685276796588414
0.3268533902680544
0.3268526932079997
0.3268533902680544
0.32685276796588414
0.32685276796588414
1.4414510735002701
0.3268533902680544
0.3268526932079997
0.32685331551016994
0.3268533902680544
0.3268533902680544
0.32685331551016994
0.3268533902680544
0.32685276796588414
0.32685276796588414
0.32685276796588414
0.32685276796588414
0.3268533902680544
0.32685276796588414
0.7960077396963502
0.3268533902680544
0.3268533902680544
0.3268533902680544
0.3268533902680544
0.32685276796588414
0.32685276796588414
0.32693628333209773
0.32685331551016994
0.3268526932079997
0.32784025507436865
0.3268774635653968
0.3268533902680544
0.32685331551016994
0.32685331551016994
0.32685276796588414
0.3268533902680544
0.3268533902680544
0.32685276796588414
0.3268533902680544
0.5534923605439964
0.32685276796588414
0.32685276796588414
0.32685276796588414
0.3268526932079997
1.6422380026758006
0.32685276796588414
0.3268526932079997
0.32685276796588414
0.32691096543041476
0.3268533902680544
0.3268533902680544
0.3268533902680544
0.5821313837254203
0.3268533902680544
0.32685276796588414
0.32685276796588414
0.32685276796588414
1.4414510735002701
0.3268533902680544
0.32685276796588414
0.3480977646911927
0.32685276796588414
0.32685276796588414
0.32685276796588414
0.3268533902680544
0.3268533902680544
0.32979087837814747
0.32685276796588414
0.32685276796588414
0.3268533902680544
0.3286133688437721
0.3268533902680544
0.3268533902680544
0.3292594035902798
0.32685276796588414
0.3283985300784361
0.32685276796588414
0.3268533902680544
0.3268704000491168
0.32685276796588414
0.32685331551016994
0.32685276796588414
0.3268526932079997
0.32685276796588414
0.3268533902680544
0.3268533902680544
0.32685276796588414
0.3297733210527992
0.3268533902680544
0.3268533902680544
0.32685276796588414
0.32685276796588414
0.3268533902680544
0.3268533902680544
0.32784025507436865
0.5847240105489693
0.3268533902680544
0.32685276796588414
0.32685276796588414
0.3268533902680544
0.32685276796588414
0.3278408773765389
0.32685276796588414
0.3268533902680544
0.3268533902680544
0.32685276796588414
0.3292246969869691
0.5534923605439964
0.32685276796588414
1.4414406550323204
0.32685276796588414
0.3268533902680544
0.3268533902680544
0.3268533902680544
0.32685276796588414
0.32685331551016994
0.3268533902680544
0.32685331551016994
0.32685276796588414
0.3268533902680544
0.32685276796588414
0.5238745103502453
0.32685276796588414
0.32685276796588414
0.32685276796588414
0.3268533902680544
0.7957641285179022
0.32685276796588414
0.3268533902680544
0.32685276796588414
0.32685276796588414
0.3268533902680544
0.3268526932079997
0.3268533902680544
0.5669688785170275
0.32685276796588414
0.3268533902680544
0.32685331551016994
0.32685276796588414
0.3268533902680544
0.3292347827486515
0.32685276796588414
0.3268526932079997
0.3268533902680544
0.32685276796588414
0.3297915006803177
0.3278408773765389
0.32685276796588414
0.32685331551016994
0.3268533902680544
0.3268533902680544
0.3268533902680544
0.3268533902680544
0.3268533902680544
0.3268533902680544
0.3297733210527992
0.3285787369983459
0.32784025507436865
0.3268533902680544
0.32685276796588414
0.3297909531360319
0.3268533902680544
0.32691096543041476
0.3268533902680544
0.3283978191948042
0.32685276796588414
0.32685276796588414
0.3268533902680544
0.3268533902680544
0.3268533902680544
0.3268533902680544
0.3268526932079997
0.3268533902680544
0.32685276796588414
0.3268533902680544
0.3268533902680544
0.32685276796588414
0.32685276796588414
0.32685276796588414
0.3268533902680544
0.32685276796588414
0.32685276796588414
0.32685276796588414
0.3268533902680544
0.32685276796588414
0.3268533902680544
0.32687808586756706
0.32685276796588414
0.32685276796588414
0.3268526932079997
0.4242565408460075
0.3268533902680544
0.32685276796588414
0.32691096543041476
1.4414514960420408
0.3268533902680544
0.32685331551016994
0.32685276796588414
0.32685276796588414
0.3268533902680544
0.32685276796588414
0.32685331551016994
0.3547235735017491
0.32685276796588414
0.3268533902680544
0.3268533902680544
0.3268533902680544
0.32685276796588414
0.3268533902680544
0.3268533902680544
0.3268533902680544
0.32685276796588414
0.3268526932079997
0.32685276796588414
0.3268526932079997
0.3278408773765389
0.7957371859598362
0.3268526932079997
0.32685276796588414
0.3268526932079997
0.32685276796588414
0.32685276796588414
0.32685276796588414
0.3292594783481642
0.3268533902680544
0.32685276796588414
0.5821300838432796
0.32685276796588414
0.3268533902680544
0.3465497580357172
0.3268526932079997
0.3268533902680544
0.3268533902680544
0.32685276796588414
0.3268533902680544
0.32685331551016994
0.3297909531360319
0.3268533902680544
0.33245326641222084
1.4414395809566978
0.3268533902680544
0.3268533902680544
0.32685276796588414
0.3278401803164842
0.32685276796588414
0.3268533902680544
0.3268533902680544
0.3268533902680544
0.32685276796588414
0.3268533902680544
0.32685331551016994
0.3268533902680544
0.32685276796588414
0.32685276796588414
0.32685276796588414
0.3268533902680544
0.3268533902680544
0.3268533902680544
0.3268533902680544
0.32685276796588414
0.3268533902680544
0.3268526932079997
0.32685276796588414
0.32685276796588414
0.3268533902680544
0.32685276796588414
0.3268533902680544
0.3268533902680544
0.3268526932079997
0.32685276796588414
0.32685276796588414
0.3297909531360319
0.3268533902680544
0.32685331551016994
0.3268774635653968
0.32685276796588414
0.32685276796588414
0.32685276796588414
0.32685276796588414
0.32685276796588414
0.3268533902680544
0.3268533902680544
0.32784025507436865
0.8665774077942549
0.3268526932079997
0.32685276796588414
0.3268533902680544
0.3268533902680544
0.3268533902680544
0.32685276796588414
0.32685276796588414
0.8912329417586258
0.32685276796588414
0.32685276796588414
0.5668306098571383
0.32685276796588414
0.3268533902680544
0.3268533902680544
0.5651483323116274
0.32685276796588414
0.32691096543041476
0.3268533902680544
0.3268533902680544
0.32685276796588414
0.32685276796588414
0.32685276796588414
0.32685276796588414
0.3268533902680544
0.3268533902680544
0.3268533902680544
0.3268533902680544
0.3268526932079997
0.3268774635653968
0.3268526932079997
0.32685276796588414
0.32685276796588414
0.3268526932079997
0.3268533902680544
0.3268533902680544
0.3268533902680544
0.3268533902680544
0.32685276796588414
0.7957640537600177
0.3268533902680544
0.32685276796588414
0.32685276796588414
1.4188551258287152
0.3268526932079997
0.3268533902680544
0.32979157543820214
0.32685276796588414
0.7957372607177207
0.3268533902680544
0.3268533902680544
0.3268533902680544
0.3268533902680544
0.32685331551016994
0.32685276796588414
0.32685276796588414
0.3268533902680544
0.32685276796588414
0.32685276796588414
0.3268533902680544
0.32693628333209773
0.3268526932079997
0.3268533902680544
0.32685276796588414
0.3268533902680544
0.32685276796588414
0.3547228764416944
0.3268533902680544
0.32685276796588414
0.3268533902680544
0.3268533902680544
0.32685276796588414
0.32685276796588414
0.32685276796588414
0.3268533902680544
0.32861344360165656
0.3268533902680544
0.3297980166523119
0.32979157543820214
0.32685276796588414
0.34711081200038285
0.32685276796588414
0.3268526932079997
0.326911587732585
0.32687808586756706
0.3268526932079997
0.32685331551016994
0.32685276796588414
0.32693628333209773
0.3268533902680544
0.5668293099749976
0.32685276796588414
0.3268533902680544
0.3268533902680544
0.32685276796588414
0.34711081200038285
0.32685331551016994
0.3268526932079997
0.3268533902680544
0.3285887480021438
0.32685276796588414
0.32687102235128707
0.3268533902680544
0.32685276796588414
0.32685276796588414
0.3268533902680544
0.3268533902680544
0.32687102235128707
0.3268526932079997
0.32685276796588414
0.32685276796588414
0.3268533902680544
0.3322458499790447
0.32685276796588414
0.32685276796588414
0.3268533902680544
0.32685276796588414
0.4556679357818114
0.5238745103502453
0.32685276796588414
0.32685276796588414
0.8912329417586258
0.32685331551016994
0.32685276796588414
0.3268533902680544
0.5668306098571383
0.33813005462214
0.32685276796588414
0.32685276796588414
0.32685276796588414
0.3268526932079997
0.32685331551016994
0.3268526932079997
0.3268526932079997
0.32685276796588414
0.3268533902680544
0.32685276796588414
0.32685276796588414
0.32685276796588414
0.3268533902680544
0.3268533902680544
0.3268533902680544
0.3268533902680544
0.3268526932079997
0.32685276796588414
0.3268533902680544
0.3268533902680544
0.3268533902680544
0.3268704000491168
0.32685276796588414
0.3268533902680544
0.32685276796588414
0.3268526932079997
0.3268533902680544
0.32685276796588414
0.3268533902680544
0.32685276796588414
