0.7957641285179022
0.3268533902680544
0.32685276796588414
0.3381293575620853
0.32685276796588414
0.5668306098571383
0.3268533902680544
0.3268533902680544
0.3268533902680544
0.3268533902680544
0.3268533902680544
0.32685276796588414
0.32685276796588414
0.32685276796588414
1.4414510735002701
0.32685276796588414
0.32685276796588414
0.32685276796588414
0.32685276796588414
0.32685276796588414
0.3268533902680544
0.32685276796588414
0.32685276796588414
0.32685276796588414
0.3268533902680544
0.32685331551016994
0.32685276796588414
0.32685276796588414
0.32685276796588414
0.3268533902680544
0.3268533902680544
0.32685276796588414
0.32685276796588414
0.3268533902680544
0.3278408773765389
0.3297733210527992
0.32685276796588414
0.32685276796588414
0.32685276796588414
0.32685276796588414
0.5668293099749976
0.32685276796588414
0.32685276796588414
1.2114596812356697
0.5239049676172
0.3268533902680544
0.32685276796588414
0.3268533902680544
0.3268533902680544
0.32685276796588414
0.32685276796588414
0.32685276796588414
0.32685276796588414
0.3268526932079997
0.32685276796588414
0.3268533902680544
0.32685331551016994
0.3268533902680544
0.32685276796588414
0.3268533902680544
0.3268533902680544
0.3385382442396946
0.32685276796588414
0.32685276796588414
0.32685276796588414
0.32685276796588414
0.3285787369983459
0.32685276796588414
0.32685276796588414
0.3268533902680544
0.3268533902680544
0.3268533902680544
0.3268533902680544
0.3268533902680544
0.32685276796588414
0.32685276796588414
0.32685276796588414
0.32685276796588414
0.3268533902680544
0.3268526932079997
0.7957371859598362
0.3268533902680544
0.32685276796588414
0.32922477174485354
0.3268533902680544
0.3268533902680544
0.32685276796588414
0.32685276796588414
0.32685276796588414
0.32685276796588414
0.32685276796588414
0.3268533902680544
0.3268533902680544
0.3268533902680544
0.32685331551016994
0.3268533902680544
0.32839915238060635
0.3268533902680544
0.32685331551016994
0.3268533902680544
0.3268533902680544
0.32685276796588414
0.3268774635653968
0.3268526932079997
0.32685331551016994
0.32685276796588414
0.32685276796588414
0.3268533902680544
0.32685276796588414
0.32685331551016994
0.3381294323199697
0.7960346074965317
0.3268533902680544
0.32685331551016994
0.32685276796588414
0.3268533902680544
0.32685331551016994
0.3268533902680544
0.3268533902680544
0.3268533902680544
0.3268533902680544
0.32685331551016994
0.3268533902680544
0.3268533902680544
0.32685276796588414
0.3268533902680544
0.5668306098571383
0.32685276796588414
0.32685276796588414
0.3268533902680544
0.3268533902680544
0.3268533902680544
0.32685276796588414
0.7957372607177207
0.3465497580357172
0.3268533902680544
0.32685331551016994
0.3268533902680544
0.32685276796588414
0.32685276796588414
0.3268533902680544
0.44687947062282807
0.32685276796588414
0.3268533902680544
0.32784025507436865
0.32685276796588414
0.329773868597085
0.32685276796588414
0.32685276796588414
0.32839915238060635
0.3268533902680544
0.3268533902680544
0.35704264286285303
0.32685276796588414
0.3268533902680544
0.32685276796588414
0.3471101896982126
0.32685276796588414
0.3268533902680544
0.32685276796588414
0.32685276796588414
0.5238745103502453
0.3268526932079997
0.3268533902680544
0.32685276796588414
0.3268704000491168
0.4468497242395054
0.3268533902680544
0.3268533902680544
0.3268533902680544
0.32685276796588414
0.3268533902680544
0.3268533902680544
0.32685331551016994
0.3268533902680544
0.3268526932079997
0.32685276796588414
0.32685276796588414
0.32685276796588414
0.32685276796588414
0.32685276796588414
0.32685331551016994
0.32685276796588414
0.32685276796588414
0.32685276796588414
0.32685276796588414
0.3268533902680544
0.3268533902680544
0.3471101896982126
0.32685276796588414
0.32685276796588414
0.32685276796588414
0.32685276796588414
0.3268533902680544
0.32685276796588414
0.32685276796588414
0.32691096543041476
0.3268526932079997
0.3268533902680544
0.32685276796588414
0.32685276796588414
0.3268526932079997
0.32685276796588414
0.3268533902680544
0.3268533902680544
0.3268526932079997
0.32685276796588414
0.3268533902680544
0.3268533902680544
0.32685276796588414
0.32685276796588414
0.3268533902680544
0.3268533902680544
0.3268533902680544
0.4468497242395054
0.32685276796588414
0.4468497242395054
0.3268533902680544
0.3268533902680544
0.3268533902680544
0.5719405002953116
0.3268533902680544
0.3268533902680544
0.32685276796588414
0.32685331551016994
0.3268533902680544
0.3268533902680544
0.32685276796588414
0.328957509480115
0.3284013090390343
0.32685331551016994
0.32685276796588414
0.3268533902680544
0.32685276796588414
0.3268533902680544
0.32685331551016994
0.3268533902680544
0.3268533902680544
0.32685276796588414
0.32685276796588414
0.3292347827486515
0.3385382442396946
0.3268533902680544
0.32685276796588414
0.32685276796588414
0.3268533902680544
0.32685276796588414
0.3268533902680544
0.32685276796588414
0.32685276796588414
0.32685276796588414
0.3268533902680544
0.32784025507436865
0.3268533902680544
0.32685276796588414
0.32685276796588414
0.32687102235128707
0.32741444423272004
1.4414401221982664
0.3297732462949148
0.3268533902680544
0.3268526932079997
0.32685276796588414
0.3268526932079997
0.32685276796588414
0.32685331551016994
0.8548513934797171
0.32685276796588414
0.32685276796588414
0.32685276796588414
0.32685276796588414
0.32685276796588414
0.3268533902680544
0.32685276796588414
0.32685276796588414
0.32685276796588414
0.32685276796588414
0.32685276796588414
0.3268533902680544
0.32685276796588414
0.32685276796588414
0.3268533902680544
0.3268533902680544
0.32685276796588414
0.32685276796588414
0.3268533902680544
0.32685276796588414
0.3268533902680544
0.3268533902680544
0.3268533902680544
0.3268533902680544
0.3268526932079997
0.32685276796588414
0.32685276796588414
0.3268533902680544
0.3268704000491168
0.32685276796588414
0.32685276796588414
0.32685276796588414
0.3285787369983459
0.3268533902680544
0.3268704000491168
0.3268533902680544
0.32685276796588414
0.3268533902680544
0.3268533902680544
0.32685276796588414
0.3268533902680544
0.32685276796588414
0.3268533902680544
0.3268704000491168
0.3268526932079997
0.3268533902680544
0.32685276796588414
0.3268533902680544
0.3385375471796399
0.3268533902680544
0.3268533902680544
0.32687808586756706
0.32685276796588414
0.32685276796588414
0.32685276796588414
0.32685276796588414
0.3268533902680544
0.32685276796588414
0.3268533902680544
0.326911587732585
0.32685276796588414
0.32685276796588414
0.32685331551016994
0.32685276796588414
0.3268533902680544
0.32685276796588414
0.3268533902680544
0.3268533902680544
0.3268533902680544
0.3268533902680544
0.3268533902680544
0.32685276796588414
0.3268533902680544
0.5239049676172
0.32685276796588414
0.33853816948181015
0.32685276796588414
0.32685276796588414
0.32685276796588414
0.3268533902680544
0.32685276796588414
0.32685276796588414
0.8913284016068799
0.32685276796588414
0.32784025507436865
0.3285887480021438
0.3268533902680544
0.3268533902680544
0.32685276796588414
0.32685276796588414
0.5821323373150242
0.3268526932079997
0.3268533902680544
0.3268533902680544
0.3268533902680544
0.32685276796588414
0.3268533902680544
0.32685276796588414
0.32685276796588414
0.32685276796588414
0.7310233630653322
0.32687808586756706
0.3547228764416944
0.3268533902680544
0.3268533902680544
0.32685276796588414
0.3268533902680544
0.32685276796588414
0.32685331551016994
0.32685276796588414
0.32685276796588414
0.32685276796588414
0.32685276796588414
0.32687808586756706
0.3268533902680544
0.32784025507436865
0.32685276796588414
0.3268526932079997
0.32685276796588414
0.3268526932079997
0.3268533902680544
0.32685276796588414
0.3268533902680544
0.3268533902680544
0.32685276796588414
0.32685276796588414
0.7957640537600177
0.3268533902680544
0.32922477174485354
0.3268533902680544
0.32685276796588414
0.3268533902680544
0.3268533902680544
0.32979863895448214
0.3268533902680544
0.32685276796588414
0.32685276796588414
0.32685276796588414
0.32685276796588414
0.5821323373150242
0.3268533902680544
0.32685276796588414
0.32685276796588414
0.32685276796588414
0.32685276796588414
0.3268533902680544
0.32685276796588414
0.3268533902680544
0.3268533902680544
0.3268533902680544
0.3268526932079997
0.32685276796588414
0.32685276796588414
0.3268533902680544
0.32685276796588414
0.32685276796588414
0.3268533902680544
0.3268533902680544
0.32685276796588414
0.3268533902680544
0.3268533902680544
0.3268533902680544
0.3268533902680544
0.5239049676172
0.3268533902680544
0.32685331551016994
0.3292347827486515
0.32685276796588414
0.32685331551016994
0.32685276796588414
0.32685276796588414
0.3268533902680544
0.3268533902680544
0.32685276796588414
0.3268533902680544
0.32685276796588414
0.3268533902680544
0.3268533902680544
0.32685276796588414
0.32685276796588414
0.3268533902680544
0.3268533902680544
0.32685276796588414
0.3268533902680544
0.3268533902680544
0.3268533902680544
0.3268526932079997
0.3268526932079997
0.32685276796588414
0.32685276796588414
0.3268533902680544
0.32685276796588414
0.32685276796588414
0.3268533902680544
0.32685331551016994
0.32685276796588414
0.32685276796588414
0.3268533902680544
0.3268533902680544
0.32685276796588414
0.3268533902680544
0.32685276796588414
0.32685276796588414
0.32685276796588414
0.3268533902680544
0.32685276796588414
0.32685331551016994
0.32685276796588414
0.3268526932079997
0.32685276796588414
0.32685276796588414
0.3268526932079997
0.3268526932079997
0.3268526932079997
0.8913952627871309
0.32685276796588414
0.32685276796588414
0.32685276796588414
0.32685276796588414
0.3268703252912324
0.3268533902680544
0.32685276796588414
0.3268533902680544
0.32685276796588414
0.32685276796588414
0.3268533902680544
0.3268533902680544
0.3268533902680544
0.35472349874386466
0.32685276796588414
0.3268533902680544
0.32685276796588414
0.32685276796588414
0.4468801815064599
0.3268526932079997
0.32685276796588414
0.32685276796588414
0.3268533902680544
0.3268533902680544
0.3268533902680544
0.32685276796588414
0.32685276796588414
0.32913300617106184
0.32685276796588414
0.32685276796588414
0.32685276796588414
0.3268533902680544
0.3268533902680544
0.32685276796588414
0.5822693060927726
0.32685276796588414
0.3268533902680544
0.5668540055745103
0.7957372607177207
0.3268533902680544
0.32685276796588414
0.3268533902680544
0.32685276796588414
0.3268533902680544
0.3268533902680544
0.3547235735017491
0.32685276796588414
0.3667754145579511
0.3268526932079997
0.5668306098571383
0.3268533902680544
0.36677670487824376
0.3292829692093842
0.32685276796588414
0.32685276796588414
0.3268533902680544
0.34654913573354695
0.32685276796588414
0.32685276796588414
0.32685276796588414
0.3268533902680544
0.32685331551016994
0.32685276796588414
0.3268533902680544
0.32685276796588414
0.32685276796588414
0.32685276796588414
0.3268533902680544
0.3268533902680544
0.32685276796588414
0.32685276796588414
0.32685276796588414
0.3268533902680544
0.32685276796588414
0.32685276796588414
0.32687102235128707
0.3268533902680544
0.3268526932079997
0.32685276796588414
0.3268533902680544
0.3268533902680544
0.32685276796588414
0.3268533902680544
0.32685276796588414
0.32685276796588414
0.35314234924509325
0.3268533902680544
0.3268533902680544
0.3268526932079997
0.3268533902680544
0.3268533902680544
0.32685276796588414
0.32685276796588414
0.3268533902680544
0.3268533902680544
0.3268526932079997
0.32685276796588414
0.3268533902680544
0.32685276796588414
0.3268533902680544
0.3268533902680544
0.32685276796588414
0.32685276796588414
0.3268533902680544
0.32685276796588414
0.32685276796588414
0.32685276796588414
0.32685276796588414
0.32685276796588414
0.3268533902680544
0.32685331551016994
0.32685276796588414
0.3268533902680544
0.32685276796588414
0.3268526932079997
0.32685276796588414
0.3268526932079997
0.3268533902680544
0.32685276796588414
0.3268533902680544
0.32685276796588414
0.32685276796588414
0.32685276796588414
0.3268533902680544
0.32685276796588414
0.32685276796588414
0.3268533902680544
0.32685276796588414
0.3268526932079997
0.3268533902680544
0.3268533902680544
0.3268533902680544
0.3268533902680544
0.3268533902680544
0.32685276796588414
0.3268533902680544
0.3268533902680544
0.3268533902680544
0.3268533902680544
0.32685276796588414
0.3268526932079997
0.3268533902680544
0.3268533902680544
0.32685276796588414
0.32685276796588414
0.32685331551016994
0.32687102235128707
0.32685276796588414
0.32685276796588414
0.32685276796588414
0.32685276796588414
0.3268533902680544
0.3268533902680544
0.32685276796588414
0.3268533902680544
0.7960324352958629
0.32685276796588414
0.3268533902680544
0.32685276796588414
0.3268533902680544
0.3268533902680544
0.32685276796588414
0.3268533902680544
0.3547235735017491
0.32685276796588414
0.32685276796588414
0.3268533902680544
0.3268533902680544
0.32685276796588414
0.3268533902680544
0.32685276796588414
0.32685276796588414
0.32685276796588414
0.3268533902680544
0.3285787369983459
0.3268533902680544
0.3268526932079997
0.32685276796588414
0.32685276796588414
0.3268533902680544
0.32685276796588414
0.3268533902680544
0.32685276796588414
0.3268533902680544
0.32685276796588414
0.32685276796588414
0.32685276796588414
0.32685276796588414
0.32784025507436865
0.3268533902680544
0.8676094949449146
0.32685276796588414
0.3268533902680544
0.3268533902680544
0.32685276796588414
0.3547235735017491
0.3465497580357172
0.32685276796588414
0.3268533902680544
0.3268533902680544
0.3268533902680544
0.3268533902680544
0.3268533902680544
0.3268533902680544
0.32685276796588414
0.35472349874386466
0.3268533902680544
0.32685276796588414
0.3283985300784361
0.32685276796588414
0.32685276796588414
0.32685276796588414
0.32685276796588414
0.3268526932079997
0.32685276796588414
0.7960593030960443
0.3268533902680544
0.32685276796588414
0.3268533902680544
0.3268533902680544
0.32685276796588414
0.3268533902680544
0.32685276796588414
0.32685276796588414
0.3268533902680544
0.3268533902680544
0.32685276796588414
0.3268533902680544
0.3268533902680544
0.3268533902680544
0.32685276796588414
0.32685276796588414
0.32685276796588414
0.32685276796588414
1.4414395809566978
0.32685276796588414
0.32685331551016994
0.3268533902680544
0.3268533902680544
0.32685276796588414
0.34654913573354695
0.32685276796588414
0.3268533902680544
0.3268533902680544
0.3547228764416944
0.32685276796588414
0.7957641285179022
0.32685276796588414
0.3268533902680544
0.7960324352958629
0.3268533902680544
0.3268526932079997
0.32685276796588414
0.32685276796588414
0.32685276796588414
0.3268533902680544
0.32685276796588414
0.3268526932079997
0.3268533902680544
0.3268526932079997
0.3268533902680544
0.7960324352958629
0.32685276796588414
0.3268533902680544
0.32685276796588414
0.32685276796588414
0.32685276796588414
0.32685276796588414
0.32685276796588414
0.32685276796588414
0.3547405085249271
0.3268533902680544
0.3268533902680544
0.3268533902680544
0.32685276796588414
0.3268533902680544
0.3268526932079997
0.32685276796588414
0.32685276796588414
0.32685276796588414
0.32685276796588414
0.32839915238060635
0.32685276796588414
0.32685331551016994
0.3268533902680544
0.32685331551016994
0.3268533902680544
0.3268533902680544
0.32685276796588414
0.3268533902680544
0.3268533902680544
0.3268533902680544
0.32685276796588414
0.3268533902680544
0.32685276796588414
0.3268533902680544
0.32685276796588414
0.32685276796588414
0.32685276796588414
0.32685276796588414
0.32685276796588414
0.3268533902680544
0.32685276796588414
1.4414510735002701
0.3268533902680544
0.3268533902680544
0.32685276796588414
0.3268533902680544
0.3268533902680544
0.32784025507436865
0.32685331551016994
0.32685276796588414
0.3268780111096826
0.32685276796588414
0.32685276796588414
0.3268533902680544
0.3268533902680544
0.32685276796588414
0.3268526932079997
0.32685276796588414
0.3268533902680544
0.32685276796588414
0.3268526932079997
0.3268533902680544
0.32685276796588414
0.3268533902680544
0.3268533902680544
0.32784025507436865
0.3268533902680544
0.7307550562873716
0.3297733210527992
0.3268533902680544
0.32685276796588414
0.32685276796588414
0.3268533902680544
0.32685276796588414
0.32685276796588414
0.32685276796588414
0.3268533902680544
0.3268533902680544
0.32685276796588414
0.3268526932079997
0.3268533902680544
0.32685276796588414
0.3268533902680544
0.32685276796588414
0.32685276796588414
0.3268533902680544
0.3268533902680544
0.32685276796588414
0.3268533902680544
0.32685276796588414
0.32685276796588414
0.3268533902680544
0.32922477174485354
0.3268526932079997
0.32685276796588414
0.3268533902680544
0.3268526932079997
0.3268533902680544
0.3268533902680544
0.3268533902680544
0.32685331551016994
0.32685276796588414
0.5821323373150242
0.3268704000491168
1.4414510735002701
0.3268533902680544
0.3268533902680544
0.32685276796588414
0.3268533902680544
0.32685276796588414
0.3285787369983459
0.32685276796588414
0.32685276796588414
0.32685276796588414
0.32687808586756706
0.32685276796588414
0.32685276796588414
0.3268533902680544
0.3268526932079997
0.3268533902680544
0.3268526932079997
0.32685276796588414
0.3268526932079997
0.32685276796588414
0.32685276796588414
0.32685276796588414
0.3268533902680544
0.3268533902680544
0.9504594396517244
0.3268533902680544
0.32685276796588414
0.3268533902680544
0.3268533902680544
0.3268533902680544
0.3268533902680544
0.32685276796588414
0.32685276796588414
0.32685276796588414
0.3268533902680544
0.4242869981129621
0.3268533902680544
0.3268533902680544
0.32685276796588414
0.3268533902680544
0.32685276796588414
0.3268533902680544
0.32685276796588414
0.3268533902680544
0.7957641285179022
0.32685276796588414
0.32685276796588414
0.32685276796588414
0.32685276796588414
0.32685276796588414
0.3268533902680544
0.32685276796588414
0.3268533902680544
0.32685276796588414
0.32685276796588414
0.3547228764416944
0.3268526932079997
0.32685331551016994
0.3268533902680544
0.32685276796588414
0.3268533902680544
0.32685276796588414
0.3268526932079997
0.32685276796588414
0.3268533902680544
0.32685276796588414
0.32685276796588414
0.32691096543041476
0.32685276796588414
0.3268526932079997
0.32685276796588414
0.3268526932079997
0.32685331551016994
0.32685276796588414
0.32685331551016994
0.32685276796588414
0.3268526932079997
0.32685276796588414
0.32741374717266536
0.34654913573354695
0.3268533902680544
0.32685276796588414
0.3268533902680544
0.32685276796588414
0.32685276796588414
0.32685276796588414
0.8912319881690218
0.32685276796588414
0.32687808586756706
0.3268526932079997
0.32685276796588414
0.3289581317822853
0.3268533902680544
0.32685331551016994
0.32685276796588414
0.32685276796588414
0.3268533902680544
0.32685276796588414
0.32685276796588414
0.32685276796588414
0.32687102235128707
0.32685276796588414
0.32685276796588414
0.3268533902680544
0.5821300838432796
0.32839915238060635
0.3285787369983459
0.3268533902680544
0.3268533902680544
0.32685276796588414
0.3268533902680544
0.3268533902680544
0.3268533902680544
0.3268533902680544
0.3268704000491168
0.32685276796588414
0.3268533902680544
0.32685276796588414
0.3268533902680544
0.32685276796588414
0.32685276796588414
0.3268533902680544
0.32685276796588414
0.32839915238060635
0.32685276796588414
0.32685276796588414
0.3268704000491168
0.32685276796588414
0.32685276796588414
0.32685276796588414
0.32685276796588414
0.32685276796588414
1.419655488994486
0.32685276796588414
0.32685276796588414
0.32685276796588414
0.32685276796588414
0.32685276796588414
0.32685276796588414
0.3268533902680544
0.32685276796588414
0.3547228764416944
0.3268533902680544
0.3268533902680544
0.3268533902680544
0.32685276796588414
0.3268533902680544
0.3268533902680544
0.3268533902680544
0.3268533902680544
0.3268533902680544
0.32685276796588414
