0.3268533902680544
0.3268533902680544
0.35472349874386466
0.3385382442396946
0.3268533902680544
0.3268533902680544
0.3268533902680544
0.3268533902680544
0.3268533902680544
0.3268533902680544
0.3268533902680544
0.5535227430530666
0.3268533902680544
0.35472295119957886
0.4468497242395054
1.4414510735002701
0.5821323373150242
0.34711081200038285
0.3285887480021438
0.3268533902680544
0.3268533902680544
0.35472349874386466
0.32685276796588414
0.32977394335496946
0.3268533902680544
0.3268533902680544
0.32685276796588414
0.35474819434337734
0.3268533902680544
0.32685276796588414
0.32861344360165656
1.452788611137191
0.3268533902680544
0.3268533902680544
0.32685276796588414
0.35472349874386466
0.3268533902680544
0.3268533902680544
0.3268533902680544
0.3268533902680544
0.3268533902680544
0.3268533902680544
0.3268533902680544
0.32839915238060635
0.3268533902680544
0.3268533902680544
0.32685276796588414
0.3268533902680544
0.3268533902680544
0.5668293099749976
2.1625723216686428
0.3268533902680544
0.3268533902680544
0.5238745103502453
0.3268526932079997
0.5534923605439964
0.3268533902680544
0.32693628333209773
0.32685276796588414
0.3268533902680544
0.3268533902680544
0.3268533902680544
0.3268533902680544
0.32839915238060635
0.32685276796588414
0.3391175417306245
0.3268533902680544
0.3268533902680544
0.3268533902680544
0.32839915238060635
0.3268533902680544
0.32685276796588414
0.3268533902680544
0.5821323373150242
0.3268533902680544
0.3465497580357172
0.32693628333209773
0.3268533902680544
0.3268533902680544
0.3268533902680544
0.3268533902680544
0.3547235735017491
0.3268533902680544
0.3268533902680544
0.9504673604195495
0.33986541235622947
0.3268533902680544
0.3268533902680544
0.3268533902680544
0.32685276796588414
0.3268533902680544
0.3268533902680544
0.3268533902680544
0.3268533902680544
0.3268533902680544
0.3268533902680544
0.32685331551016994
0.3268533902680544
0.3268533902680544
0.3268533902680544
0.35033305197023223
0.32685276796588414
0.32860343259785857
0.32685276796588414
0.3268533902680544
0.3268533902680544
0.32693566102992744
0.3268533902680544
0.3268533902680544
0.3278408773765389
0.3285887480021438
0.32687102235128707
0.3547235735017491
0.3268533902680544
0.33813005462214
0.35472349874386466
0.3268533902680544
0.7480058471173301
0.32685331551016994
0.3268533902680544
0.3268533902680544
0.3268533902680544
0.3268533902680544
0.3268533902680544
0.3268533902680544
0.5668306098571383
0.3274138219305498
0.3268533902680544
0.3268533902680544
0.3268533902680544
0.3268780111096826
0.3268533902680544
0.3268533902680544
0.32685276796588414
0.3268533902680544
0.3268533902680544
0.3268533902680544
0.3268533902680544
0.32685276796588414
0.32685276796588414
0.3268533902680544
0.3465497580357172
0.32784025507436865
0.32685276796588414
0.3268533902680544
0.3268533902680544
0.3268533902680544
0.3268533902680544
0.3268533902680544
0.32685331551016994
0.3381313449424327
0.3268533902680544
0.32685276796588414
0.3268533902680544
0.32685276796588414
0.3268533902680544
0.32685276796588414
0.3268533902680544
0.3268533902680544
0.3268533902680544
0.3268533902680544
0.3268533902680544
0.3268533902680544
0.3268533902680544
0.3268533902680544
1.6201714162358731
0.5554765026753146
0.3268533902680544
0.3268533902680544
0.32687808586756706
0.3268533902680544
0.3268533902680544
0.3268533902680544
0.32979157543820214
0.3268533902680544
0.3268533902680544
0.3268533902680544
0.3268533902680544
0.3667754145579511
0.3268533902680544
0.3268533902680544
0.3268533902680544
0.32685276796588414
0.3268533902680544
0.3268533902680544
0.3268533902680544
0.3268533902680544
0.3268533902680544
0.3268533902680544
0.35472295119957886
0.3268533902680544
0.32685276796588414
0.3385382442396946
0.5668306098571383
0.32685276796588414
0.32685276796588414
0.3268533902680544
0.3268533902680544
0.3268533902680544
0.3268533902680544
0.3268533902680544
0.3268533902680544
0.3465684272416519
0.32685276796588414
0.3268533902680544
0.3268533902680544
0.3268533902680544
0.3268533902680544
0.3268533902680544
0.32784025507436865
0.5668306098571383
0.3268533902680544
0.9504594396517244
0.3268533902680544
0.3268533902680544
0.3268533902680544
0.3268533902680544
0.7900768831229603
0.326911587732585
0.32685276796588414
0.3268533902680544
0.3385382442396946
0.3268533902680544
0.3268533902680544
1.4414401221982664
0.3268533902680544
0.3268533902680544
0.3268533902680544
0.32685276796588414
0.32784025507436865
0.32685276796588414
0.3268533902680544
0.32685276796588414
0.3268533902680544
0.35472349874386466
0.3268533902680544
0.3268533902680544
0.3268533902680544
0.3268533902680544
0.32685276796588414
0.3268533902680544
0.32685276796588414
1.4414510735002701
0.3285887480021438
0.3268533902680544
0.32685276796588414
0.3268533902680544
0.3268533902680544
0.3268533902680544
0.32685276796588414
0.32685276796588414
0.32685276796588414
0.3268533902680544
0.3268533902680544
0.3268533902680544
0.3268533902680544
0.33813005462214
0.3268533902680544
0.3385382442396946
0.566856722886996
0.4651192800017783
0.3268533902680544
0.3285887480021438
0.3268533902680544
0.3268533902680544
0.35472349874386466
0.32784025507436865
0.32685276796588414
0.3268533902680544
0.32685276796588414
0.32685276796588414
0.8912250209908006
0.3278408773765389
0.3268533902680544
0.3268533902680544
0.3268533902680544
0.3268533902680544
0.3268533902680544
0.3268533902680544
0.3268533902680544
0.3268533902680544
0.3268533902680544
0.3268533902680544
0.32685276796588414
0.3268533902680544
0.32685276796588414
0.32685276796588414
0.3268533902680544
0.3268533902680544
0.3268533902680544
0.9504673604195495
0.32693628333209773
0.34711081200038285
0.3268533902680544
0.3268533902680544
0.3289581317822853
0.32685276796588414
0.3268533902680544
0.3297909531360319
0.32839915238060635
0.33813005462214
0.35480646656579246
0.34711081200038285
0.3547235735017491
0.3268533902680544
0.3268533902680544
1.4414514960420408
0.3297733210527992
0.3268533902680544
0.3268533902680544
0.3268533902680544
0.3268533902680544
0.3268533902680544
0.32685331551016994
0.32685276796588414
0.3285887480021438
0.3268533902680544
0.3268533902680544
0.32922477174485354
0.32784025507436865
0.3268533902680544
0.32685276796588414
0.5668306098571383
0.3268533902680544
0.3268533902680544
0.3268533902680544
0.32977394335496946
0.7957372607177207
0.326911587732585
0.3268533902680544
0.5821571504627411
0.3268533902680544
0.3268533902680544
0.3268533902680544
0.32685276796588414
0.32687808586756706
0.326911587732585
0.32977394335496946
0.3268533902680544
0.32692921981581774
0.33035262940286786
0.3465497580357172
0.3268533902680544
0.32685276796588414
0.32685276796588414
0.32685331551016994
0.4468497242395054
0.32685276796588414
0.3268533902680544
0.3268533902680544
0.3268533902680544
0.3268533902680544
0.3465497580357172
0.32685276796588414
0.3268533902680544
0.3268533902680544
0.3268533902680544
0.3268533902680544
0.32839915238060635
0.3547235735017491
0.9504584860621205
0.32687102235128707
0.35472349874386466
0.3285887480021438
0.3268533902680544
0.3268533902680544
0.32685276796588414
0.3268533902680544
0.3268533902680544
0.3268533902680544
0.32685276796588414
0.3268533902680544
0.3268533902680544
0.3268533902680544
0.3381299798642556
0.33813005462214
0.3268533902680544
0.3268533902680544
0.3268533902680544
0.32685276796588414
0.3268533902680544
0.33813005462214
0.32685331551016994
0.3268533902680544
0.32685331551016994
0.3268533902680544
0.4468497242395054
0.3268533902680544
0.3268533902680544
0.3268533902680544
1.4414510735002701
0.3268533902680544
0.3268533902680544
0.3268533902680544
0.32922477174485354
0.32685276796588414
0.33821232538401313
0.3268533902680544
0.32687102235128707
0.3268533902680544
0.3268533902680544
0.7957372607177207
0.3268533902680544
0.3547235735017491
0.3268533902680544
0.3268533902680544
0.3268533902680544
0.32687102235128707
0.32687808586756706
0.32685276796588414
0.5238745103502453
0.8912250209908006
0.3268533902680544
0.3268533902680544
0.32977394335496946
0.3268533902680544
0.3268533902680544
0.3283985300784361
0.3278408773765389
0.44687947062282807
0.3268533902680544
0.8912250209908006
0.32839915238060635
0.3268533902680544
0.3268533902680544
0.3268533902680544
0.3268526932079997
0.5668306098571383
0.3268533902680544
0.7957372607177207
0.32741444423272004
0.3268533902680544
0.3268533902680544
0.3268533902680544
0.3268533902680544
0.3268533902680544
0.32922477174485354
0.3268533902680544
0.3268526932079997
0.3268533902680544
0.3268533902680544
0.3268533902680544
0.32687808586756706
0.3268533902680544
0.3268533902680544
0.3268533902680544
0.3268533902680544
0.32685276796588414
0.3268533902680544
0.3268533902680544
0.3268533902680544
0.8912250209908006
0.326911587732585
0.3268533902680544
0.5238745103502453
0.3465497580357172
0.3268533902680544
0.3646415013991626
0.32685276796588414
0.3547816962083953
0.3268533902680544
0.3268533902680544
0.3268533902680544
0.3268533902680544
0.32685331551016994
0.32741444423272004
0.3268533902680544
0.3268533902680544
0.3268533902680544
0.32685276796588414
0.3268533902680544
0.32693628333209773
0.32685276796588414
0.3268533902680544
0.3268533902680544
0.3268533902680544
0.32685276796588414
0.3268533902680544
0.8912240674011968
0.32685276796588414
0.3268533902680544
0.3268533902680544
0.32693628333209773
0.3268533902680544
0.3268533902680544
0.5534923605439964
0.3278408773765389
0.3268533902680544
0.32685276796588414
0.3268533902680544
1.4414510735002701
0.3268533902680544
0.3268533902680544
0.3268533902680544
0.32861344360165656
0.32685276796588414
0.32685276796588414
0.328957509480115
0.3268533902680544
0.3268533902680544
0.5238745103502453
0.3268533902680544
0.3268533902680544
0.32685276796588414
0.3268533902680544
0.8912250209908006
0.3268533902680544
0.3268533902680544
0.3268533902680544
0.3268533902680544
0.3268533902680544
0.32685331551016994
0.3268533902680544
0.3268533902680544
0.3268533902680544
0.3268533902680544
0.3268533902680544
0.3268533902680544
0.32687102235128707
0.3268533902680544
0.32839915238060635
0.3268533902680544
0.32861344360165656
0.326911587732585
0.32685276796588414
0.32685276796588414
0.5534923605439964
0.3268533902680544
0.32691096543041476
0.3646674873189679
0.3268533902680544
0.3268533902680544
0.32685276796588414
0.5238745103502453
0.3268533902680544
0.3268533902680544
0.3268533902680544
0.3381294323199697
0.3268533902680544
0.3268533902680544
0.3465684272416519
0.3268533902680544
0.3268533902680544
0.3303349973196351
0.3268533902680544
0.3268533902680544
0.32685276796588414
0.4468490133558735
0.32685276796588414
0.3278408773765389
0.32685276796588414
0.3268533902680544
0.35472295119957886
0.32685276796588414
0.3285887480021438
0.326911587732585
0.3268533902680544
0.32685276796588414
0.326911587732585
0.3268533902680544
0.3268533902680544
0.3268533902680544
0.3268774635653968
0.3268533902680544
0.3268533902680544
0.3268533902680544
0.3268533902680544
0.32685276796588414
0.3268533902680544
0.3268533902680544
0.3268533902680544
0.3268533902680544
0.3268533902680544
0.32860343259785857
0.3268533902680544
0.8912250209908006
0.3268533902680544
0.3268533902680544
0.3268533902680544
0.3268526932079997
0.32685276796588414
0.3395257313481791
0.3268533902680544
0.3268533902680544
0.5668306098571383
0.32685276796588414
1.4414510735002701
0.32685276796588414
0.32979157543820214
0.32977394335496946
0.3268533902680544
0.32685331551016994
0.7957372607177207
0.3268533902680544
0.3268533902680544
0.3268533902680544
0.3268533902680544
0.3268533902680544
0.3268533902680544
0.3268533902680544
0.328957509480115
0.3547235735017491
0.5668306098571383
0.3268533902680544
0.3268533902680544
0.3268533902680544
0.32685276796588414
0.3268533902680544
0.8912329417586258
0.3268533902680544
0.3465497580357172
0.3268533902680544
0.3268533902680544
0.35472349874386466
0.3268533902680544
0.3268533902680544
0.3268533902680544
0.3268533902680544
0.3268533902680544
0.8912250209908006
0.32977394335496946
0.32685276796588414
0.3268533902680544
0.3268533902680544
0.3268533902680544
0.32685276796588414
0.3268533902680544
0.9504673604195495
0.3268533902680544
0.32685276796588414
0.3268533902680544
0.3268533902680544
0.32685276796588414
0.32685276796588414
0.3268533902680544
0.3268533902680544
0.3268533902680544
0.3268533902680544
0.3268533902680544
0.3268533902680544
0.32685276796588414
0.3268533902680544
0.3268533902680544
0.3268533902680544
0.3285887480021438
0.3268533902680544
0.32685276796588414
0.3268533902680544
0.3268533902680544
0.3268533902680544
0.3268533902680544
0.3268533902680544
0.32685276796588414
0.5668306098571383
0.4468801815064599
0.32685276796588414
0.326911587732585
0.3268774635653968
0.4468497242395054
0.3268533902680544
0.32685276796588414
0.3268533902680544
0.3268533902680544
0.3268533902680544
0.5427227111134195
0.3268533902680544
0.32685276796588414
0.3268533902680544
0.3268533902680544
0.3268533902680544
0.3268526932079997
0.32685276796588414
0.3268533902680544
0.32685276796588414
0.3268533902680544
0.32685276796588414
0.3268533902680544
0.3268533902680544
0.3268533902680544
0.51796016103783
0.3268533902680544
0.32685276796588414
0.32685276796588414
0.3268526932079997
0.3487535394544805
0.3278408773765389
0.3268533902680544
0.3268533902680544
0.32685276796588414
0.3268533902680544
0.3268533902680544
0.3268533902680544
0.32685276796588414
0.3268533902680544
0.3268533902680544
0.3268533902680544
0.3268533902680544
0.3268533902680544
0.3268533902680544
0.32685276796588414
0.32685331551016994
0.3268533902680544
0.3268533902680544
0.3268533902680544
0.3385382442396946
0.35359001150712205
0.5534923605439964
0.3268533902680544
0.32693628333209773
0.5821323373150242
0.3268533902680544
0.32693566102992744
0.3268533902680544
0.3471101896982126
0.3268533902680544
0.3268533902680544
0.3268533902680544
0.32685276796588414
0.44709573295066685
0.3268533902680544
0.3268533902680544
0.5238745103502453
0.32685276796588414
0.9504673604195495
0.32685276796588414
0.3268533902680544
0.32685276796588414
0.32685276796588414
0.32685331551016994
0.3268533902680544
0.4468497242395054
0.3268533902680544
0.3268533902680544
0.3268533902680544
0.3268533902680544
0.32685276796588414
0.5238745103502453
0.32784025507436865
0.3268533902680544
0.35472349874386466
0.32685276796588414
0.3268533902680544
0.3268533902680544
0.32685276796588414
0.3268533902680544
1.419655488994486
0.3268533902680544
0.9504584860621205
0.3268533902680544
0.8912250209908006
0.3268533902680544
0.32685276796588414
0.3268533902680544
0.32685276796588414
0.3268533902680544
0.32839915238060635
0.3268533902680544
0.3547235735017491
0.32977394335496946
0.7957372607177207
0.32741444423272004
0.3268533902680544
0.5238745103502453
0.32741444423272004
0.3285887480021438
0.9504594396517244
0.3268533902680544
0.3268533902680544
0.3268533902680544
0.32685276796588414
0.35472349874386466
0.3268533902680544
0.3268533902680544
0.3268533902680544
0.32687808586756706
0.32685276796588414
0.33813005462214
0.3268533902680544
0.3268533902680544
0.8912250209908006
0.3547482691012618
0.3465684272416519
0.3268533902680544
0.32685276796588414
0.3268533902680544
0.3268533902680544
0.3268533902680544
0.3268533902680544
0.32685276796588414
0.3268533902680544
0.7957372607177207
0.3268533902680544
0.3268533902680544
0.4468497242395054
0.3547235735017491
0.3268533902680544
0.3268533902680544
0.3268533902680544
0.3268533902680544
0.34654913573354695
0.32685276796588414
0.32685276796588414
0.3268533902680544
0.3547228764416944
0.32687808586756706
0.3268533902680544
0.8912250209908006
0.3547235735017491
0.3268533902680544
0.3268533902680544
0.3268533902680544
0.3268533902680544
1.4519892344339713
0.326911587732585
0.3268533902680544
0.3268533902680544
0.3268533902680544
0.3268533902680544
0.32685331551016994
0.327923148138412
0.3268533902680544
0.3268533902680544
0.8912250209908006
0.3329807654224374
0.326911587732585
0.32685276796588414
0.3268533902680544
0.32685331551016994
1.4414510735002701
0.3268533902680544
0.9504594396517244
0.326911587732585
0.3268533902680544
0.32977394335496946
0.3268533902680544
0.32979157543820214
0.5238745103502453
0.3268533902680544
0.32685276796588414
0.3268533902680544
0.32685276796588414
0.3268533902680544
0.326911587732585
0.3268533902680544
0.32784025507436865
0.3268533902680544
0.3268533902680544
0.3268533902680544
0.4468497242395054
0.3547235735017491
0.32685276796588414
0.3268533902680544
0.3268533902680544
0.3268533902680544
0.3268533902680544
0.3268533902680544
0.5238745103502453
0.32685276796588414
0.32685276796588414
0.3268533902680544
0.3268533902680544
0.3268533902680544
0.3466079555002478
0.32685276796588414
0.32685276796588414
0.3268533902680544
0.566856722886996
0.32685276796588414
0.3268533902680544
0.3268533902680544
0.3268533902680544
0.3268533902680544
0.3465684272416519
0.3268533902680544
0.3268533902680544
0.34713550759989553
0.35472349874386466
0.3268533902680544
0.32685276796588414
0.3268533902680544
0.3268533902680544
0.3268533902680544
0.3268533902680544
0.3268533902680544
0.3268533902680544
0.3268533902680544
0.32685276796588414
0.3268533902680544
0.3268533902680544
0.33853762193752435
0.3268533902680544
0.32685276796588414
0.3268533902680544
0.3268533902680544
0.3268533902680544
0.32685276796588414
0.32685331551016994
0.5854022678133948
0.32685276796588414
0.3268533902680544
0.3268533902680544
0.3268774635653968
0.32687102235128707
0.9504594396517244
0.3268533902680544
0.3268533902680544
0.3268533902680544
0.3268533902680544
0.3268533902680544
0.3268533902680544
0.3268533902680544
0.3268533902680544
0.3547228764416944
0.3471101896982126
0.32685276796588414
0.3268533902680544
0.3268533902680544
0.3268533902680544
0.3268533902680544
0.326911587732585
0.3278408773765389
0.3268533902680544
0.3268533902680544
0.3560584442391577
0.32685276796588414
0.3268533902680544
0.3268533902680544
0.3268533902680544
0.3465744536352299
0.8917843521830551
0.5821584503448819
0.3268533902680544
0.32685276796588414
0.3268533902680544
0.32687102235128707
0.3289581317822853
0.32685276796588414
0.32685276796588414
0.3268533902680544
0.5668306098571383
0.3283985300784361
0.3268533902680544
0.3385382442396946
0.3268533902680544
0.3268533902680544
0.32685276796588414
0.3268533902680544
0.32685331551016994
0.3268533902680544
0.32685331551016994
0.3646415013991626
0.32685276796588414
0.32685276796588414
0.32685276796588414
0.3268533902680544
0.32922477174485354
0.32839915238060635
0.32685276796588414
0.3268533902680544
0.32685276796588414
0.3268533902680544
0.3268533902680544
0.3465497580357172
0.3268533902680544
0.3268533902680544
0.3268533902680544
0.3268533902680544
0.3268533902680544
0.3268533902680544
0.3268533902680544
0.32685276796588414
0.3268533902680544
0.3268533902680544
0.32685276796588414
0.3285887480021438
0.32685276796588414
0.32685276796588414
0.3268533902680544
0.3268533902680544
0.32685331551016994
0.33813005462214
0.3268533902680544
0.32693566102992744
0.3268533902680544
0.32839915238060635
0.32685276796588414
0.3268533902680544
0.7957641285179022
0.3268533902680544
0.3268533902680544
0.3268533902680544
0.32784025507436865
0.32685331551016994
0.32685276796588414
0.3268533902680544
0.3268533902680544
0.32693628333209773
0.32687102235128707
0.3268533902680544
0.523874435592361
