0.3268709475934026
0.3268533902680544
0.32839915238060635
0.3268533902680544
0.3268533902680544
0.3268533902680544
0.3268533902680544
0.3268533902680544
0.3268533902680544
0.3268533902680544
0.4242565408460075
1.4414510735002701
0.3547235735017491
0.35472349874386466
0.3268533902680544
0.3268526932079997
0.32687808586756706
0.32685276796588414
0.3268533902680544
0.7957371859598362
0.8912250209908006
0.3268533902680544
0.3268533902680544
0.33813005462214
0.3268533902680544
0.3268533902680544
0.5534923605439964
0.3268533902680544
0.3268533902680544
0.3268533902680544
0.3278401803164842
0.3465497580357172
0.3268533902680544
0.32685276796588414
0.32685276796588414
0.3268533902680544
0.3268533902680544
0.3268533902680544
0.32884433584041356
0.8922760824280729
0.3268533902680544
0.4468497242395054
0.3268533902680544
0.3268533902680544
0.3268533902680544
0.3268533902680544
0.3268533902680544
0.3268533902680544
0.3268533902680544
0.3268533902680544
1.294994769865508
0.3268533902680544
0.3268533902680544
0.32685276796588414
0.3268533902680544
0.3268533902680544
0.3268533902680544
0.5822706059749134
0.5238745103502453
0.3268533902680544
0.3268533902680544
0.3268533902680544
0.3268533902680544
0.32685276796588414
0.32685276796588414
0.3268533902680544
0.3268533902680544
0.32685276796588414
0.7957641285179022
0.3268533902680544
0.3268533902680544
0.3465497580357172
0.3268526932079997
0.3268533902680544
0.33853945980210276
1.5571483482429058
0.3268533902680544
0.32977394335496946
0.32685276796588414
0.32839915238060635
0.5821818460622538
0.3268533902680544
0.3268533902680544
0.3278408773765389
0.32685331551016994
1.4414510735002701
0.32685276796588414
0.3268533902680544
0.3268533902680544
0.3268533902680544
0.32685276796588414
1.4414391584149269
0.3268533902680544
0.3268533902680544
1.6422485458780254
0.3268533902680544
0.3278408773765389
0.3268533902680544
0.32839915238060635
0.3268533902680544
0.3465497580357172
0.32977394335496946
0.3268533902680544
0.3268533902680544
0.3268533902680544
1.4414528812301675
0.33813005462214
0.3268533902680544
0.3268533902680544
0.32685331551016994
0.3268533902680544
0.3268533902680544
0.7957372607177207
0.3268533902680544
0.32685276796588414
0.3268533902680544
0.3268533902680544
0.3268533902680544
0.3268533902680544
0.3268533902680544
0.3268533902680544
0.32685276796588414
0.3547235735017491
0.3268533902680544
0.3268533902680544
0.3268533902680544
0.3268533902680544
0.32685276796588414
0.3268533902680544
0.3268533902680544
0.3268533902680544
0.3268533902680544
0.32685331551016994
0.32685331551016994
0.3268533902680544
0.3268533902680544
0.3268533902680544
0.3268533902680544
0.32983214081950013
0.3268533902680544
0.3268533902680544
0.3268533902680544
0.3268533902680544
0.3268533902680544
0.3268533902680544
0.3268533902680544
0.3268533902680544
0.3268533902680544
0.3268533902680544
0.3268533902680544
0.3268533902680544
0.3268533902680544
0.32685331551016994
0.32685276796588414
0.3289581317822853
0.32685276796588414
0.32685276796588414
0.3385382442396946
0.32685276796588414
0.3268533902680544
0.3268533902680544
0.3268533902680544
0.3268533902680544
0.3268533902680544
0.3268533902680544
0.33813005462214
0.3268533902680544
0.3268533902680544
0.32685276796588414
0.3268533902680544
0.3268533902680544
0.3268533902680544
0.9504594396517244
0.3268533902680544
0.32685331551016994
0.3268533902680544
0.33853816948181015
0.3283985300784361
0.3268533902680544
0.32685276796588414
0.3268533902680544
0.3268533902680544
0.3268533902680544
0.3268533902680544
0.3268533902680544
0.3268533902680544
0.3268533902680544
0.3268533902680544
0.3268533902680544
0.32685276796588414
0.3268533902680544
0.3268533902680544
0.3381547502216527
0.3268533902680544
0.3268533902680544
0.32685276796588414
0.3268533902680544
0.3268533902680544
0.3268533902680544
2.1625723216686428
0.3381294323199697
0.3268533902680544
0.32685276796588414
0.7957372607177207
0.3268533902680544
0.3307608081612837
0.3268533902680544
0.32979157543820214
0.3268533902680544
0.3268533902680544
0.3268533902680544
0.3268533902680544
0.3268533902680544
0.3268533902680544
0.3268533902680544
0.3268533902680544
0.3268533902680544
0.32685276796588414
0.7957372607177207
0.3268533902680544
0.4468497242395054
0.3268533902680544
0.3268533902680544
0.3268533902680544
1.4414510735002701
0.3268533902680544
0.553492285786112
0.3268533902680544
0.326911587732585
0.3268533902680544
0.3268533902680544
0.7309986674658195
0.3268533902680544
0.32685276796588414
0.3268533902680544
0.3268533902680544
0.3268533902680544
0.3268533902680544
0.3268533902680544
1.4414510735002701
0.3268533902680544
0.3268533902680544
0.3268533902680544
0.32685331551016994
0.3268533902680544
0.3268533902680544
0.3268533902680544
0.3268533902680544
0.3268533902680544
0.3268533902680544
0.3268533902680544
0.3268533902680544
0.3268533902680544
0.3268533902680544
0.3465684272416519
0.3268533902680544
0.3268533902680544
0.3268533902680544
0.3268533902680544
0.3268533902680544
0.3268533902680544
0.3268533902680544
0.32685276796588414
0.3268533902680544
0.3268533902680544
0.3268533902680544
0.32784025507436865
0.32685276796588414
0.32741444423272004
0.3667760368601213
0.32685276796588414
0.5668306098571383
0.35472295119957886
0.3268533902680544
0.3285887480021438
0.3268533902680544
0.34654913573354695
0.3268533902680544
0.3268533902680544
0.3268533902680544
0.3297909531360319
0.34711081200038285
0.32691096543041476
0.3268533902680544
0.32687808586756706
1.4414510735002701
0.3268533902680544
0.3268533902680544
0.3268533902680544
0.3268533902680544
0.3268533902680544
0.32685276796588414
0.32685276796588414
0.3268533902680544
0.3268533902680544
0.3268533902680544
0.3268533902680544
0.32685276796588414
0.3268533902680544
0.32685276796588414
0.3268533902680544
0.3465497580357172
0.3268533902680544
0.32685276796588414
0.3268533902680544
0.3268533902680544
0.3547235735017491
0.3268533902680544
0.3268533902680544
0.32685276796588414
0.3268533902680544
0.3268533902680544
2.16735429678788
0.32685276796588414
0.32685276796588414
0.3268704000491168
0.3268533902680544
0.3268533902680544
0.35472349874386466
0.3268533902680544
0.32685276796588414
0.3268533902680544
0.3268533902680544
0.32685276796588414
0.3268533902680544
0.32687808586756706
0.32685331551016994
0.3268533902680544
0.3268533902680544
0.3547235735017491
0.3268533902680544
0.3268533902680544
0.3268533902680544
0.32685276796588414
0.3268533902680544
0.3268533902680544
0.3268533902680544
0.3268533902680544
0.3268533902680544
0.32685276796588414
0.32685276796588414
0.3547235735017491
0.3268533902680544
0.3268533902680544
0.8912250209908006
0.3268533902680544
0.3268533902680544
0.4468490133558735
0.3268533902680544
0.32685276796588414
0.3268526932079997
0.3268533902680544
0.326911587732585
0.3268533902680544
0.3268533902680544
0.3268533902680544
0.3268533902680544
0.3268533902680544
0.3385382442396946
0.3285887480021438
0.3268533902680544
0.3268533902680544
0.3268533902680544
0.32685276796588414
0.33813005462214
0.32685276796588414
0.32685276796588414
0.32693628333209773
0.7957641285179022
0.33813005462214
0.3465684272416519
0.3268533902680544
0.3268533902680544
0.3268533902680544
0.3268533902680544
0.3268533902680544
0.32685276796588414
1.03483209521942
0.3667760368601213
0.32691096543041476
0.3268533902680544
0.3268533902680544
0.3268533902680544
0.3268533902680544
0.3268533902680544
0.32839915238060635
0.3268533902680544
0.3268533902680544
0.3268533902680544
0.3268780111096826
0.3268533902680544
0.3268533902680544
0.32839915238060635
0.3268533902680544
0.3268533902680544
0.3268533902680544
0.5821323373150242
0.3465497580357172
0.3268533902680544
0.3268533902680544
0.32979157543820214
0.3268533902680544
0.3285887480021438
0.3268533902680544
0.3268533902680544
0.3268533902680544
0.33853816948181015
0.3268533902680544
0.3268533902680544
0.4242869981129621
0.3268533902680544
0.3268533902680544
0.32685276796588414
0.3268533902680544
0.3268533902680544
0.3268533902680544
0.32685276796588414
0.32685331551016994
0.32685331551016994
0.3268533902680544
0.3268533902680544
0.3268533902680544
0.3268533902680544
0.3268533902680544
0.3268533902680544
0.32685276796588414
0.3268533902680544
0.3268533902680544
0.32685276796588414
0.3285887480021438
0.3268533902680544
0.3268533902680544
0.3268533902680544
0.32687808586756706
0.3268533902680544
0.32685276796588414
0.3268533902680544
0.3268533902680544
0.3268533902680544
0.3268533902680544
0.3268533902680544
0.33813005462214
0.3268533902680544
0.3268533902680544
0.35472349874386466
0.3268533902680544
0.32685276796588414
0.3285887480021438
0.3285887480021438
0.326911587732585
0.3268533902680544
0.7960077396963502
1.4414514960420408
0.32687102235128707
0.3268533902680544
0.32784025507436865
0.3268533902680544
0.3268533902680544
0.3268533902680544
0.3268533902680544
0.32685331551016994
0.35660270240807573
0.3268533902680544
0.3268533902680544
0.3268533902680544
0.3268533902680544
1.5571483482429058
0.3268533902680544
0.3283985300784361
0.3268533902680544
0.3285787369983459
0.33813005462214
0.3268533902680544
0.3268533902680544
0.3268533902680544
0.3268533902680544
0.3268533902680544
0.3268533902680544
0.3268533902680544
0.3268533902680544
0.3268533902680544
0.32839915238060635
0.3268533902680544
0.5534923605439964
0.5238745103502453
0.3268533902680544
0.3268533902680544
0.3268533902680544
0.3268533902680544
0.3502856181563949
0.3268533902680544
0.3268533902680544
0.32687102235128707
0.3268533902680544
0.3268533902680544
0.3268533902680544
0.3268533902680544
0.3268533902680544
0.3268533902680544
0.3268533902680544
0.3268533902680544
0.35472295119957886
0.3268533902680544
0.32691096543041476
0.32685276796588414
0.3268533902680544
0.3278401803164842
0.32685276796588414
0.32687102235128707
0.4468497242395054
0.3268533902680544
0.8912329417586258
0.3269362085742133
0.3385382442396946
0.3268533902680544
0.3268533902680544
0.3268533902680544
0.3547228764416944
0.3268533902680544
0.3268533902680544
0.32687808586756706
0.3268533902680544
0.32685276796588414
0.32685276796588414
0.32685276796588414
0.3268533902680544
0.3268533902680544
0.3268533902680544
0.3268533902680544
0.3268533902680544
0.3268533902680544
0.32784025507436865
0.32687102235128707
0.3268533902680544
0.3268533902680544
0.3268533902680544
0.3268533902680544
0.33813005462214
0.3268533902680544
0.3268533902680544
0.3268533902680544
0.3268533902680544
0.3268533902680544
0.3268533902680544
0.32685276796588414
0.3268533902680544
0.3268533902680544
0.32839844149697445
0.32979157543820214
0.32685331551016994
0.3268533902680544
0.32685276796588414
0.32977394335496946
0.3268533902680544
0.3268533902680544
0.32685276796588414
0.32685276796588414
0.3268533902680544
0.32685276796588414
0.3268704000491168
1.2113754627498852
0.3268533902680544
0.5821310374328834
0.32685276796588414
0.3268533902680544
0.3268533902680544
1.4414510735002701
0.3268533902680544
0.3268533902680544
0.3547235735017491
0.326911587732585
0.5535227430530666
0.3268533902680544
0.3268533902680544
0.3268533902680544
0.3268533902680544
0.3268533902680544
0.3268533902680544
0.3268533902680544
0.7957372607177207
0.3268533902680544
0.33813005462214
0.3268533902680544
0.3268533902680544
0.3268533902680544
0.3268533902680544
0.3268533902680544
0.32685331551016994
0.3268533902680544
0.3268533902680544
0.32687808586756706
0.32685276796588414
0.3268533902680544
0.553522817810951
0.3268533902680544
1.4414510735002701
0.3268533902680544
0.326911587732585
0.3268533902680544
0.3268533902680544
0.3268533902680544
0.3268533902680544
0.32687808586756706
0.3268533902680544
0.3268533902680544
0.3268533902680544
0.8912329417586258
0.3268533902680544
0.3268533902680544
0.4468801815064599
0.3285887480021438
0.32861344360165656
0.5821584503448819
0.9504594396517244
0.32685276796588414
0.32685276796588414
0.3268533902680544
0.3297733210527992
0.3268533902680544
0.32685276796588414
0.3268533902680544
0.3268533902680544
0.32741444423272004
0.5716219643007102
0.326911587732585
0.3268533902680544
0.3268533902680544
0.3268533902680544
0.3268533902680544
0.3268533902680544
0.3268533902680544
0.3268533902680544
0.32685276796588414
0.3268533902680544
0.9504594396517244
0.35472349874386466
0.3268533902680544
0.3285887480021438
0.3268533902680544
0.3268533902680544
0.3268526932079997
0.32784025507436865
0.32685276796588414
0.3268533902680544
0.3268533902680544
0.3268533902680544
0.3268533902680544
0.9504673604195495
0.32685331551016994
0.32685276796588414
0.3268533902680544
0.32685276796588414
0.3268533902680544
0.3268533902680544
0.3268533902680544
0.3268533902680544
0.3268533902680544
0.3268533902680544
0.32685276796588414
0.3268533902680544
0.4468497242395054
0.32685276796588414
0.32685276796588414
0.3268533902680544
0.32685276796588414
0.32685276796588414
0.3285887480021438
0.3268533902680544
0.3268533902680544
0.32685276796588414
0.3268533902680544
0.3268533902680544
0.32839915238060635
0.326911587732585
0.3268533902680544
0.8912250209908006
0.3268533902680544
0.3285887480021438
0.32685276796588414
0.3465497580357172
0.32979157543820214
0.326911587732585
0.3268533902680544
0.3268533902680544
0.3268533902680544
0.32685276796588414
0.3268533902680544
0.8912250209908006
0.3268533902680544
0.3268533902680544
0.326911587732585
0.3268533902680544
0.3268533902680544
0.3268533902680544
0.3268533902680544
0.32685276796588414
0.3268533902680544
0.326911587732585
0.4468801815064599
0.3268533902680544
0.3268533902680544
0.32839915238060635
0.32685331551016994
0.3385382442396946
0.32687808586756706
0.3268533902680544
0.5821571504627411
0.4242565408460075
0.3465497580357172
0.3289581317822853
0.32741444423272004
0.32685276796588414
0.3268533902680544
0.3268533902680544
0.32685331551016994
0.3268533902680544
0.3268533902680544
0.33853816948181015
0.3268533902680544
0.3268533902680544
0.32685276796588414
0.3268533902680544
0.3268533902680544
0.3268533902680544
0.3268533902680544
0.3268533902680544
0.32839915238060635
0.7957372607177207
0.3268533902680544
0.32741444423272004
0.35472349874386466
0.3268533902680544
0.3268533902680544
0.32685276796588414
0.9504673604195495
0.32685276796588414
0.3465684272416519
0.3268533902680544
0.3268533902680544
0.32685276796588414
0.32839915238060635
0.3268533902680544
0.3268533902680544
0.32685276796588414
1.579155789095168
0.3385382442396946
0.3381294323199697
0.32685276796588414
0.34711081200038285
0.3268533902680544
0.3268533902680544
0.3268533902680544
0.3268533902680544
0.3268533902680544
0.3268533902680544
0.3268533902680544
0.3268533902680544
0.3547235735017491
0.3268533902680544
0.3268533902680544
0.3268533902680544
0.3278408773765389
0.32685276796588414
0.33813005462214
0.32685276796588414
0.3268533902680544
0.5535991048910227
0.3268533902680544
0.7957372607177207
0.3268533902680544
0.4468490133558735
0.3268533902680544
0.3268533902680544
0.3268533902680544
0.3268533902680544
0.3268533902680544
0.32685276796588414
0.32685276796588414
0.32685276796588414
0.32977394335496946
0.3268533902680544
0.3268533902680544
0.32685276796588414
0.3268533902680544
0.32685276796588414
0.3285886732442594
0.3285887480021438
0.3268533902680544
0.3268533902680544
0.3268533902680544
0.3268533902680544
0.3268533902680544
0.3268533902680544
0.3268533902680544
0.3268533902680544
0.32691096543041476
0.3268533902680544
0.32687808586756706
0.3268533902680544
0.32685331551016994
0.3268533902680544
0.3268533902680544
0.3268533902680544
0.3268533902680544
0.33813005462214
0.3268533902680544
0.3268533902680544
0.6844017467548362
0.3268533902680544
0.3278408773765389
0.32685276796588414
0.3268533902680544
0.3268533902680544
0.32685276796588414
0.3268533902680544
0.3268533902680544
0.3268533902680544
0.8912250209908006
0.3268533902680544
0.3268533902680544
0.32685276796588414
0.32685276796588414
0.32685276796588414
0.3268533902680544
0.32685276796588414
0.3268533902680544
0.32685276796588414
0.3268533902680544
0.3268533902680544
0.4468490133558735
0.3268533902680544
0.3268533902680544
0.32685276796588414
0.3268533902680544
0.35472349874386466
0.3268533902680544
0.3385382442396946
0.3268533902680544
0.32685276796588414
0.4468497242395054
0.3268533902680544
0.3285887480021438
0.3268533902680544
0.3268533902680544
0.3638161077797418
0.3268533902680544
0.3268533902680544
0.3268533902680544
0.32685276796588414
0.3465497580357172
0.32685276796588414
0.3268533902680544
0.3268533902680544
0.3268533902680544
0.3268533902680544
0.3268533902680544
0.3268533902680544
0.3268533902680544
0.32687808586756706
0.32685276796588414
0.3268533902680544
0.3268526932079997
0.3268533902680544
0.3268533902680544
0.3381313449424327
0.3268533902680544
0.3268533902680544
0.34654968327783275
0.32977394335496946
0.3278408773765389
0.32685276796588414
0.3268533902680544
0.3268533902680544
0.3268533902680544
0.32687102235128707
0.3268533902680544
0.5668306098571383
0.32685276796588414
0.3268533902680544
0.32784025507436865
0.3268533902680544
0.3268533902680544
0.32685276796588414
0.32685276796588414
0.3268533902680544
0.3268533902680544
0.3268533902680544
0.32922477174485354
0.32977394335496946
0.3268533902680544
0.35472349874386466
0.5668306098571383
0.3547228764416944
0.3268533902680544
0.32687808586756706
0.3268533902680544
0.3268533902680544
0.3268533902680544
0.33813005462214
0.3268533902680544
0.33862113730373794
0.32685331551016994
0.3268533902680544
0.3268533902680544
0.3268533902680544
0.3268533902680544
0.5668293099749976
0.3268533902680544
0.3268533902680544
0.3268533902680544
0.3268533902680544
0.35472349874386466
0.3268533902680544
0.8912250209908006
0.32693628333209773
0.3268533902680544
0.3268533902680544
1.4414510735002701
0.32687808586756706
0.4468497242395054
0.32685276796588414
0.3268533902680544
0.3268533902680544
0.32685276796588414
0.3268533902680544
0.3268533902680544
0.3268533902680544
0.3268533902680544
0.3268533902680544
0.35472349874386466
0.3289581317822853
0.4468497242395054
0.32685276796588414
0.3268533902680544
0.3268533902680544
0.3268533902680544
0.3268533902680544
0.3268533902680544
0.32786557297605157
0.5238745103502453
0.3278408773765389
0.326911587732585
0.3268533902680544
0.32977394335496946
0.3268533902680544
0.3465497580357172
0.6745341008924778
0.3268533902680544
1.4414401221982664
0.32685276796588414
0.3268533902680544
0.3268533902680544
0.3385382442396946
0.3268533902680544
0.3268533902680544
0.3268533902680544
0.32685276796588414
0.3268533902680544
0.3268533902680544
0.32685276796588414
0.7960324352958629
0.3268533902680544
0.3268533902680544
0.3268533902680544
1.4414510735002701
0.32977394335496946
0.9506217606802296
0.3268533902680544
0.3268533902680544
0.3268533902680544
0.3268533902680544
0.3285886732442594
0.32685331551016994
0.3268533902680544
0.7957372607177207
0.3268526932079997
0.3268533902680544
0.3285887480021438
0.3268533902680544
0.3268533902680544
0.3547235735017491
0.5534923605439964
0.32685276796588414
0.32685276796588414
0.3268533902680544
0.3268533902680544
0.3268533902680544
0.32685276796588414
0.32685276796588414
0.5668293099749976
0.3268533902680544
0.3268533902680544
0.3268533902680544
0.326911587732585
0.3268533902680544
0.3268533902680544
0.3268533902680544
0.3268533902680544
0.3268533902680544
0.3268533902680544
