0.32716003584364683
0.3271592414733713
0.3271592414733713
0.32715861917120104
0.32716003584364683
0.3271606581458171
0.3271599523570031
0.3271599523570031
0.3271593300548329
0.327161369029449
0.32716074672727874
0.3271593300548329
0.32715861917120104
0.3271593300548329
0.3271593300548329
0.3271592414733713
0.3271592414733713
0.3271599523570031
0.3271592414733713
0.32715861917120104
0.32715861917120104
0.32716003584364683
0.3271606581458171
0.32716003584364683
0.32715861917120104
0.32715861917120104
0.32716074672727874
0.32715861917120104
0.3276051358168104
0.3271606581458171
0.32716003584364683
0.3271593300548329
0.3271593300548329
0.3271606581458171
0.359640038411531
0.32715861917120104
0.3271592414733713
0.32716003584364683
1.0432910819298926
0.3271606581458171
0.32715861917120104
0.3271593300548329
0.32716003584364683
0.32716003584364683
0.32715861917120104
0.3271592414733713
0.3271606581458171
0.3271593300548329
0.3271599523570031
0.32716003584364683
0.32715861917120104
0.32716003584364683
0.3271592414733713
0.3271606581458171
0.32715861917120104
0.3271606581458171
0.32716003584364683
0.351574290527128
0.32716074672727874
0.3271599523570031
0.32716003584364683
0.32716074672727874
0.32715861917120104
0.3271592414733713
0.3271592414733713
0.5298714133537277
0.32715861917120104
0.32716074672727874
0.32715861917120104
0.3271593300548329
0.3271592414733713
0.32716003584364683
0.3271599523570031
0.327161369029449
0.32716003584364683
0.32716003584364683
0.32716003584364683
0.3276052193034541
0.3271606581458171
0.32716074672727874
0.35157278527322056
0.3271599523570031
0.32715861917120104
0.32716074672727874
0.32715861917120104
0.32716074672727874
0.32716003584364683
0.32716003584364683
0.3271606581458171
0.32716074672727874
0.32716074672727874
0.3819734964585746
0.3271592414733713
0.3271606581458171
0.3271606581458171
0.3271593300548329
0.32716003584364683
1.6201807375075834
0.32715861917120104
0.3271592414733713
0.32715861917120104
0.7279004069234539
0.3271592414733713
0.3271592414733713
0.33119007657791893
0.3271606581458171
0.4505858969759
0.32716003584364683
0.3271592414733713
0.3271599523570031
0.3271592414733713
0.3271593300548329
0.32716074672727874
0.32716003584364683
0.32716003584364683
0.3311886599054731
0.3271606581458171
0.32716003584364683
0.32716074672727874
0.3271606581458171
0.327161369029449
0.32715861917120104
0.32716003584364683
0.32715861917120104
0.327161369029449
0.32716003584364683
0.32716003584364683
0.3271606581458171
0.327161369029449
0.3271593300548329
0.32716003584364683
0.4252943555000325
0.327161369029449
0.3271606581458171
0.9668922871757891
0.32715861917120104
0.3271592414733713
0.32715861917120104
0.3271606581458171
0.3271606581458171
0.32715861917120104
0.32716003584364683
0.32715861917120104
0.3271606581458171
0.3271592414733713
0.32716003584364683
0.3271592414733713
0.32716003584364683
0.3271593300548329
0.3271592414733713
0.32715861917120104
0.32715861917120104
0.3271593300548329
0.32715861917120104
0.3271593300548329
0.32716003584364683
0.32715861917120104
0.6891297049337389
0.3271599523570031
0.32716003584364683
0.32716074672727874
0.3271606581458171
0.3271592414733713
0.3271593300548329
0.32715861917120104
0.3271606581458171
0.6892129743206372
0.3271606581458171
0.32716003584364683
0.35157420194566635
0.32716003584364683
0.3271606581458171
0.32716003584364683
0.3271592414733713
0.32715861917120104
0.3271599523570031
0.3271599523570031
0.3271606581458171
0.3271606581458171
0.327161369029449
0.34560130960177515
0.3271606581458171
0.3271599523570031
0.3271593300548329
0.3271606581458171
0.32716074672727874
0.32716003584364683
0.3271593300548329
0.3271593300548329
0.32715861917120104
0.32716003584364683
0.3271593300548329
0.3271606581458171
0.32716003584364683
0.32718393707288396
0.3271606581458171
0.32716003584364683
0.32715861917120104
0.32715861917120104
0.32715861917120104
0.3271592414733713
0.3271592414733713
0.3271592414733713
0.32717618300092105
0.32716074672727874
0.3271592414733713
0.32715861917120104
0.3271592414733713
0.32716003584364683
0.32715861917120104
0.3271760944194594
0.32715861917120104
0.32716003584364683
0.32715861917120104
0.3271606581458171
0.3271599523570031
0.32716003584364683
0.3271606581458171
0.3271593300548329
0.3271592414733713
0.32716003584364683
0.32716003584364683
0.3271606581458171
0.3271592414733713
0.32715861917120104
0.32715861917120104
0.3271606581458171
0.7278997937962769
0.3271593300548329
0.32716003584364683
0.3271592414733713
0.32716003584364683
0.3271592414733713
0.327161369029449
0.3271592414733713
0.32716003584364683
0.32715861917120104
0.3271592414733713
0.32977394335496946
0.3271592414733713
0.3271593300548329
0.32715861917120104
0.3271592414733713
0.32716003584364683
0.3271592414733713
0.3271840256543456
0.3271854423267914
0.3271592414733713
0.32716003584364683
0.3271599523570031
0.3271599523570031
0.32983144375944545
0.32716074672727874
0.3271606581458171
0.32716003584364683
0.32715861917120104
0.32715861917120104
0.35039117467687847
0.32716003584364683
0.3271606581458171
0.32716003584364683
1.7620053264051267
0.3271606581458171
0.32715861917120104
0.3271592414733713
0.327161369029449
0.3271606581458171
0.3271593300548329
0.3271593300548329
0.32716003584364683
0.32715861917120104
0.33096608460001575
0.32716074672727874
0.3271599523570031
0.32716003584364683
0.32716003584364683
0.32715861917120104
0.32715861917120104
0.32716003584364683
0.3271593300548329
0.3271592414733713
0.3271606581458171
0.32716003584364683
0.3311886599054731
0.3271592414733713
0.32716074672727874
0.32716003584364683
0.32716003584364683
0.32716003584364683
0.3271592414733713
0.32715861917120104
0.32716003584364683
0.32715861917120104
0.327161369029449
0.3271606581458171
0.3271606581458171
0.3271606581458171
0.327161369029449
0.327161369029449
0.3271606581458171
0.3271592414733713
0.3271593300548329
0.3271592414733713
0.32716074672727874
0.32716074672727874
0.32716074672727874
0.32716074672727874
0.3271593300548329
0.3271592414733713
0.3271593300548329
0.3271592414733713
0.3271593300548329
0.36381590807925795
0.3271606581458171
0.32715861917120104
0.327161369029449
0.3271606581458171
0.3271592414733713
0.3271592414733713
0.3271592414733713
0.327161369029449
0.32716074672727874
0.32716003584364683
0.32716074672727874
0.3271606581458171
0.32715861917120104
0.327161369029449
0.3271593300548329
0.3271593300548329
0.32716074672727874
0.3271599523570031
0.32716003584364683
0.3271606581458171
0.3450416244112824
0.32715861917120104
0.3271592414733713
0.32717751109190524
0.32716074672727874
0.32715861917120104
0.32715861917120104
0.3271606581458171
0.3271592414733713
0.32716003584364683
0.3271599523570031
0.32715861917120104
0.3271599523570031
0.32760584160562434
0.32716003584364683
0.32715861917120104
0.33119007657791893
0.32715861917120104
0.32716003584364683
0.3596386217390852
0.32716003584364683
0.32716003584364683
0.32715861917120104
0.3271606581458171
0.32716003584364683
0.3271592414733713
0.32715861917120104
0.3271592414733713
0.32715861917120104
0.32715861917120104
0.32715861917120104
0.3271606581458171
0.3271599523570031
0.3271593300548329
0.3309653788112018
0.3271592414733713
0.3271606581458171
0.3271599523570031
0.3271606581458171
0.3271592414733713
0.32716003584364683
0.3271599523570031
0.327161369029449
0.3271606581458171
0.3271592414733713
0.32716003584364683
0.32716003584364683
0.3271593300548329
0.3271592414733713
1.0432579485941442
0.3271593300548329
0.3271592414733713
0.3271606581458171
0.3271592414733713
0.3271599523570031
0.327161369029449
0.32715861917120104
0.32716074672727874
0.32716003584364683
0.3271606581458171
0.3271593300548329
0.3271606581458171
0.35964012699299264
0.327161369029449
0.32715861917120104
0.3271606581458171
0.32716074672727874
0.3271593300548329
0.32715861917120104
0.35039117467687847
0.3638168135685557
0.3271593300548329
0.3271606581458171
0.32715861917120104
0.3271606581458171
0.3271592414733713
0.32716003584364683
0.32716003584364683
0.32715861917120104
0.32716003584364683
0.3271606581458171
0.33096466792756996
0.3271592414733713
0.3271599523570031
0.3271593300548329
0.3271592414733713
0.32716003584364683
0.32716074672727874
0.3271592414733713
0.3271592414733713
0.32716074672727874
0.32718606462896166
0.3271592414733713
0.3271593300548329
0.32717751109190524
0.32715861917120104
0.327161369029449
0.3271606581458171
0.32716003584364683
0.327161369029449
0.32715861917120104
0.32716003584364683
0.32983144375944545
0.32715861917120104
0.3271599523570031
0.327161369029449
0.3271592414733713
0.3271592414733713
0.32715861917120104
0.3271606581458171
0.3271606581458171
0.3271592414733713
0.327161369029449
0.3271606581458171
0.32716003584364683
0.3271592414733713
0.32718535374532975
0.3271599523570031
0.3271606581458171
0.3271606581458171
0.32715861917120104
1.620180763606604
0.3271592414733713
1.0438235897307755
0.32715861917120104
0.3271593300548329
0.32715861917120104
0.3271606581458171
0.3271592414733713
0.3271606581458171
0.3271606581458171
0.3271592414733713
0.32715861917120104
0.32715861917120104
0.3271593300548329
0.3271593300548329
0.3271606581458171
0.3271599523570031
0.32715861917120104
0.68912753273307
0.3271599523570031
0.3309993745308806
0.32715861917120104
0.3271593300548329
0.3271606581458171
0.327161369029449
0.32715861917120104
0.3271606581458171
0.3271593300548329
0.32716003584364683
0.3271606581458171
0.3271592414733713
0.32716074672727874
0.32715861917120104
0.32715861917120104
0.32716074672727874
0.32716003584364683
0.3271592414733713
0.32716074672727874
0.3271592414733713
0.32715861917120104
0.32715861917120104
0.3271593300548329
0.3271592414733713
0.3271599523570031
0.32715861917120104
0.32716003584364683
0.3271592414733713
0.3271599523570031
0.32716003584364683
0.32716003584364683
0.32716003584364683
0.32715861917120104
0.32716003584364683
0.32715861917120104
0.3271599523570031
0.3271606581458171
0.32716003584364683
0.32715861917120104
0.3271606581458171
0.3456020204854071
0.3271606581458171
0.3271606581458171
0.3271592414733713
0.32715861917120104
0.3271606581458171
0.327161369029449
0.32715861917120104
0.34560130960177515
0.32716003584364683
0.32715861917120104
0.32716074672727874
0.3596379994369149
0.32715861917120104
0.327161369029449
0.32716074672727874
0.32716003584364683
0.3271606581458171
0.3271593300548329
0.3271599523570031
0.32716074672727874
0.32716074672727874
0.3271593300548329
0.3271592414733713
1.0342810744785744
0.3271606581458171
0.32716003584364683
0.32716003584364683
0.3271592414733713
0.32715861917120104
0.327161369029449
0.3271606581458171
0.3271593300548329
0.327161369029449
0.32716003584364683
0.3271606581458171
0.32716003584364683
0.32716074672727874
0.32716003584364683
0.32716003584364683
0.3271593300548329
0.3271592414733713
0.3271592414733713
0.3271593300548329
0.3271593300548329
0.3271599523570031
0.36008459956916794
0.32716003584364683
1.6201701943053584
0.32715861917120104
0.32716074672727874
0.3271599523570031
0.32716003584364683
0.3271593300548329
0.32715861917120104
0.3271592414733713
0.32716003584364683
0.32716003584364683
0.32716003584364683
0.32718535374532975
0.32715861917120104
0.32716074672727874
0.7279023148182826
0.3271606581458171
0.32716003584364683
0.3271599523570031
0.32715861917120104
0.32716003584364683
0.3271599523570031
0.32716074672727874
0.3271599523570031
0.32715861917120104
0.3271599523570031
0.32716003584364683
0.5298714133537277
0.32715861917120104
0.3271606581458171
0.32716003584364683
0.32715861917120104
0.3271593300548329
0.32716003584364683
0.32715861917120104
0.32716074672727874
0.3271592414733713
0.3271606581458171
0.3271592414733713
0.3271606581458171
0.3271606581458171
0.3271593300548329
0.32716003584364683
0.32715861917120104
0.32715861917120104
0.32715861917120104
0.3271599523570031
0.3638161077797418
0.32715861917120104
0.32716074672727874
0.3271606581458171
0.32716003584364683
0.3271606581458171
0.3271592414733713
0.32716074672727874
0.3271592414733713
0.3271606581458171
0.327161369029449
0.327161369029449
0.3271606581458171
0.3271606581458171
0.32716003584364683
0.3271599523570031
0.32716003584364683
0.3271592414733713
0.32715861917120104
0.3271592414733713
0.32715861917120104
0.32715861917120104
0.3271599523570031
0.3271606581458171
0.3271606581458171
0.32715861917120104
0.3271592414733713
0.3271606581458171
0.32716074672727874
0.32716074672727874
0.3271606581458171
0.32716003584364683
0.32715861917120104
0.3271592414733713
0.3271593300548329
0.32716003584364683
0.32716003584364683
0.32715861917120104
0.3271592414733713
0.3271592414733713
0.3271593300548329
0.32716003584364683
0.3271592414733713
0.6891882787211245
0.32715861917120104
0.3271606581458171
0.3271593300548329
0.32716074672727874
0.32716003584364683
0.3271606581458171
0.3271592414733713
0.32715861917120104
0.32715861917120104
0.3515749128292982
0.3271599523570031
0.3271606581458171
0.3271606581458171
0.3271599523570031
0.32716003584364683
0.327161369029449
0.32715861917120104
0.32715861917120104
0.32715861917120104
0.3271592414733713
0.32716003584364683
0.32715861917120104
0.3271592414733713
0.3271592414733713
0.42526782957696097
0.327161369029449
0.3271599523570031
0.3271592414733713
0.32715861917120104
0.3271599523570031
0.32716074672727874
0.327161369029449
0.35157287385468217
0.32716003584364683
0.3271599523570031
0.3277182208750502
0.3271592414733713
0.3271593300548329
0.32715861917120104
0.3638154854775716
0.32716074672727874
0.3271599523570031
0.3271606581458171
0.32716003584364683
0.32716003584364683
0.32716074672727874
0.32716003584364683
0.32715861917120104
0.42526782957696097
0.3271592414733713
0.3271840256543456
0.32715861917120104
0.3271592414733713
0.32715861917120104
0.327161369029449
0.32716003584364683
0.3271599523570031
0.32716003584364683
0.3271592414733713
0.3271592414733713
0.32715861917120104
0.32715861917120104
0.32715861917120104
0.32716074672727874
0.3271606581458171
0.32715861917120104
0.3271606581458171
0.3271606581458171
0.6891297049337389
0.3271593300548329
0.32716003584364683
0.32715861917120104
0.3297732462949148
0.32715861917120104
0.3271592414733713
0.32715861917120104
0.327161369029449
0.32716003584364683
0.327161369029449
0.32716074672727874
0.3271606581458171
0.3271599523570031
0.3271606581458171
0.33033430025958044
0.33098152087365806
0.3271606581458171
0.32716003584364683
0.3271592414733713
0.3271606581458171
0.3271592414733713
0.32715861917120104
0.32715861917120104
0.327161369029449
0.3271592414733713
0.3271606581458171
0.3271599523570031
0.6891028371335574
0.33818762978450045
0.33119007657791893
0.32716003584364683
0.3271592414733713
0.32716003584364683
0.3271606581458171
0.32715861917120104
0.327161369029449
0.3271606581458171
0.32839923586725006
0.32760451351464015
0.327161369029449
0.3271593300548329
0.32716003584364683
0.32715861917120104
0.3271606581458171
0.3271592414733713
0.32716074672727874
0.32716003584364683
0.6891028371335574
0.327161369029449
1.620180763606604
0.3271606581458171
0.32715861917120104
0.32715861917120104
0.32716003584364683
0.3271593300548329
0.33119007657791893
0.3271606581458171
0.32715861917120104
0.32715861917120104
0.32716003584364683
0.32715861917120104
0.32716003584364683
0.3271599523570031
0.35157278527322056
0.3271592414733713
0.3271599523570031
0.32716003584364683
0.32716003584364683
0.32715861917120104
0.32716003584364683
0.3271606581458171
0.3271593300548329
0.3271592414733713
0.32715861917120104
0.3271593300548329
0.32715861917120104
0.3271593300548329
0.32715861917120104
0.3271606581458171
0.3271593300548329
0.32716003584364683
0.3271606581458171
0.32715861917120104
0.7419520953471963
0.3271606581458171
0.3271592414733713
0.32716003584364683
0.3271599523570031
0.3311886599054731
0.3450430410837282
0.32716074672727874
0.3271599523570031
0.4252638982330779
0.32716003584364683
0.3271593300548329
0.32716003584364683
0.32715861917120104
0.36381590807925795
0.3271606581458171
0.32715861917120104
0.3271606581458171
0.32716074672727874
0.3271847314431595
0.331199381792903
0.32715861917120104
0.3271606581458171
0.327161369029449
0.32715861917120104
0.3271592414733713
0.32716074672727874
0.3271593300548329
0.3271592414733713
0.32715861917120104
0.3271592414733713
0.3271592414733713
0.327161369029449
0.32716003584364683
0.32717688878973494
0.3271606581458171
0.3271592414733713
0.32715861917120104
0.32715861917120104
0.9880811930327325
0.3309746789313679
0.3271599523570031
0.36381539689610987
0.3271606581458171
0.32715861917120104
0.32715861917120104
0.32715861917120104
0.3271606581458171
0.32716074672727874
0.7278997937962769
0.33096608460001575
0.32716003584364683
0.3271606581458171
0.32715861917120104
0.327161369029449
0.3271592414733713
0.32716003584364683
0.3271599523570031
0.3515735796434961
0.32715861917120104
0.3271592414733713
0.327161369029449
0.3271592414733713
0.3271599523570031
0.33818762978450045
0.32716003584364683
0.32715861917120104
0.3271592414733713
0.32716003584364683
0.3271592414733713
0.33100079120332637
0.3271606581458171
0.3271592414733713
0.3271599523570031
0.32715861917120104
0.327161369029449
0.3271593300548329
0.32716003584364683
0.3271606581458171
0.3271592414733713
0.32716003584364683
0.32716003584364683
0.32715861917120104
0.32715861917120104
0.32718393707288396
1.0432923030697574
0.32716074672727874
0.32715861917120104
0.32716003584364683
0.32715861917120104
0.32715861917120104
0.3271593300548329
0.32715861917120104
0.327161369029449
0.3271592414733713
0.3271593300548329
0.3271592414733713
0.32716003584364683
0.32716003584364683
0.32716003584364683
0.32716003584364683
0.32716003584364683
0.32716074672727874
0.32716003584364683
0.32716074672727874
0.32716003584364683
0.32715861917120104
0.32716003584364683
0.32715861917120104
0.32715861917120104
0.3271593300548329
0.327161369029449
0.32716074672727874
0.3271606581458171
0.3271606581458171
0.3271599523570031
0.3271592414733713
0.3271606581458171
0.35033235491017756
0.32715861917120104
0.32716074672727874
0.33096608460001575
0.3271592414733713
0.3271593300548329
0.3271592414733713
0.351574290527128
0.3271593300548329
0.3271599523570031
0.3271592414733713
0.32716003584364683
0.3271606581458171
0.3271593300548329
0.327161369029449
0.32716074672727874
0.3271592414733713
0.3311886599054731
0.327161369029449
0.3271606581458171
0.327161369029449
0.32715861917120104
0.3271592414733713
0.33119007657791893
0.32715861917120104
0.327161369029449
0.32716003584364683
0.3271592414733713
0.32715861917120104
0.3271592414733713
0.32716074672727874
0.32716074672727874
0.32716003584364683
0.32716003584364683
0.3271593300548329
0.32715861917120104
0.3271593300548329
0.3271592414733713
0.32716074672727874
0.32715861917120104
0.32715861917120104
0.32715861917120104
0.3271593300548329
0.3271593300548329
0.32716074672727874
0.3271592414733713
0.3271606581458171
0.32716003584364683
0.3271592414733713
0.32716074672727874
0.32716074672727874
0.45058660785953186
0.32716074672727874
0.3271593300548329
0.3515734961568524
0.32715861917120104
0.3271592414733713
0.32716074672727874
0.3271606581458171
0.32715861917120104
0.3271606581458171
0.32715861917120104
0.32715861917120104
0.3271606581458171
0.3271606581458171
0.32715861917120104
0.3271593300548329
0.327161369029449
0.32715861917120104
0.32716003584364683
0.327161369029449
0.33096608460001575
0.3271606581458171
0.3271593300548329
0.3271592414733713
0.3271592414733713
0.32715861917120104
0.32716003584364683
0.32715861917120104
