0.3271592414733713
0.32716003584364683
0.3515721629710503
0.327161369029449
0.3271593300548329
0.32715861917120104
0.3271592414733713
0.3271592414733713
0.3271593300548329
0.32716003584364683
0.3271593300548329
0.32715861917120104
0.3271768053030913
0.36381670244953357
0.3271592414733713
0.32715861917120104
0.3638147745939397
0.3271592414733713
0.3271593300548329
0.327161369029449
0.3271606581458171
0.3271592414733713
0.33101764414941454
0.32716074672727874
0.32716003584364683
0.3271606581458171
0.3271593300548329
0.32715861917120104
0.3271593300548329
0.3271593300548329
0.3271593300548329
1.0438235897307755
0.32716003584364683
0.32716003584364683
0.32716074672727874
0.3596379994369149
0.3271592414733713
0.32716074672727874
0.3271592414733713
0.32716003584364683
0.32716003584364683
0.3271599523570031
1.0432567274542794
0.32715861917120104
0.3309760956038137
0.3271592414733713
0.32716074672727874
0.32715861917120104
0.32715861917120104
0.32716003584364683
0.32716003584364683
1.620180763606604
0.3309746789313679
0.32716003584364683
0.32716074672727874
0.32715861917120104
0.35157420194566635
0.32715861917120104
0.327161369029449
0.3271599523570031
0.32716003584364683
0.3271592414733713
0.32716074672727874
0.3271593300548329
0.6891861065204556
0.3271592414733713
0.3271606581458171
0.32715861917120104
0.327161369029449
0.3271599523570031
0.32715861917120104
0.32715861917120104
0.3271606581458171
0.3271592414733713
0.32715861917120104
0.327161369029449
0.32716003584364683
0.32715861917120104
0.3271592414733713
0.3271606581458171
0.3283978191948042
0.32716074672727874
0.32715861917120104
0.3271592414733713
0.32715861917120104
0.32716003584364683
0.3271592414733713
0.3271593300548329
0.3271592414733713
0.331199381792903
0.32716074672727874
0.3271599523570031
0.32715861917120104
0.3271592414733713
0.32715861917120104
0.3271593300548329
0.32716003584364683
0.32716003584364683
0.32716003584364683
0.3271592414733713
0.32715861917120104
0.32716074672727874
0.4252638982330779
0.32716003584364683
0.32715861917120104
0.32718464795651586
0.32716003584364683
0.32715861917120104
0.327161369029449
0.3271592414733713
0.3271599523570031
0.32716003584364683
0.3504081844579409
0.32716003584364683
0.327161369029449
0.32715861917120104
0.32716074672727874
0.32716074672727874
0.32715861917120104
0.327161369029449
0.32715861917120104
0.6891621218045748
0.32715861917120104
0.3271592414733713
0.3298320660616157
0.3271599523570031
0.32716003584364683
0.3271606581458171
0.3271592414733713
0.3271606581458171
0.32716003584364683
0.32716074672727874
0.32716074672727874
0.3271606581458171
0.3271592414733713
0.3271592414733713
0.3271606581458171
0.3271592414733713
0.3271606581458171
0.32716003584364683
0.32716003584364683
0.3271606581458171
0.3271599523570031
0.3271592414733713
0.32715861917120104
0.3271606581458171
0.3271592414733713
0.327161369029449
0.32716003584364683
0.3271768053030913
0.32715861917120104
0.3271599523570031
0.32716003584364683
0.32716003584364683
0.32840056905305215
0.3271606581458171
0.32715861917120104
0.3271592414733713
0.32715861917120104
0.32715861917120104
0.3311907874615508
0.32716003584364683
0.4252943555000325
0.3271606581458171
0.3271593300548329
0.3271592414733713
0.32716003584364683
0.3271606581458171
0.32716074672727874
0.32716074672727874
0.3271599523570031
0.327161369029449
0.3271593300548329
0.3271606581458171
0.32716003584364683
0.3271606581458171
0.32715861917120104
0.3271592414733713
0.327161369029449
0.32715861917120104
0.3271606581458171
0.3271592414733713
0.3271606581458171
0.3271606581458171
0.3271593300548329
0.3271606581458171
0.3271592414733713
0.3271606581458171
0.32716003584364683
0.3271606581458171
0.359640038411531
0.32716003584364683
0.32716003584364683
0.3638175244521876
0.3276052193034541
0.32716003584364683
0.32715861917120104
0.327161369029449
0.3271606581458171
0.3271606581458171
0.32716003584364683
0.32716003584364683
0.327161369029449
0.32715861917120104
0.3271593300548329
0.32716003584364683
0.32715861917120104
0.34560130960177515
0.32716003584364683
0.32716003584364683
0.3271592414733713
0.32715861917120104
0.32716003584364683
0.32716003584364683
0.32716003584364683
0.3271606581458171
0.4252943555000325
0.32716074672727874
0.327161369029449
0.3271592414733713
0.32715861917120104
0.3271599523570031
0.32716003584364683
0.32715861917120104
0.3271592414733713
0.3271592414733713
0.32715861917120104
0.3271592414733713
0.3271599523570031
0.3312000875817169
0.32715861917120104
0.3271592414733713
0.32716003584364683
0.3271593300548329
0.32715861917120104
0.32716003584364683
0.32715861917120104
0.35157420194566635
0.327161369029449
0.327161369029449
0.3271606581458171
0.3271599523570031
0.32715861917120104
0.327161369029449
0.32716074672727874
0.3271833147707137
0.327161369029449
1.0432567274542794
0.32715861917120104
0.3276052193034541
0.32716074672727874
0.327161369029449
0.32715861917120104
0.3271606581458171
0.32716003584364683
0.32716003584364683
0.32716074672727874
0.327161369029449
0.3271599523570031
0.3271592414733713
0.3271592414733713
0.327161369029449
0.32715861917120104
0.33096608460001575
0.3271854423267914
0.32716074672727874
0.32716003584364683
0.3271593300548329
0.32715861917120104
0.32716003584364683
0.32715861917120104
0.4505858969759
0.32716074672727874
0.32716074672727874
0.3271593300548329
0.32716074672727874
0.32716003584364683
0.327161369029449
0.32716003584364683
0.3271606581458171
0.32716003584364683
0.33096466792756996
0.3271592414733713
0.32716003584364683
0.32715861917120104
0.32716003584364683
0.32716074672727874
0.3271599523570031
0.32716003584364683
0.3271593300548329
0.32715861917120104
0.32716003584364683
0.3271592414733713
0.32716074672727874
0.32715861917120104
0.32715861917120104
0.32715861917120104
0.327161369029449
0.32716003584364683
0.32716003584364683
0.3271606581458171
0.3271592414733713
0.3271606581458171
0.327161369029449
0.32716003584364683
0.32716074672727874
0.3271593300548329
0.32716003584364683
0.327161369029449
0.32715861917120104
0.3271593300548329
0.3271592414733713
0.3271606581458171
0.3271847314431595
0.3271592414733713
0.32716003584364683
0.32715861917120104
0.32715861917120104
0.3271599523570031
0.3271606581458171
0.3271606581458171
0.32715861917120104
0.3271592414733713
0.32716003584364683
0.3271847314431595
0.327161369029449
0.32716003584364683
0.32715861917120104
0.3271606581458171
0.3271593300548329
0.32715861917120104
0.32715861917120104
0.32716003584364683
0.32760584160562434
0.32715861917120104
0.34504295250226646
0.3271606581458171
0.32716003584364683
0.3271592414733713
0.32715861917120104
0.32715861917120104
0.3271592414733713
0.327161369029449
0.32716003584364683
0.32715861917120104
0.38197340787711287
0.4252943555000325
0.32715861917120104
0.32715861917120104
0.32716074672727874
0.32716003584364683
0.4252982868439156
0.3271606581458171
0.3271599523570031
0.32717759967336685
0.4252638982330779
0.3271593300548329
0.32716003584364683
0.32715861917120104
0.3450422467134526
0.3271599523570031
0.32716003584364683
0.32715861917120104
0.3271599523570031
0.3271599523570031
0.327161369029449
0.3271592414733713
1.0432923030697574
0.3271606581458171
0.32716074672727874
0.3271606581458171
0.327161369029449
0.3271592414733713
0.327161369029449
0.3271592414733713
0.32716003584364683
0.3271606581458171
0.3271593300548329
0.3271606581458171
0.32715861917120104
0.32716003584364683
0.3271606581458171
0.32760451351464015
0.32715861917120104
0.327161369029449
0.3271593300548329
0.32716003584364683
0.32715861917120104
0.32716074672727874
0.3271592414733713
0.32716003584364683
0.3503906271325926
0.32715861917120104
0.32715861917120104
0.34560130960177515
0.327161369029449
1.0432567274542794
0.327161369029449
0.4505858969759
0.3271599523570031
0.3271592414733713
1.7842573766109913
0.3309760956038137
0.32715861917120104
0.3271592414733713
0.32717759967336685
0.3515890159171384
0.3271593300548329
0.32716003584364683
0.3271593300548329
0.5624153602840742
0.3271606581458171
0.32716003584364683
0.32715861917120104
0.3271606581458171
0.32715861917120104
0.32716003584364683
0.32716003584364683
0.3271833147707137
0.32715861917120104
0.3271592414733713
0.3271606581458171
0.32715861917120104
0.3271599523570031
0.3271592414733713
0.3271593300548329
0.3271606581458171
0.32715861917120104
0.32715861917120104
0.32715861917120104
0.3503905523747082
0.32715861917120104
0.3271592414733713
0.3271593300548329
0.3271606581458171
0.32715861917120104
0.3271599523570031
0.32716003584364683
0.32716003584364683
0.32715861917120104
0.3271593300548329
0.32715861917120104
0.3271592414733713
0.3271592414733713
0.32716003584364683
0.32716003584364683
0.3271606581458171
0.33100150208695833
0.3596386217390852
0.3271592414733713
0.3271592414733713
0.3450416244112824
0.32716074672727874
0.32716003584364683
0.32715861917120104
0.327161369029449
0.32715861917120104
0.32716003584364683
0.3271593300548329
0.3271606581458171
0.32715861917120104
0.3271592414733713
0.3271606581458171
0.3271599523570031
0.3271599523570031
0.42526782957696097
0.3271599523570031
0.3271592414733713
0.3271592414733713
0.3271606581458171
0.36381528577708777
0.32715861917120104
0.32715861917120104
0.3271606581458171
0.32716003584364683
0.32715861917120104
0.3271606581458171
0.32716003584364683
0.32716003584364683
0.32715861917120104
0.3271592414733713
0.3271592414733713
0.32716003584364683
0.3271606581458171
0.32716003584364683
0.3271592414733713
0.3271847314431595
0.3271592414733713
0.3271592414733713
0.351574290527128
0.3271606581458171
0.32715861917120104
0.3271592414733713
0.3271592414733713
0.32715861917120104
0.32716003584364683
0.3271592414733713
0.3271833147707137
0.3271592414733713
0.32715861917120104
0.3271606581458171
1.620180763606604
0.6891035480171892
0.32715861917120104
0.3271592414733713
0.32715861917120104
0.32715861917120104
0.4252943555000325
0.3271593300548329
0.3271593300548329
0.32717759967336685
0.32716003584364683
0.32715861917120104
0.32715861917120104
0.32716003584364683
0.3271592414733713
0.32715861917120104
0.32716074672727874
0.3271593300548329
0.3271592414733713
0.32716074672727874
0.966730919736888
0.3271593300548329
0.32715861917120104
0.32715861917120104
0.3271593300548329
0.32716003584364683
0.3271593300548329
0.32715861917120104
0.32715861917120104
0.3271592414733713
0.3271592414733713
0.32716003584364683
0.32715861917120104
0.32716003584364683
0.3271606581458171
0.3271599523570031
0.32715861917120104
0.32715861917120104
0.3271606581458171
0.32715861917120104
0.3271606581458171
0.32716003584364683
0.3271599523570031
0.327161369029449
0.32716003584364683
0.3271606581458171
0.3271592414733713
0.3271599523570031
0.3271593300548329
0.3271592414733713
0.32716074672727874
0.32716003584364683
0.32716003584364683
0.32715861917120104
0.3271592414733713
0.9880720511250425
0.32716003584364683
0.3271606581458171
0.32715861917120104
0.3271606581458171
0.32716003584364683
0.32716003584364683
0.32715861917120104
0.32716074672727874
0.3271593300548329
0.3638147745939397
0.3271599523570031
0.327161369029449
0.32717751109190524
0.3271592414733713
0.3271599523570031
0.3271592414733713
0.32716003584364683
0.3271606581458171
0.3271592414733713
0.3271593300548329
0.3271606581458171
0.33096466792756996
0.32716003584364683
0.32715861917120104
0.32718535374532975
0.3271606581458171
0.3271606581458171
0.327161369029449
0.3638161077797418
0.3271606581458171
0.32716074672727874
0.3638161912663855
0.32715861917120104
0.35157420194566635
0.3271593300548329
0.32716003584364683
0.32715861917120104
0.3271599523570031
0.36381590807925795
0.3271592414733713
0.32716003584364683
0.32718606462896166
0.3271599523570031
0.3271606581458171
0.32715861917120104
0.32716003584364683
0.3271592414733713
0.32716003584364683
0.3271593300548329
0.327161369029449
0.3271593300548329
0.32716003584364683
0.3271592414733713
0.3271592414733713
0.32716003584364683
0.3271592414733713
0.32716003584364683
0.32716003584364683
0.3271593300548329
0.32715861917120104
0.32716003584364683
0.32716003584364683
0.32716003584364683
0.3271592414733713
0.3271592414733713
0.32716003584364683
0.3271593300548329
0.3271606581458171
0.32715861917120104
0.32715861917120104
0.3450423302000963
0.3638168135685557
0.3271599523570031
0.3271606581458171
0.3271599523570031
0.32716074672727874
0.32716003584364683
0.35157287385468217
0.327161369029449
0.32716074672727874
0.32716003584364683
0.327161369029449
0.32717751109190524
0.3271606581458171
0.32716074672727874
0.3271606581458171
0.3271592414733713
0.3271592414733713
0.32715861917120104
0.32715861917120104
0.327161369029449
0.32716003584364683
0.3271606581458171
0.3271592414733713
0.32715861917120104
0.3271592414733713
0.32716003584364683
0.327161369029449
0.32716074672727874
0.3271593300548329
0.32715861917120104
0.9880732722649073
0.3276052193034541
0.3271606581458171
1.620180763606604
0.32715861917120104
0.3309746789313679
0.3271782219755371
0.32716003584364683
0.32716003584364683
1.620170220404379
0.3271593300548329
0.32715861917120104
0.327161369029449
0.32715861917120104
0.3271760944194594
0.32715861917120104
0.3271606581458171
0.32716003584364683
0.3271592414733713
0.32716074672727874
0.32715861917120104
0.3596379994369149
0.3271592414733713
1.0432910819298926
0.3271592414733713
0.3271840256543456
0.3271606581458171
0.3271606581458171
0.327161369029449
0.32716003584364683
0.32716074672727874
0.3309667954836476
0.3271599523570031
0.3271593300548329
0.327161369029449
0.327161369029449
0.32716074672727874
0.32716074672727874
0.3271592414733713
0.32716003584364683
0.3271592414733713
0.32716074672727874
0.32716074672727874
0.3271592414733713
0.3974066291836955
0.32716003584364683
0.32715861917120104
0.3271847314431595
0.3271599523570031
0.3271606581458171
0.3271593300548329
0.3638154854775716
0.34504091352765043
0.32716074672727874
0.32716074672727874
0.3271592414733713
0.3271593300548329
0.3271606581458171
0.3271599523570031
0.32715861917120104
0.3271592414733713
0.32715861917120104
0.32715861917120104
0.3271593300548329
0.32716074672727874
0.3271593300548329
0.3271606581458171
0.32715861917120104
0.32716003584364683
0.3271606581458171
0.32715861917120104
0.32717547211728915
0.32716003584364683
0.3271592414733713
0.32716003584364683
0.3271606581458171
0.32715861917120104
0.327161369029449
0.32716074672727874
0.32716074672727874
0.32715861917120104
0.3515721629710503
0.3271606581458171
0.3271833147707137
0.32715861917120104
0.3271593300548329
0.3271592414733713
0.3271592414733713
0.3596379994369149
0.32716003584364683
0.3271592414733713
0.32715861917120104
0.32715861917120104
0.3271599523570031
0.3271606581458171
0.327161369029449
0.3271592414733713
0.3271606581458171
0.42526854046059287
0.3271592414733713
0.327161369029449
0.32716003584364683
0.327161369029449
0.32716074672727874
0.3271592414733713
0.32715861917120104
0.32716003584364683
0.32715861917120104
0.32771893175868205
0.32715861917120104
0.32715861917120104
0.32715861917120104
0.32716003584364683
0.32715861917120104
0.32716003584364683
0.32715861917120104
0.3271599523570031
0.32715861917120104
0.32716003584364683
0.32716003584364683
0.32716003584364683
0.32716074672727874
0.3271593300548329
0.32716074672727874
0.32715861917120104
0.3271593300548329
0.3271854423267914
0.327161369029449
0.32716074672727874
0.3271592414733713
0.3271606581458171
0.327161369029449
0.32716074672727874
0.3271592414733713
0.32716003584364683
0.32715861917120104
0.32715861917120104
0.32715861917120104
0.32716003584364683
0.32715861917120104
0.32717547211728915
0.32716003584364683
0.3271599523570031
0.32716003584364683
0.32715861917120104
0.327161369029449
0.3271592414733713
0.3271606581458171
0.3271840256543456
0.3271592414733713
0.32716003584364683
0.3271593300548329
0.32715861917120104
0.32715861917120104
0.3271599523570031
0.32716003584364683
0.32715861917120104
0.3271606581458171
0.5297646690067014
0.32715861917120104
0.32715861917120104
0.3638147745939397
0.32716074672727874
0.32715861917120104
0.3271593300548329
0.3271606581458171
0.3271593300548329
0.3456005152314996
0.3271592414733713
0.3271593300548329
0.331199381792903
0.32715861917120104
0.32716003584364683
0.3271599523570031
0.32716003584364683
0.3271592414733713
0.32715861917120104
0.327161369029449
0.32716003584364683
0.3271592414733713
0.32715861917120104
0.3271592414733713
0.32715861917120104
0.3271606581458171
0.32715861917120104
0.3271592414733713
0.3271592414733713
0.32715861917120104
0.6892136852042691
0.32716003584364683
0.32716003584364683
0.3271606581458171
0.32715861917120104
0.32716003584364683
0.32716074672727874
0.32716003584364683
0.32716074672727874
0.32715861917120104
0.3271592414733713
0.32716074672727874
0.3271592414733713
0.327161369029449
0.32716003584364683
0.32715861917120104
0.32716003584364683
0.32716003584364683
0.3271593300548329
0.33099078019952843
0.32715861917120104
0.3271593300548329
0.3271592414733713
0.32716003584364683
0.32715861917120104
0.32715861917120104
0.3271606581458171
0.32715861917120104
0.32715861917120104
0.3271592414733713
0.3271599523570031
0.32716003584364683
0.327161369029449
0.32715861917120104
0.3271592414733713
0.3271606581458171
0.3271599523570031
0.3271592414733713
0.32715861917120104
0.3271593300548329
0.3271606581458171
0.32715861917120104
0.32716003584364683
0.3271592414733713
0.3271592414733713
0.3271606581458171
0.7762755024040336
0.32716074672727874
0.32715861917120104
0.3271599523570031
1.0432910819298926
0.32716003584364683
0.3271599523570031
0.32715861917120104
0.32715861917120104
0.3271593300548329
0.32716003584364683
0.32716003584364683
0.32716003584364683
0.32716074672727874
0.32715861917120104
0.3271592414733713
0.3271606581458171
0.34504091352765043
0.327161369029449
0.3271599523570031
0.32715861917120104
0.32716003584364683
0.3271606581458171
0.32718464795651586
0.327161369029449
0.3271592414733713
0.32715861917120104
0.3271592414733713
0.32715861917120104
0.3271593300548329
0.327161369029449
0.32716074672727874
0.3271606581458171
0.3271606581458171
0.3271599523570031
0.3271599523570031
0.32715861917120104
0.32715861917120104
0.465149026385101
0.3271606581458171
0.3271592414733713
0.3271833147707137
0.3596379994369149
0.32716003584364683
0.33119007657791893
0.3271592414733713
0.3271599523570031
0.3271606581458171
0.3272001677168018
0.32716074672727874
0.34504153582982067
0.3271606581458171
0.32716003584364683
0.32715861917120104
0.32715861917120104
0.32718464795651586
0.32715861917120104
0.32716074672727874
0.3271599523570031
0.3271593300548329
0.3638169021500174
0.3271592414733713
0.32716074672727874
0.3271599523570031
0.3271592414733713
0.32716003584364683
0.3271606581458171
0.32716074672727874
0.32716003584364683
0.32715861917120104
0.32715861917120104
0.3271606581458171
0.32716003584364683
0.3271606581458171
0.3271606581458171
0.32715861917120104
0.3271599523570031
0.32716074672727874
0.3271592414733713
0.32715861917120104
0.32716003584364683
0.32715861917120104
0.3271606581458171
0.32716003584364683
0.327161369029449
0.3271593300548329
0.327161369029449
0.3271606581458171
0.3271592414733713
0.3271606581458171
0.32715861917120104
0.3271606581458171
0.32716003584364683
0.32715861917120104
0.32716003584364683
0.32716074672727874
0.3271599523570031
0.3271592414733713
0.3271606581458171
0.3271592414733713
0.32715861917120104
0.3271599523570031
0.3271592414733713
0.327161369029449
0.32716074672727874
0.3271592414733713
0.3271592414733713
0.32716003584364683
