0.3271606581458171
0.32716074672727874
0.327161369029449
0.32716003584364683
0.32716074672727874
0.3271606581458171
0.3271592414733713
0.32716003584364683
0.3271606581458171
0.327161369029449
0.327161369029449
0.3271606581458171
0.3271593300548329
0.3271606581458171
0.3271606581458171
0.32716003584364683
0.3271606581458171
0.3271606581458171
0.32716003584364683
0.32716003584364683
0.32717751109190524
0.327161369029449
0.327161369029449
0.32716003584364683
0.3271606581458171
0.32715861917120104
0.3271606581458171
0.3271606581458171
0.3271606581458171
0.32716074672727874
0.3271606581458171
0.3271606581458171
0.3271606581458171
0.3271592414733713
0.3271606581458171
0.3271606581458171
0.3271606581458171
0.3271593300548329
0.32716003584364683
0.3271606581458171
0.3271606581458171
0.3271606581458171
0.32716003584364683
0.32716003584364683
0.3596407492951629
0.32716074672727874
0.3271606581458171
0.327161369029449
0.3271606581458171
0.32717751109190524
0.3271592414733713
0.3271606581458171
0.327161369029449
0.327161369029449
0.32716003584364683
0.3271606581458171
0.32716003584364683
0.32717751109190524
0.32717751109190524
0.3271592414733713
0.5298714133537277
0.3271606581458171
0.327161369029449
0.32716074672727874
0.327161369029449
0.3271606581458171
0.3271606581458171
0.3271606581458171
0.3271606581458171
0.3271606581458171
0.327161369029449
0.32716003584364683
0.32716003584364683
0.3271606581458171
0.3271592414733713
0.32716074672727874
0.3271606581458171
0.3638161912663855
0.3271606581458171
0.32716074672727874
0.3271606581458171
0.32716003584364683
0.327161369029449
0.7419527033598842
0.3271606581458171
0.32716003584364683
0.327161369029449
0.32716003584364683
0.32716003584364683
0.3271606581458171
0.32717688878973494
0.3271782219755371
0.32715861917120104
0.3271606581458171
0.3271606581458171
0.32715861917120104
0.3271606581458171
0.32716003584364683
0.32715861917120104
0.3271606581458171
0.32716074672727874
0.32716003584364683
0.3271606581458171
0.327161369029449
0.3271606581458171
0.3271606581458171
0.32717751109190524
0.3271606581458171
0.32717751109190524
0.32716003584364683
0.3271606581458171
0.32716003584364683
0.327161369029449
0.3271593300548329
0.3271606581458171
0.32716003584364683
0.32716003584364683
0.3271606581458171
0.3271606581458171
0.32716003584364683
0.32715861917120104
0.3271592414733713
0.3271606581458171
0.3271606581458171
0.32716074672727874
0.3271606581458171
0.327161369029449
0.32716003584364683
0.32718535374532975
0.3271606581458171
0.3271606581458171
0.3271599523570031
0.3271606581458171
0.32718535374532975
0.32716003584364683
0.32716003584364683
0.32716003584364683
0.3271606581458171
0.3271606581458171
0.32715861917120104
0.7279023148182826
0.3271606581458171
0.327161369029449
0.327161369029449
0.3271592414733713
0.327161369029449
0.3271592414733713
0.3272015843892476
0.32716074672727874
0.327161369029449
0.3271606581458171
0.32716074672727874
0.3271606581458171
0.3271606581458171
0.327161369029449
0.3271606581458171
0.3271606581458171
0.5408757705960823
0.32716003584364683
0.32716003584364683
0.32715861917120104
0.32715861917120104
0.35964012699299264
0.3271606581458171
0.327161369029449
0.32718535374532975
0.32841608881333817
0.32771901524532576
0.32716003584364683
0.3271606581458171
0.3271606581458171
0.32715861917120104
0.32716003584364683
0.3271606581458171
0.32716003584364683
0.3271592414733713
0.3271782219755371
0.3271606581458171
0.32716003584364683
0.32717759967336685
0.32717751109190524
0.32716003584364683
0.32716003584364683
0.32716003584364683
0.32716003584364683
0.3271592414733713
0.327161369029449
0.9880703130167671
0.32716074672727874
0.32715861917120104
0.3271606581458171
0.3271592414733713
0.327161369029449
0.32716003584364683
0.3283999467508819
0.3271592414733713
0.3271606581458171
0.32716003584364683
0.32716003584364683
0.3271606581458171
0.3271782219755371
0.689161410920943
0.3271782219755371
0.3271606581458171
0.32716074672727874
0.327161369029449
0.3271606581458171
0.32716003584364683
0.3271599523570031
0.3271606581458171
0.32717688878973494
0.32717751109190524
0.32716003584364683
0.32717751109190524
0.3271592414733713
0.32716074672727874
0.3271592414733713
0.32716003584364683
0.32716003584364683
0.32716003584364683
0.32716003584364683
0.32716003584364683
0.32716074672727874
0.3271592414733713
0.3271606581458171
0.3271606581458171
0.3271606581458171
0.32716074672727874
0.327161369029449
0.327161369029449
0.3271606581458171
0.3271592414733713
0.3276052193034541
0.3271606581458171
0.3271606581458171
0.3271606581458171
0.3271606581458171
0.32716003584364683
0.3271606581458171
0.327161369029449
0.3271606581458171
0.3271606581458171
0.3271606581458171
0.3271606581458171
0.3271606581458171
0.32716003584364683
0.32716074672727874
0.3271606581458171
0.32716003584364683
0.327161369029449
0.3271606581458171
0.6891035480171892
0.327161369029449
0.3271606581458171
0.3271606581458171
0.3271606581458171
0.32715861917120104
0.32716074672727874
0.327161369029449
0.3271592414733713
0.3271606581458171
0.3271606581458171
0.32716003584364683
0.32716003584364683
0.327161369029449
0.3271592414733713
0.3271606581458171
0.3271606581458171
0.3271606581458171
0.3271606581458171
0.33039319478416584
0.3271606581458171
0.32716003584364683
0.32716003584364683
0.32716003584364683
0.32716003584364683
0.3271606581458171
0.3271606581458171
0.32716003584364683
0.35157287385468217
0.327161369029449
0.3283999467508819
0.3271606581458171
0.3271606581458171
0.32716003584364683
0.3271606581458171
0.3271606581458171
0.3271606581458171
0.3271606581458171
0.32716003584364683
0.3271606581458171
0.3298320660616157
0.3271606581458171
0.3271606581458171
0.32717751109190524
0.32716003584364683
0.3271606581458171
0.3271606581458171
0.327161369029449
0.3271606581458171
0.32716003584364683
0.3271606581458171
0.327161369029449
0.32716003584364683
0.327161369029449
1.6201714423348939
0.32716003584364683
0.3271599523570031
0.32717688878973494
0.3271768053030913
0.3271606581458171
0.3271592414733713
0.3271606581458171
0.3271599523570031
0.32716003584364683
0.3271606581458171
0.3271606581458171
0.3271606581458171
0.3271606581458171
0.3271606581458171
0.3271606581458171
0.3271606581458171
0.35964126047831096
0.3271599523570031
0.3271606581458171
0.3271606581458171
0.3271606581458171
0.3271606581458171
0.4252982868439156
0.3271606581458171
0.32716003584364683
0.3271606581458171
0.3271606581458171
0.32717751109190524
0.5298410308446575
0.3271606581458171
0.3271606581458171
0.32716003584364683
0.327161369029449
0.3271606581458171
0.32717688878973494
0.32716003584364683
0.3271606581458171
0.3271606581458171
0.3271592414733713
0.327161369029449
0.3271606581458171
0.3312147721774316
0.32716003584364683
0.32715861917120104
0.3271606581458171
0.3271606581458171
0.32716003584364683
0.7279244893957896
0.3271606581458171
0.32716003584364683
0.327161369029449
0.3271606581458171
0.3271606581458171
0.32716003584364683
0.327161369029449
0.327161369029449
0.32715861917120104
0.35157420194566635
0.3271592414733713
0.3271606581458171
0.32718535374532975
0.32715861917120104
0.3271606581458171
0.3271606581458171
0.327161369029449
0.3271606581458171
0.3271606581458171
0.327161369029449
0.5624916473641459
0.3271606581458171
0.3271592414733713
0.32717751109190524
0.3271606581458171
0.3271606581458171
0.3839118851493806
0.3271592414733713
0.3271606581458171
0.3271606581458171
0.3271606581458171
0.32839985816942024
0.3271606581458171
0.3271606581458171
0.3271606581458171
0.327161369029449
0.3271606581458171
0.32716003584364683
0.3271606581458171
0.3271606581458171
0.3271606581458171
0.3271606581458171
0.3271606581458171
0.3271606581458171
0.3271592414733713
0.3271592414733713
0.3271606581458171
0.3271606581458171
0.32716003584364683
0.3271606581458171
0.3271606581458171
0.32716003584364683
0.327161369029449
0.32716003584364683
0.3271606581458171
1.6201811717063825
0.327161369029449
0.3271606581458171
0.327161369029449
0.32716003584364683
0.33098936352708264
0.32717751109190524
0.32716003584364683
0.3271606581458171
0.32716003584364683
0.32716003584364683
0.3271592414733713
0.32716003584364683
0.32716074672727874
0.3638168135685557
0.32716003584364683
0.32716003584364683
0.3271592414733713
0.32716074672727874
0.32716003584364683
0.3271593300548329
0.3271606581458171
0.32716074672727874
0.32716003584364683
0.3271606581458171
0.3271606581458171
0.3271592414733713
0.3271606581458171
0.3271606581458171
0.3271606581458171
0.327161369029449
0.32716003584364683
0.327161369029449
0.3271606581458171
0.32717751109190524
0.32716074672727874
0.3271606581458171
0.327161369029449
0.327161369029449
0.327161369029449
0.3271606581458171
0.32716074672727874
0.3271606581458171
0.32717751109190524
0.3271606581458171
0.3271606581458171
0.32716003584364683
0.3271606581458171
0.3271592414733713
0.3271606581458171
0.3271606581458171
0.3271606581458171
0.3271606581458171
0.32715861917120104
0.3271606581458171
0.3271606581458171
0.3271606581458171
0.3271606581458171
0.32716003584364683
0.327161369029449
0.3271606581458171
0.32716003584364683
0.32715861917120104
0.3271606581458171
0.3271606581458171
0.32716003584364683
0.327161369029449
0.32716003584364683
0.3271782219755371
0.3271599523570031
0.327161369029449
0.32716003584364683
0.32716003584364683
0.327161369029449
0.3456019319039454
0.32715861917120104
0.3271606581458171
0.32716003584364683
0.3271606581458171
0.32716074672727874
0.32716003584364683
0.32716074672727874
0.327161369029449
1.6201819855371187
0.32716003584364683
0.32716003584364683
0.3271606581458171
0.3271606581458171
0.327161369029449
0.3271606581458171
0.3271606581458171
0.3271599523570031
0.3271592414733713
0.3271592414733713
0.32716074672727874
0.3271592414733713
0.3271606581458171
0.3271593300548329
0.3271592414733713
0.3271606581458171
0.327161369029449
0.3271606581458171
0.3271606581458171
0.3271592414733713
0.7279167079718423
0.327161369029449
0.32716003584364683
0.3271606581458171
0.327161369029449
0.3271606581458171
0.327161369029449
0.327161369029449
0.3271606581458171
0.3271606581458171
0.32716074672727874
0.32716003584364683
0.32716003584364683
0.327161369029449
0.32716003584364683
0.32716003584364683
0.3271606581458171
0.7279010936784176
0.327161369029449
0.3271606581458171
0.32771901524532576
0.32716074672727874
0.3271606581458171
0.32839985816942024
0.32716003584364683
0.3311986709092711
0.327161369029449
0.741976790946709
0.3271606581458171
0.3271592414733713
0.32716003584364683
0.32716074672727874
0.3271599523570031
0.3276052193034541
0.32716074672727874
0.327161369029449
0.3271606581458171
0.32716003584364683
0.3271592414733713
0.3271606581458171
0.3271606581458171
0.32716074672727874
0.32716003584364683
0.3271599523570031
0.32716003584364683
0.32716003584364683
0.32716003584364683
0.32716003584364683
0.32715861917120104
0.5298714133537277
0.3271606581458171
0.32760584160562434
0.3271606581458171
0.3271606581458171
0.32718535374532975
0.32716003584364683
0.32715861917120104
0.327161369029449
0.3271593300548329
0.327161369029449
0.3271782219755371
0.3271606581458171
0.32716003584364683
0.32717751109190524
0.3271606581458171
0.327161369029449
0.3271606581458171
0.3271606581458171
0.32716003584364683
0.3271606581458171
0.3271606581458171
0.3271599523570031
0.3271592414733713
0.3271606581458171
0.3271592414733713
0.32716003584364683
0.3271606581458171
0.3271606581458171
0.3271599523570031
0.32717751109190524
0.32715861917120104
0.327161369029449
0.3271606581458171
0.3271592414733713
0.3271606581458171
0.3271606581458171
0.3271606581458171
0.3271606581458171
0.3271606581458171
0.3271606581458171
0.3271606581458171
0.327161369029449
0.32716003584364683
0.3271606581458171
0.32716003584364683
0.32715861917120104
0.327161369029449
0.3271592414733713
0.3271606581458171
0.3271606581458171
0.3271606581458171
0.5298714133537277
0.327161369029449
0.3271606581458171
0.32715861917120104
0.3271606581458171
0.3271606581458171
0.34560130960177515
0.32716003584364683
0.327161369029449
0.327161369029449
0.32716003584364683
0.32716074672727874
0.3271606581458171
0.3271606581458171
0.3271606581458171
0.3271606581458171
0.3271606581458171
0.3271606581458171
0.32716074672727874
0.3271599523570031
0.32716074672727874
0.32716003584364683
0.3271606581458171
0.3271606581458171
0.32716003584364683
0.3271606581458171
0.327161369029449
0.3271606581458171
0.3271606581458171
0.32716003584364683
0.33122478318122955
0.3450423302000963
0.3271606581458171
0.3271606581458171
0.32716074672727874
0.32717751109190524
0.7279010936784176
0.3271606581458171
0.3271782219755371
0.32717759967336685
0.3271606581458171
0.9880720511250425
0.327161369029449
0.3271606581458171
0.327161369029449
0.3271606581458171
0.3271593300548329
0.3271606581458171
0.3271606581458171
0.32716074672727874
0.32716074672727874
0.327161369029449
0.3271606581458171
0.3271782219755371
0.32841742199914026
0.3271606581458171
0.3271606581458171
0.3271606581458171
0.3271599523570031
0.327161369029449
0.3271606581458171
0.3271606581458171
0.32716003584364683
0.3271606581458171
0.3271606581458171
0.32716074672727874
0.3271606581458171
0.3271606581458171
0.327161369029449
0.32716003584364683
0.3271606581458171
0.3271606581458171
0.3271606581458171
0.3271606581458171
0.3271592414733713
0.32716003584364683
0.32716003584364683
0.32716074672727874
0.32715861917120104
0.3271593300548329
0.32716074672727874
0.3271606581458171
0.3271592414733713
0.3271606581458171
0.327161369029449
0.32717688878973494
0.32716003584364683
0.3271606581458171
0.327161369029449
1.6201714423348939
0.327161369029449
0.3271606581458171
0.32715861917120104
0.3271606581458171
0.32716003584364683
0.3271606581458171
0.3271593300548329
0.3271592414733713
0.3271606581458171
0.3271606581458171
0.3271606581458171
0.32839985816942024
0.32716003584364683
0.3271606581458171
0.3515721629710503
0.7341090660707165
0.3271606581458171
0.3271606581458171
0.32716003584364683
0.3271606581458171
0.3271592414733713
0.327161369029449
0.3271592414733713
0.3271606581458171
0.3271599523570031
0.32716003584364683
0.32716003584364683
0.3271606581458171
0.3271592414733713
0.3271606581458171
0.32716003584364683
0.32716074672727874
0.3271606581458171
0.32716003584364683
0.3271606581458171
0.32716003584364683
0.32716003584364683
0.32717688878973494
0.32716074672727874
0.3271606581458171
0.32718606462896166
0.3271606581458171
0.32716003584364683
0.32715861917120104
0.3271606581458171
0.32716003584364683
0.3271592414733713
0.35507455500100965
0.3271606581458171
0.3271606581458171
0.3271592414733713
0.327161369029449
0.32717759967336685
0.3271606581458171
0.327161369029449
0.3276044249331785
0.32717751109190524
0.32715861917120104
0.3271606581458171
0.3271606581458171
0.32716003584364683
0.3271606581458171
0.3271606581458171
0.3271606581458171
0.32716003584364683
0.3271606581458171
0.32716074672727874
0.3271606581458171
0.32717751109190524
0.32715861917120104
0.3271606581458171
0.3271606581458171
0.3271606581458171
0.32716074672727874
0.32716003584364683
0.3271782219755371
0.32716003584364683
0.3271592414733713
0.32716003584364683
0.32715861917120104
0.3271606581458171
0.3271592414733713
0.32716003584364683
0.32716074672727874
0.3271592414733713
0.42526782957696097
0.327161369029449
0.3271606581458171
0.32716074672727874
0.32716003584364683
0.3271599523570031
0.3271782219755371
0.3271606581458171
0.32771901524532576
0.32716003584364683
0.327161369029449
0.3271606581458171
0.32716003584364683
0.3271606581458171
0.3271606581458171
0.3271606581458171
0.3271606581458171
0.32716003584364683
0.3271606581458171
0.32716003584364683
0.32716074672727874
0.327161369029449
0.3271606581458171
0.32716003584364683
0.3271606581458171
0.3271606581458171
0.32717688878973494
0.3271599523570031
0.3271606581458171
0.32717688878973494
0.32716003584364683
0.32716003584364683
0.3271592414733713
0.32716003584364683
0.3271592414733713
0.32716003584364683
0.32716003584364683
0.3271606581458171
0.3271592414733713
0.32716003584364683
0.3271606581458171
0.3271606581458171
0.3271593300548329
0.3271606581458171
0.3271592414733713
0.32716003584364683
0.32715861917120104
0.32716003584364683
0.327161369029449
0.3271606581458171
0.32716003584364683
0.3271606581458171
0.32716003584364683
0.327161369029449
0.32716074672727874
0.32716074672727874
0.3271606581458171
0.3271606581458171
0.327161369029449
0.3271606581458171
0.3271606581458171
0.3271599523570031
0.3271606581458171
0.327161369029449
0.3271606581458171
0.32716074672727874
0.34504295250226646
0.3271606581458171
0.3271606581458171
0.327719637547496
0.3271606581458171
0.3271593300548329
0.32839923586725006
0.3271606581458171
0.3271606581458171
0.327161369029449
0.327161369029449
0.32715861917120104
0.3271592414733713
0.32716003584364683
0.32717751109190524
0.3271606581458171
0.3271606581458171
0.32715861917120104
0.32716003584364683
0.327161369029449
0.3271606581458171
0.32715861917120104
0.3271606581458171
0.3271606581458171
0.32716074672727874
0.327161369029449
0.327161369029449
0.3271593300548329
0.3276065524892562
0.9880177713667794
0.3271606581458171
0.32716003584364683
0.3271606581458171
0.3271606581458171
0.327161369029449
0.32841608881333817
0.3271606581458171
0.32717751109190524
0.327161369029449
0.32716003584364683
0.3271599523570031
0.327161369029449
0.3271606581458171
0.32716074672727874
0.9880799718928676
0.3271606581458171
0.3271606581458171
0.32715861917120104
0.32716003584364683
0.32716003584364683
0.3271606581458171
0.3271606581458171
0.3271606581458171
0.3271606581458171
0.988283292812048
0.3271606581458171
0.32716003584364683
0.3312176514114369
0.3271592414733713
0.3271606581458171
0.32716003584364683
0.3271606581458171
0.32716003584364683
0.32716003584364683
0.3271606581458171
0.3271606581458171
0.32716074672727874
0.32716003584364683
0.32716003584364683
0.3271606581458171
0.3271592414733713
0.32716003584364683
0.32717751109190524
0.327161369029449
0.3271606581458171
0.5298410308446575
0.32716074672727874
0.32716003584364683
0.3271606581458171
0.32716003584364683
0.32716003584364683
0.3271606581458171
0.327161369029449
0.32716003584364683
0.34560264278757735
0.3271606581458171
0.32716003584364683
0.3271606581458171
0.3271606581458171
0.3271606581458171
0.327161369029449
0.32715861917120104
0.32716003584364683
0.3271606581458171
0.32715861917120104
0.3271606581458171
0.3271606581458171
0.3271606581458171
0.3271606581458171
0.3271606581458171
0.32715861917120104
0.32716074672727874
0.3271606581458171
0.3271606581458171
0.3271599523570031
0.3271606581458171
0.32716003584364683
0.32716074672727874
0.3271599523570031
0.327161369029449
0.32716003584364683
0.3271606581458171
0.3271606581458171
0.32716003584364683
0.3271606581458171
0.3271606581458171
0.3271599523570031
0.3271606581458171
0.3271606581458171
0.3271606581458171
0.32716003584364683
0.32716003584364683
0.32716003584364683
0.327161369029449
0.3271606581458171
0.32715861917120104
0.32716003584364683
0.32716003584364683
0.327161369029449
0.3271606581458171
0.3271606581458171
0.32716003584364683
0.32716074672727874
0.32717751109190524
0.3271592414733713
0.32716003584364683
0.3271606581458171
0.3271599523570031
0.32715861917120104
0.32716003584364683
0.3271606581458171
0.327161369029449
0.3596407492951629
0.32716003584364683
0.327737201377216
