0.6745926746798634
0.32685331551016994
0.3268533902680544
0.32685331551016994
0.3268526932079997
0.3268704000491168
0.3268533902680544
0.32685331551016994
0.3268533902680544
0.3268533902680544
0.32691151297470056
0.32685331551016994
0.3268533902680544
0.32685276796588414
0.7960077396963502
0.32685331551016994
0.3268533902680544
0.3268709475934026
0.32977394335496946
0.32685331551016994
0.32685331551016994
0.32685331551016994
0.32685276796588414
0.33813005462214
0.3268533902680544
1.4414501097169305
0.32685331551016994
0.3268533902680544
0.32691151297470056
0.3268533902680544
0.32685276796588414
0.3268533902680544
0.32691151297470056
0.326911587732585
0.32685331551016994
0.3268533902680544
0.32687102235128707
0.3268533902680544
0.32685331551016994
0.3268533902680544
0.32785843470188714
0.32741444423272004
0.3533914935714992
0.3268533902680544
0.32685331551016994
0.32839915238060635
0.3268533902680544
0.3268533902680544
0.3268533902680544
0.3268533902680544
0.3268533902680544
0.3268533902680544
0.3268526932079997
0.32784025507436865
0.3268533902680544
0.3268533902680544
0.32685276796588414
0.5238745103502453
0.34656771635802
0.3268533902680544
0.3268533902680544
0.3268533902680544
0.3268533902680544
0.3268533902680544
0.3268533902680544
0.4242565408460075
0.4800685765760222
0.3268533902680544
0.3285887480021438
0.5536456386842925
0.3268533902680544
0.3268533902680544
0.3385382442396946
0.32685276796588414
0.32685331551016994
0.3268533902680544
0.3268533902680544
0.3268533902680544
0.3268533902680544
0.32687102235128707
0.32685331551016994
0.3268533902680544
0.32687102235128707
0.3268533902680544
0.3268533902680544
0.3385375471796399
0.32685331551016994
0.32685276796588414
0.5668296562675345
0.3385382442396946
0.32685331551016994
0.3268533902680544
0.32839915238060635
0.3268533902680544
0.3268533902680544
0.32685331551016994
0.3268533902680544
0.32685331551016994
0.32685331551016994
0.32685331551016994
0.32685331551016994
0.3268533902680544
0.32693628333209773
0.32839915238060635
0.32685331551016994
0.32687102235128707
0.32741444423272004
0.32786557297605157
0.32685331551016994
0.3268533902680544
0.3268533902680544
0.3268533902680544
0.32685331551016994
0.3292524148318842
0.3268533902680544
0.3268533902680544
0.33853816948181015
0.3268533902680544
0.32841600532669446
0.3268533902680544
0.32685276796588414
0.32685276796588414
0.7957372607177207
0.3268533902680544
0.3268533902680544
0.32687102235128707
0.3268533902680544
0.7960346074965317
0.3268533902680544
0.3268533902680544
0.3268533902680544
0.3268533902680544
0.32685276796588414
0.3268533902680544
0.3465497580357172
0.32685276796588414
0.32687102235128707
0.3268533902680544
0.32685331551016994
0.3268533902680544
1.4414514960420408
0.3681016604492836
0.3547235735017491
0.32685276796588414
0.32687102235128707
0.4242565408460075
0.32841600532669446
0.3268533902680544
0.3268533902680544
0.3268533902680544
0.32685331551016994
0.3268533902680544
0.3268533902680544
0.32685331551016994
0.3268533902680544
0.3268533902680544
0.3268533902680544
0.3268533902680544
0.3268533902680544
0.3268533902680544
0.3268533902680544
0.3268533902680544
0.3268533902680544
0.3268533902680544
0.3268533902680544
0.3268533902680544
0.3268533902680544
0.32685331551016994
0.3268533902680544
0.32685331551016994
0.326911587732585
0.32692921981581774
0.36464157615704706
0.3268533902680544
0.5534923605439964
0.3268533902680544
0.3268533902680544
0.33279076916421296
1.4414514960420408
0.36469969886369324
0.32685331551016994
0.32977394335496946
0.32685276796588414
0.32786495067388133
0.34711081200038285
0.33853762193752435
0.3289574208986534
0.32979087837814747
0.3268533902680544
0.3268533902680544
0.4242565408460075
0.3268533902680544
0.32685331551016994
0.3268533902680544
0.32687102235128707
0.32784025507436865
0.3268533902680544
0.5668470820299834
0.3268533902680544
0.535839950951835
0.3381313449424327
0.32685331551016994
0.32687102235128707
0.326911587732585
0.3268533902680544
0.32685331551016994
1.419655066452715
0.3292347827486515
0.5240277884905414
0.32685331551016994
0.3268533902680544
0.32685331551016994
0.3268533902680544
0.32685331551016994
0.32840056905305215
0.3268533902680544
0.326911587732585
0.3268533902680544
0.32685331551016994
0.3285787369983459
0.3268533902680544
0.3268533902680544
0.326911587732585
0.3285887480021438
0.3268533902680544
0.3465497580357172
0.3268533902680544
0.326911587732585
0.3268533902680544
0.3268533902680544
0.3268533902680544
0.32786549821816713
0.3268533902680544
0.3268533902680544
0.32685331551016994
0.3646415013991626
0.32685331551016994
0.32685331551016994
0.3292594783481642
0.32685331551016994
0.3547412055849818
0.7957372607177207
0.3268533902680544
0.32685331551016994
0.32685276796588414
0.3268533902680544
0.32685331551016994
0.3268533902680544
0.3278408773765389
0.32685276796588414
0.326911587732585
0.32685276796588414
0.32685331551016994
0.32685331551016994
0.3268533902680544
0.3278408773765389
0.32685276796588414
0.6022266311505584
0.32685331551016994
0.32685331551016994
0.3547235735017491
0.3268526932079997
0.3268533902680544
0.3268533902680544
0.32685331551016994
0.3268533902680544
0.3465684272416519
0.3268533902680544
0.3268533902680544
0.3268526932079997
0.3268533902680544
0.3268533902680544
0.3268533902680544
0.3289581317822853
0.3268526932079997
0.3268526932079997
0.32685331551016994
0.3268533902680544
0.3268533902680544
0.3289574208986534
0.3268533902680544
0.3268780111096826
0.33856286508132283
0.3268526932079997
0.3268533902680544
2.1663711895599063
0.32687102235128707
1.4414510735002701
0.3289581317822853
0.32685331551016994
0.3465684272416519
0.32685331551016994
0.3268709475934026
0.32857866224046145
0.32685331551016994
0.326911587732585
0.32839915238060635
0.3286716410661872
0.3268533902680544
0.7960077396963502
0.33853762193752435
0.3269285975136475
0.32784025507436865
0.3268533902680544
0.366777327180414
0.3268533902680544
0.3268533902680544
0.32685331551016994
0.32685331551016994
0.3466079555002478
0.3268533902680544
0.3547412055849818
0.3268533902680544
0.3268533902680544
0.3268533902680544
0.32923470799076704
0.3268533902680544
0.3268526932079997
0.3268533902680544
0.7957371859598362
0.32685276796588414
0.32983214081950013
0.3268533902680544
0.3268533902680544
1.4414954369274464
0.32685331551016994
0.32691151297470056
0.32687808586756706
0.3268533902680544
0.32685331551016994
0.32685331551016994
0.3268533902680544
0.3268526932079997
0.32685276796588414
0.3268533902680544
0.3268533902680544
0.3385382442396946
0.3268533902680544
0.3268533902680544
0.3268533902680544
0.3268533902680544
0.3268703252912324
0.3268533902680544
0.3292594783481642
0.3268533902680544
0.3268533902680544
0.3268533902680544
0.32784025507436865
0.3547235735017491
0.32685331551016994
0.3268533902680544
0.35474819434337734
0.7957372607177207
0.3268533902680544
0.32685331551016994
0.3268533902680544
0.3268533902680544
0.3268533902680544
0.32685331551016994
0.3268533902680544
0.32687102235128707
0.3268709475934026
0.32741444423272004
0.32685331551016994
0.3268533902680544
0.32685331551016994
0.3268526932079997
0.32685331551016994
0.34654968327783275
0.3268533902680544
0.3465684272416519
0.32685331551016994
0.3268533902680544
0.3268533902680544
0.3268533902680544
0.32685331551016994
0.32685331551016994
0.3268533902680544
0.3268533902680544
0.32839915238060635
0.3268533902680544
0.32685331551016994
0.3278648759159969
0.9504594396517244
0.3297915006803177
0.32741444423272004
0.3268533902680544
0.3268533902680544
0.32685276796588414
0.3268533902680544
0.32685331551016994
0.32923470799076704
0.3268533902680544
0.32685331551016994
0.32685331551016994
0.553492285786112
0.3506726225693385
0.5238745103502453
0.32685331551016994
0.7960077396963502
0.3268533902680544
0.3274138219305498
0.32685331551016994
0.3385382442396946
0.3268533902680544
0.3268533902680544
0.326911587732585
0.5239812546972715
0.3268533902680544
1.4414510735002701
0.3268533902680544
0.32784025507436865
0.3268533902680544
0.3268533902680544
0.3268533902680544
0.32685276796588414
0.32685331551016994
0.3289574208986534
0.5821478558982653
0.3285886732442594
0.32983214081950013
0.3268533902680544
0.3268533902680544
0.3268533902680544
0.32687808586756706
0.4242565408460075
0.9506217606802296
0.32687102235128707
0.3268533902680544
0.32685331551016994
0.5534923605439964
0.3268533902680544
0.3268533902680544
0.32685276796588414
0.32685276796588414
0.32685331551016994
0.3268526932079997
0.326911587732585
0.3268533902680544
0.32978897716348304
0.3268533902680544
0.3268533902680544
0.32685276796588414
0.3268533902680544
0.32685276796588414
0.3268533902680544
0.32685276796588414
0.3268533902680544
0.8912329417586258
0.3268533902680544
0.3268533902680544
0.32685276796588414
0.32685276796588414
0.3268533902680544
0.3268533902680544
0.3283985300784361
0.3268533902680544
0.3381299798642556
0.326911587732585
0.3385395345599872
0.32691151297470056
0.32687808586756706
0.3268533902680544
0.32685276796588414
0.32685276796588414
0.3268533902680544
0.32923470799076704
0.32861344360165656
0.3268533902680544
0.3268533902680544
0.6793906673463498
0.3268533902680544
0.3268533902680544
0.3268533902680544
0.523874435592361
0.3268533902680544
0.3268533902680544
0.3268533902680544
0.32685331551016994
0.32839915238060635
0.3268533902680544
0.3289581317822853
0.3285887480021438
0.32685331551016994
0.3268533902680544
0.32685331551016994
0.3268533902680544
0.32692921981581774
0.326911587732585
0.3268533902680544
0.3268533902680544
0.3643750871814207
0.32789845253889927
0.3268533902680544
0.32685331551016994
0.32685331551016994
0.3274726416972507
0.3289595484547311
0.32685276796588414
0.3268533902680544
0.3268533902680544
0.3268533902680544
0.3268533902680544
0.55544604540836
0.3268533902680544
0.3268533902680544
0.3292347827486515
0.32685331551016994
0.3268533902680544
0.3268533902680544
0.3268709475934026
0.32687102235128707
0.5821323373150242
0.3268533902680544
0.7960077396963502
1.4414510735002701
0.3268533902680544
0.3268533902680544
0.5821323373150242
0.32685331551016994
0.3268533902680544
0.3268533902680544
0.32691151297470056
0.8912240674011968
0.3269285975136475
0.5239812546972715
0.3268533902680544
0.3268533902680544
0.32685331551016994
0.326911587732585
0.3268533902680544
0.32839915238060635
0.3268533902680544
0.34654913573354695
0.3268533902680544
0.7957641285179022
0.3385382442396946
0.3268533902680544
0.34654968327783275
0.5240117119642261
0.3268533902680544
0.3268533902680544
0.3278401803164842
0.3293176758126949
0.32685331551016994
0.3268533902680544
0.35474819434337734
0.3292423290702018
0.8912250209908006
0.36464157615704706
0.3465497580357172
0.3268533902680544
0.32691151297470056
0.3268533902680544
0.32685331551016994
0.32685331551016994
0.3268533902680544
0.3268533902680544
0.4242565408460075
0.32685276796588414
0.3268533902680544
0.34654968327783275
0.3268709475934026
0.3268533902680544
0.3381299798642556
0.32692921981581774
0.326911587732585
0.3268533902680544
0.3286469454666745
0.32685331551016994
0.32685331551016994
0.3268533902680544
0.32685331551016994
0.3268533902680544
0.326911587732585
2.1630210103711454
0.32685331551016994
0.3285887480021438
0.3465497580357172
0.32685331551016994
0.3268533902680544
0.3547228764416944
0.3268533902680544
0.3268533902680544
0.32839915238060635
0.3268533902680544
0.32685331551016994
0.3292246969869691
0.3268533902680544
0.3268533902680544
0.8912250209908006
0.3268533902680544
0.3268533902680544
0.7960077396963502
0.8914828018675598
0.32685276796588414
0.3268533902680544
0.3268526932079997
0.3268526932079997
0.32685331551016994
0.32685331551016994
1.4414391584149269
0.32687102235128707
0.32685331551016994
0.3471107372424984
0.3268533902680544
0.32685276796588414
0.32784025507436865
0.3268533902680544
0.3285887480021438
0.7958331083609
0.3268533902680544
0.34660733319807757
0.3268533902680544
0.3385382442396946
0.5238745103502453
0.3278408773765389
0.3297915006803177
0.3268533902680544
0.3268533902680544
0.3268533902680544
0.3268533902680544
0.7957371859598362
0.3268526932079997
0.32741444423272004
0.32687808586756706
0.3268533902680544
0.3268533902680544
0.3268533902680544
0.3268533902680544
0.3547235735017491
0.3268533902680544
0.3268526932079997
0.3268533902680544
0.32685276796588414
0.3268533902680544
0.32685331551016994
0.32685331551016994
0.3268533902680544
0.3268533902680544
0.3268533902680544
0.7961035873395296
0.32691151297470056
0.32691151297470056
0.3268533902680544
0.3381313449424327
0.32687102235128707
0.3268533902680544
0.32685276796588414
0.3386923241492139
0.32685331551016994
0.34977137570339634
0.9510187708439789
0.3268533902680544
0.32685331551016994
0.5238745103502453
0.8912329417586258
0.3268533902680544
0.3285887480021438
0.3268533902680544
0.3268533902680544
0.3268533902680544
0.3268533902680544
0.32685276796588414
0.32861344360165656
0.32691151297470056
0.3268533902680544
0.3268533902680544
0.3285887480021438
0.32839915238060635
0.3268533902680544
0.326911587732585
0.3286469454666745
0.3268533902680544
0.32685276796588414
0.3385382442396946
0.32685276796588414
0.3268533902680544
0.3268533902680544
0.3268533902680544
0.3268533902680544
0.32685276796588414
0.35472295119957886
0.32685331551016994
1.441496400710786
0.3268533902680544
0.32685331551016994
0.3268533902680544
0.3268533902680544
0.3268533902680544
0.3268533902680544
0.329773868597085
0.32685331551016994
0.3274138219305498
0.3268533902680544
0.326911587732585
0.6745341008924778
0.32839915238060635
0.7958331083609
0.32687102235128707
0.32685331551016994
0.32685331551016994
0.3268533902680544
0.3268533902680544
0.3268533902680544
0.3268533902680544
0.3268533902680544
0.3268533902680544
0.32691096543041476
0.3268533902680544
0.3268526932079997
0.3268533902680544
0.3268533902680544
0.3268533902680544
0.7976035359439481
0.32685276796588414
0.3268533902680544
0.32687102235128707
0.5668543518670471
0.3268533902680544
0.3268533902680544
0.3268533902680544
0.5821323373150242
0.3268533902680544
0.32685331551016994
0.32784025507436865
0.32839844149697445
0.44391305468739645
1.4414528812301675
0.3268533902680544
0.3269108906725303
0.32685331551016994
0.3268533902680544
0.32685276796588414
0.32685331551016994
0.3268533902680544
0.3268533902680544
0.7957372607177207
0.32685331551016994
0.3268533902680544
0.3268533902680544
0.3292424038280862
0.3268533902680544
0.3268533902680544
0.32861344360165656
0.3268533902680544
0.33853762193752435
0.3268533902680544
0.32685331551016994
0.3285887480021438
0.3268533902680544
0.3268533902680544
1.4414514960420408
0.3268533902680544
1.4414510735002701
0.7957372607177207
0.3268533902680544
0.3268533902680544
0.3268533902680544
0.326911587732585
0.3385382442396946
1.2114031899892457
0.32685331551016994
0.32685331551016994
0.5821323373150242
0.3268533902680544
0.35472349874386466
0.32685276796588414
0.3268533902680544
0.3268533902680544
0.32685276796588414
0.3268709475934026
0.3268533902680544
0.32685331551016994
0.32685276796588414
0.32685331551016994
0.32685331551016994
0.3292347827486515
0.32685331551016994
0.33853762193752435
0.3268533902680544
0.3268533902680544
0.3268533902680544
0.32685331551016994
0.32979157543820214
0.3268533902680544
0.33853816948181015
0.3268533902680544
0.3268533902680544
1.4414405447400374
0.3268533902680544
0.3268709475934026
0.3268533902680544
0.3268533902680544
0.3268709475934026
0.3268533902680544
0.3268709475934026
0.3547412055849818
0.32687102235128707
0.3268533902680544
0.326911587732585
0.32685331551016994
0.3268533902680544
0.32691151297470056
0.3268533902680544
0.9504664068299455
0.32685276796588414
0.35472349874386466
0.32857866224046145
0.3268533902680544
0.3268533902680544
0.3297909531360319
0.32685276796588414
0.32685331551016994
0.5238745103502453
0.3268533902680544
0.3268533902680544
0.3268526932079997
0.32687102235128707
0.3268533902680544
0.3268526932079997
0.3286716410661872
0.44195421576988214
0.9505628202678036
0.3547235735017491
0.32685331551016994
0.3268533902680544
0.3268533902680544
0.3268774635653968
0.3283985300784361
0.32691151297470056
0.32685276796588414
0.32687102235128707
0.3268533902680544
0.32685276796588414
0.3268533902680544
0.32685331551016994
0.3292524148318842
0.326911587732585
0.3268533902680544
0.3268533902680544
0.32691096543041476
0.3268533902680544
0.32687808586756706
0.3268533902680544
0.32685331551016994
0.3465497580357172
0.3268533902680544
0.32839844149697445
0.32685276796588414
0.326911587732585
0.3268533902680544
0.32685331551016994
0.3268533902680544
0.329773868597085
0.3268533902680544
0.33853816948181015
0.5668296562675345
0.35472349874386466
1.6422473239475108
0.32685331551016994
0.32685276796588414
1.4519892344339713
0.32685331551016994
0.3268533902680544
0.3268533902680544
0.32687102235128707
0.32687102235128707
1.4414505322587012
0.33869170184704367
0.3268533902680544
0.3268533902680544
0.3268533902680544
0.3268533902680544
1.4422082525140032
0.32685331551016994
0.3268533902680544
0.3268533902680544
0.3268533902680544
0.32685331551016994
0.3268533902680544
0.32685276796588414
0.32685331551016994
0.32685331551016994
0.3268533902680544
0.32685331551016994
0.326911587732585
0.3547235735017491
0.3268533902680544
0.3268533902680544
0.3268533902680544
0.32685331551016994
0.32687808586756706
0.35474819434337734
0.3268533902680544
0.32685331551016994
0.32685331551016994
0.32685331551016994
0.3268533902680544
0.354799328291628
0.3268533902680544
0.3268533902680544
0.32866163006238924
0.3268533902680544
0.32685331551016994
0.3268533902680544
0.3268533902680544
0.3268533902680544
0.9504594396517244
0.3268533902680544
0.3268526932079997
0.3268526932079997
0.3274138219305498
0.32685331551016994
0.32685331551016994
0.32685331551016994
0.3268533902680544
0.3289581317822853
0.3268533902680544
0.3268533902680544
0.32685331551016994
0.3268533902680544
0.32685276796588414
0.3289581317822853
0.3268533902680544
0.32685331551016994
0.3292246969869691
0.5668296562675345
0.3268533902680544
0.3268533902680544
0.32685276796588414
0.32691151297470056
0.32685331551016994
0.3286469454666745
0.3268533902680544
0.3268533902680544
0.32685331551016994
0.32685331551016994
0.3268533902680544
0.3268533902680544
1.4414510735002701
0.5821323373150242
0.3268533902680544
0.3268533902680544
0.3399495957405655
0.32685331551016994
0.3268533902680544
0.326911587732585
0.33853762193752435
0.3278408773765389
0.32685331551016994
0.3268533902680544
0.3278408773765389
0.32685331551016994
0.3268533902680544
0.3390992234464758
0.3268704000491168
0.32687102235128707
0.32685276796588414
0.3268533902680544
0.32691151297470056
0.32839915238060635
0.32687102235128707
0.3268533902680544
0.3268533902680544
0.32861344360165656
0.32687102235128707
0.33853816948181015
0.3268533902680544
1.4414501097169305
0.3268533902680544
1.4414501097169305
0.3268533902680544
0.32860343259785857
0.3268533902680544
0.3268533902680544
0.3268533902680544
0.3268533902680544
0.3268533902680544
0.3289581317822853
0.32685331551016994
0.3268533902680544
0.3268533902680544
0.34877823505399325
0.32685331551016994
0.3268533902680544
0.3268533902680544
0.3268533902680544
0.3268533902680544
0.7900768831229603
0.3268533902680544
0.3268533902680544
0.3268533902680544
0.32685331551016994
0.3268533902680544
0.3268533902680544
0.3268533902680544
0.3268533902680544
0.3268533902680544
0.3268533902680544
