0.3271606581458171
0.9880732722649073
0.32716074672727874
0.3271606581458171
0.3271592414733713
0.32716074672727874
0.3271606581458171
0.32716003584364683
0.3271833147707137
0.3271592414733713
0.327161369029449
0.327161369029449
0.327161369029449
0.32716003584364683
0.3277183094565118
0.32716003584364683
0.32716003584364683
0.3271606581458171
0.32716074672727874
0.32715861917120104
0.3271606581458171
0.32716003584364683
0.3271606581458171
0.3271606581458171
0.3271606581458171
0.3271606581458171
0.327161369029449
0.3271606581458171
0.3271606581458171
0.7547313723814454
0.3638161077797418
0.3271592414733713
0.3271599523570031
0.3271592414733713
0.3271606581458171
0.3271606581458171
0.3638168135685557
0.3271606581458171
0.327161369029449
0.3271606581458171
0.3271606581458171
0.32716003584364683
0.327161369029449
0.32716003584364683
0.3271606581458171
0.34504091352765043
0.32716003584364683
0.3271606581458171
0.3271592414733713
0.3271592414733713
0.327161369029449
0.3271592414733713
0.32717751109190524
0.327161369029449
0.3271592414733713
0.32716003584364683
0.3309760956038137
0.32717751109190524
0.327161369029449
0.3596393326227171
0.3271592414733713
0.3271606581458171
0.7279251025229666
0.3271606581458171
0.3271593300548329
0.3271606581458171
0.3271606581458171
0.4252943555000325
0.32716074672727874
0.32716003584364683
0.6891889896047564
0.32716003584364683
0.3271593300548329
0.327161369029449
0.3271606581458171
0.3271592414733713
0.3271606581458171
0.3271606581458171
0.32716003584364683
0.32716003584364683
0.32716003584364683
0.3271606581458171
0.32715861917120104
0.3271606581458171
0.32716003584364683
0.3271760944194594
0.3312000875817169
0.3271606581458171
0.9880979678644201
0.327161369029449
0.7279010936784176
0.3271606581458171
0.3271606581458171
0.3309746789313679
0.3271606581458171
0.32716003584364683
0.32760584160562434
0.3271606581458171
0.32840056905305215
0.32716003584364683
0.9881425616108472
0.32716074672727874
0.32716003584364683
0.3271606581458171
0.327161369029449
0.3271606581458171
0.32716003584364683
0.3271606581458171
0.32716003584364683
0.32716003584364683
0.327161369029449
0.3271592414733713
0.3271599523570031
0.3271606581458171
0.32716003584364683
0.32716003584364683
0.3271606581458171
0.3271606581458171
0.3271606581458171
0.327161369029449
0.32717688878973494
0.327719637547496
0.3271782219755371
0.32715861917120104
0.3271606581458171
0.3271606581458171
0.327161369029449
0.3271593300548329
0.3271606581458171
0.689161410920943
0.32717751109190524
0.327161369029449
0.32716003584364683
0.32716003584364683
0.32716003584364683
0.3271599523570031
0.3271606581458171
0.3322557862249582
0.327161369029449
0.32717751109190524
0.3271592414733713
0.32717751109190524
0.32716003584364683
0.327161369029449
0.5624916473641459
0.327161369029449
0.327161369029449
0.3271599523570031
0.3283978191948042
0.3276052193034541
0.3271606581458171
0.32717688878973494
0.3271599523570031
0.32716074672727874
0.32716003584364683
0.3271606581458171
0.32716003584364683
0.327161369029449
0.327161369029449
0.38390995729378674
0.3271606581458171
0.3271606581458171
0.32715861917120104
0.3271606581458171
0.3271606581458171
0.32716003584364683
0.3271606581458171
0.32715861917120104
0.32716003584364683
0.3271606581458171
0.3271606581458171
0.32716074672727874
0.327161369029449
0.3271606581458171
0.3271606581458171
0.327161369029449
0.3271606581458171
0.32716074672727874
0.32718535374532975
0.32716003584364683
0.32716003584364683
0.3271606581458171
0.3271606581458171
0.327719637547496
0.3271606581458171
0.32715861917120104
0.3271606581458171
0.32715861917120104
0.3271606581458171
0.3276052193034541
0.32716074672727874
0.3271606581458171
0.7341096740834043
0.3271606581458171
0.3271606581458171
0.3271606581458171
0.3271606581458171
0.32715861917120104
0.3271606581458171
0.327161369029449
0.32716074672727874
0.3271606581458171
0.327161369029449
0.32716003584364683
0.3271606581458171
0.3271606581458171
0.32716074672727874
0.3271606581458171
0.32716003584364683
0.32718535374532975
0.3271592414733713
0.3271606581458171
0.3271606581458171
0.3271606581458171
0.32716074672727874
0.3271599523570031
0.32716003584364683
0.3271606581458171
0.7341102872105815
0.3271606581458171
0.4252982868439156
0.3271606581458171
0.33096608460001575
0.32716074672727874
0.32716074672727874
0.3271606581458171
0.3271606581458171
0.3309760956038137
0.3271606581458171
0.9880732722649073
0.3271606581458171
0.3271593300548329
0.3271606581458171
0.3271606581458171
0.32716074672727874
0.3271606581458171
0.32716003584364683
0.32718393707288396
0.32717547211728915
0.32760584160562434
0.3271599523570031
0.3271606581458171
0.3271606581458171
0.3271593300548329
0.32716003584364683
0.3271606581458171
0.3271606581458171
0.3271606581458171
0.3271606581458171
0.32716003584364683
0.3271606581458171
0.327161369029449
0.327161369029449
0.3271592414733713
0.3271592414733713
0.3271606581458171
0.32716074672727874
0.3271606581458171
0.32716003584364683
0.3596386217390852
0.3271606581458171
0.3271606581458171
0.32716074672727874
0.3271606581458171
0.32716003584364683
0.3271592414733713
0.3271606581458171
0.3596407492951629
0.327161369029449
0.32716003584364683
0.38391137396623254
0.327161369029449
0.32718535374532975
0.3271599523570031
0.32716003584364683
0.3271606581458171
0.3271606581458171
0.32716003584364683
0.3271606581458171
0.3271606581458171
0.3271606581458171
0.3271593300548329
2.3831664772002377
0.7279010936784176
0.3271606581458171
0.3271606581458171
0.3271592414733713
0.3276052193034541
0.3271606581458171
0.327161369029449
0.3284399900425753
0.32716003584364683
0.32716003584364683
0.3271592414733713
0.3271606581458171
0.32716003584364683
0.3271592414733713
0.32716074672727874
0.3271599523570031
0.32716003584364683
0.3271606581458171
0.327161369029449
0.32716074672727874
0.3271606581458171
0.3271606581458171
0.3271606581458171
0.3271606581458171
0.327161369029449
0.3271606581458171
0.3271606581458171
0.3271606581458171
0.327161369029449
0.3271592414733713
0.32716003584364683
0.3271606581458171
0.3271606581458171
0.3271599523570031
0.3276052193034541
0.3271606581458171
0.32716003584364683
0.3271599523570031
0.3271606581458171
0.3271606581458171
0.32717751109190524
0.32716003584364683
0.3638169021500174
0.32716074672727874
0.327161369029449
0.32716003584364683
0.32717618300092105
0.3271606581458171
0.7419527033598842
0.32716003584364683
0.32716074672727874
0.3271606581458171
0.3271592414733713
0.3271606581458171
0.3271606581458171
0.3271606581458171
0.3271606581458171
0.3271606581458171
0.3271606581458171
0.32716003584364683
0.32716003584364683
0.3271606581458171
0.32716003584364683
0.32715861917120104
0.32718606462896166
0.32716003584364683
0.32716074672727874
0.32716074672727874
0.32716074672727874
0.32716074672727874
0.32716003584364683
0.3271606581458171
0.3271606581458171
0.3271606581458171
0.32715861917120104
0.32715861917120104
0.33096608460001575
0.32716003584364683
0.32716003584364683
0.327161369029449
0.32716003584364683
0.32716003584364683
0.3271606581458171
0.3271606581458171
0.327719637547496
0.32717759967336685
0.3271606581458171
0.3303924977241111
0.327161369029449
0.3271606581458171
0.32716003584364683
0.327161369029449
0.3271606581458171
0.327161369029449
0.3271606581458171
0.32716074672727874
0.3271606581458171
0.3271606581458171
0.3271606581458171
0.32716003584364683
0.32716003584364683
0.327161369029449
0.3271606581458171
0.3271606581458171
0.32715861917120104
0.3271592414733713
0.3271606581458171
0.3271606581458171
0.32716003584364683
0.3271599523570031
0.3271606581458171
0.3271592414733713
0.32716003584364683
0.3271606581458171
0.3271606581458171
0.3271593300548329
0.3271606581458171
0.3271606581458171
0.327161369029449
0.327161369029449
0.3271606581458171
0.327161369029449
0.32716003584364683
0.327161369029449
0.3271606581458171
0.32716003584364683
0.3271592414733713
0.3271782219755371
0.3271592414733713
0.32716003584364683
0.3271592414733713
0.3271592414733713
0.32718393707288396
0.327161369029449
0.3271606581458171
0.3271606581458171
0.3271606581458171
0.32716003584364683
0.327161369029449
0.3271592414733713
0.3271606581458171
0.32716003584364683
0.32760584160562434
0.32715861917120104
0.32716003584364683
0.3271606581458171
0.32716003584364683
0.3271606581458171
1.620180763606604
0.327161369029449
0.3271606581458171
0.5298409560867731
0.32716003584364683
0.32716003584364683
0.3271606581458171
0.327161369029449
0.3271606581458171
0.3312000875817169
0.32716003584364683
0.3271606581458171
0.3271606581458171
0.327161369029449
0.32716003584364683
0.3271606581458171
0.3271606581458171
0.7340983774869481
0.3271606581458171
0.32715861917120104
0.3283978191948042
0.3271592414733713
0.3271606581458171
0.3271606581458171
0.3271606581458171
0.32716003584364683
0.32716074672727874
0.32716003584364683
0.3271599523570031
0.32716074672727874
0.327161369029449
0.32716003584364683
0.3271606581458171
0.32715861917120104
0.3271606581458171
0.3271592414733713
0.3450436633858984
0.327161369029449
0.7321131774335267
0.3271606581458171
0.3271606581458171
0.32716074672727874
0.3271606581458171
0.3271606581458171
0.327161369029449
0.32716003584364683
0.3271606581458171
0.3271847314431595
0.32716003584364683
0.32716074672727874
0.3271606581458171
0.3271606581458171
0.32716074672727874
0.32715861917120104
0.3271592414733713
0.3271606581458171
0.327161369029449
0.351574290527128
0.3271599523570031
0.3271606581458171
0.9880811930327325
0.7413310198735154
0.3271606581458171
0.32841529444306256
0.3271606581458171
0.3271606581458171
0.3271592414733713
0.3271606581458171
0.3271606581458171
0.6891282436167019
0.32717688878973494
0.3271599523570031
0.3271606581458171
0.3271606581458171
0.32716074672727874
0.3271760944194594
0.3271606581458171
0.32716003584364683
0.327161369029449
0.3271592414733713
0.327161369029449
0.32715861917120104
0.36381670244953357
0.32716003584364683
0.327161369029449
0.327161369029449
0.32716003584364683
0.327161369029449
0.3271606581458171
0.32716074672727874
0.3277183094565118
0.32716003584364683
0.32716003584364683
0.3271606581458171
0.7279023148182826
0.32716074672727874
0.3596386217390852
0.3297733210527992
0.327161369029449
0.327161369029449
0.327161369029449
0.3271606581458171
0.3271606581458171
0.3271606581458171
0.327719637547496
0.32716003584364683
0.327161369029449
0.32716003584364683
0.32716003584364683
0.3271592414733713
0.327161369029449
0.3271606581458171
0.3271592414733713
0.3450423302000963
0.3271606581458171
0.3456019319039454
0.32716003584364683
0.3271606581458171
0.32716003584364683
0.3271606581458171
0.3271606581458171
0.3298320660616157
0.7341090660707165
0.3271606581458171
0.32715861917120104
0.33119007657791893
0.3271606581458171
0.32716074672727874
0.327161369029449
0.32716003584364683
0.3271606581458171
0.32715861917120104
0.327161369029449
0.3271606581458171
0.3271606581458171
0.32717751109190524
0.32715861917120104
0.3271606581458171
0.32716003584364683
0.3271606581458171
0.327161369029449
0.327161369029449
0.3271606581458171
0.327161369029449
0.7279270104177953
0.3271606581458171
0.3271606581458171
0.3271606581458171
0.3271606581458171
0.3277443331470087
0.3271606581458171
0.327161369029449
0.3271606581458171
0.3271606581458171
0.327161369029449
0.327161369029449
0.32716003584364683
0.5240116372063417
0.32716003584364683
0.3271606581458171
0.32716003584364683
0.327161369029449
0.3271606581458171
0.3271606581458171
0.3271606581458171
0.327161369029449
0.3271606581458171
0.3271606581458171
0.3271606581458171
0.32716003584364683
0.3271782219755371
0.32716003584364683
0.3271606581458171
0.3271606581458171
0.3271606581458171
0.32716003584364683
0.327161369029449
0.32716074672727874
0.32716003584364683
0.3271606581458171
0.3271606581458171
0.327161369029449
0.32716003584364683
0.327161369029449
0.3271606581458171
0.3596407492951629
0.3271606581458171
0.32716003584364683
0.3271606581458171
0.32716003584364683
0.327161369029449
0.3271606581458171
0.3271606581458171
0.3271592414733713
0.7419539244997491
0.3271606581458171
0.9880720511250425
0.3271606581458171
0.3271606581458171
0.3271606581458171
0.32716003584364683
0.32715861917120104
0.327161369029449
0.3271606581458171
0.3271606581458171
0.3271592414733713
0.3596407492951629
0.3271606581458171
0.7279257892779304
0.3271592414733713
0.32715861917120104
0.3271606581458171
0.32841742199914026
0.3596394161093607
0.3271606581458171
0.3271606581458171
0.32717759967336685
0.32717751109190524
0.327161369029449
0.32716003584364683
0.3271606581458171
0.3271599523570031
0.327161369029449
0.3271606581458171
0.3271606581458171
0.32716003584364683
0.32716003584364683
0.3271606581458171
0.3271592414733713
0.3271606581458171
0.3271833147707137
0.3271606581458171
0.3271606581458171
0.32718393707288396
0.327161369029449
0.3271606581458171
0.3271606581458171
0.3271593300548329
0.3271606581458171
0.32716003584364683
0.3271606581458171
0.727899185783589
0.3271606581458171
0.32716074672727874
0.7279023148182826
0.3638168135685557
0.32717751109190524
0.3271606581458171
0.3271592414733713
0.3271606581458171
0.327161369029449
0.327161369029449
0.3271592414733713
0.3271592414733713
0.32716003584364683
0.32716003584364683
0.3271593300548329
0.327161369029449
0.32716074672727874
0.3271606581458171
0.3638168135685557
0.7279010936784176
0.32716003584364683
0.3271847314431595
0.32715861917120104
0.5625221046311004
0.32716003584364683
0.32716003584364683
0.32716074672727874
0.32840056905305215
0.3271606581458171
0.3271606581458171
0.3298320660616157
0.327161369029449
0.3271606581458171
0.3271606581458171
0.3271592414733713
0.32716003584364683
0.3271606581458171
0.32716003584364683
0.3271606581458171
0.3271606581458171
0.7279010936784176
0.3271606581458171
0.327161369029449
0.32716074672727874
0.3271606581458171
0.32716003584364683
0.3271592414733713
0.32716003584364683
0.3271599523570031
0.32717751109190524
0.32716003584364683
0.3271606581458171
0.3271606581458171
0.3271606581458171
0.32716003584364683
0.32715861917120104
0.3271606581458171
0.3271606581458171
0.3271606581458171
0.32716003584364683
0.3271606581458171
0.5298714133537277
0.3271592414733713
0.3271606581458171
0.327161369029449
0.3271592414733713
0.32715861917120104
0.32716003584364683
0.3271606581458171
0.32715861917120104
0.32716003584364683
0.3271592414733713
0.3271606581458171
0.327161369029449
0.5624153602840742
0.327161369029449
0.327719637547496
0.3271606581458171
0.32716003584364683
0.3271592414733713
0.32716003584364683
0.3271606581458171
0.32760380263100825
0.3271782219755371
0.32716003584364683
0.32716074672727874
0.3271606581458171
0.32716003584364683
0.3271606581458171
0.3271606581458171
0.3271606581458171
0.327161369029449
0.3271606581458171
0.3271606581458171
0.32716003584364683
0.3271592414733713
0.3271593300548329
0.3271606581458171
0.3312000875817169
0.32716003584364683
0.327161369029449
1.6201811717063825
0.7279023148182826
0.32716003584364683
0.5305744543625648
0.3271606581458171
0.32716074672727874
0.7420905823361899
0.7420892824540491
0.32716003584364683
0.3271606581458171
0.3271606581458171
0.3271606581458171
0.3271592414733713
0.3271592414733713
0.327161369029449
0.32716074672727874
0.327161369029449
0.7279023148182826
0.3271606581458171
0.3271592414733713
0.32716003584364683
0.3271606581458171
0.327161369029449
0.32716003584364683
0.327161369029449
0.32716003584364683
0.32716003584364683
0.32716003584364683
0.32715861917120104
0.32716003584364683
0.3271592414733713
0.3271606581458171
0.6891882787211245
0.32716003584364683
0.32716003584364683
0.3271606581458171
0.3271606581458171
0.32716003584364683
0.3271606581458171
0.3271606581458171
0.3271606581458171
0.3271606581458171
0.3515735796434961
0.3271592414733713
0.32716074672727874
0.4252982868439156
0.327719637547496
0.327719637547496
0.327161369029449
0.3271606581458171
0.7420918034760546
0.3271592414733713
0.3271606581458171
0.3271606581458171
0.32716003584364683
0.3271606581458171
0.32716003584364683
0.3271606581458171
0.327161369029449
0.3271606581458171
0.327161369029449
0.32716003584364683
0.32716003584364683
0.4426932099303731
0.3271592414733713
0.7341966951556718
0.32716003584364683
0.32716074672727874
0.3271606581458171
0.32716003584364683
0.3271606581458171
0.3271606581458171
0.3271606581458171
0.3271606581458171
0.3271606581458171
0.327161369029449
0.3271599523570031
0.327161369029449
0.3271606581458171
0.3271599523570031
0.32716003584364683
0.32716003584364683
0.3271606581458171
0.32715861917120104
0.3271606581458171
0.3271782219755371
0.3271606581458171
0.3271606581458171
0.3271606581458171
0.3271606581458171
0.3271606581458171
0.3271592414733713
0.3271606581458171
0.32716003584364683
0.32716003584364683
0.32716003584364683
0.327161369029449
0.3271606581458171
0.32839844149697445
0.3271592414733713
0.327161369029449
0.32716003584364683
0.3271606581458171
0.32716003584364683
0.35157420194566635
0.3271760944194594
0.3271593300548329
0.3271606581458171
0.32718535374532975
0.3271606581458171
0.32715861917120104
0.3271606581458171
0.32716003584364683
0.3271606581458171
0.327161369029449
0.32716003584364683
0.32716074672727874
0.32716003584364683
0.32717751109190524
0.3271606581458171
0.32716074672727874
0.3271833147707137
0.3271606581458171
0.3271606581458171
0.327161369029449
0.327161369029449
0.3271592414733713
0.32716003584364683
0.3309760956038137
0.3271606581458171
0.32716003584364683
0.3271606581458171
0.327161369029449
0.689161410920943
0.3271592414733713
0.3271606581458171
0.327161369029449
0.3271593300548329
0.3271593300548329
0.32716003584364683
0.327161369029449
0.327161369029449
0.32715861917120104
0.32716003584364683
0.3271606581458171
0.3271606581458171
0.3284153830245242
0.32716003584364683
0.3271606581458171
0.5237110553301508
0.32716074672727874
0.32716003584364683
0.327161369029449
0.3276052193034541
0.327161369029449
0.3271606581458171
0.3271606581458171
0.32716003584364683
0.3271606581458171
0.3456005152314996
0.327161369029449
0.32716003584364683
0.32716003584364683
0.3271606581458171
0.3271606581458171
0.32716003584364683
0.32716074672727874
0.3271606581458171
0.32716003584364683
0.3271606581458171
0.32716003584364683
0.327161369029449
0.32716003584364683
0.3271606581458171
0.327161369029449
0.3271606581458171
0.32716003584364683
0.327161369029449
0.3271599523570031
0.3271606581458171
0.3271606581458171
0.32716003584364683
0.3271606581458171
0.32716074672727874
0.327161369029449
0.3271606581458171
0.3271606581458171
0.3271606581458171
0.32716003584364683
0.3271606581458171
0.327161369029449
0.3284153830245242
0.3271606581458171
0.33096608460001575
0.3271599523570031
0.32716003584364683
0.327161369029449
0.3271606581458171
0.327161369029449
0.3271599523570031
0.3271606581458171
0.3271606581458171
0.32716003584364683
0.35157420194566635
0.32715861917120104
0.3271606581458171
0.32715861917120104
0.3271606581458171
0.32716003584364683
0.3456020204854071
0.3271606581458171
0.32717751109190524
0.3271606581458171
0.327161369029449
0.3271606581458171
0.3271606581458171
0.3271592414733713
0.3271606581458171
0.3271606581458171
0.3271606581458171
0.3271592414733713
0.327161369029449
0.7279244893957896
0.327161369029449
0.327161369029449
0.32716074672727874
