0.3268774635653968
0.34656731536106544
0.3268526932079997
0.3268526932079997
0.32685276796588414
0.3268526932079997
0.32685331551016994
0.3268703252912324
0.3268533902680544
0.3268709475934026
0.3268533902680544
0.32685276796588414
0.32685276796588414
0.3268526932079997
0.32687102235128707
0.32685276796588414
0.3268703252912324
0.35472295119957886
0.3268533902680544
0.3268526932079997
0.6747144254766558
0.32685276796588414
0.32691096543041476
0.3381293575620853
0.3268709475934026
0.32685276796588414
0.3268533902680544
0.32685331551016994
0.32979087837814747
0.3268703252912324
0.3268526932079997
0.3268533902680544
0.32895679859648314
0.32685276796588414
0.32689502089074507
0.3268526932079997
0.3268526932079997
0.32685276796588414
0.32685331551016994
0.3268526932079997
0.3268526932079997
0.32685331551016994
0.33813072264026245
0.3268526932079997
0.3268703252912324
0.3547228764416944
0.32685276796588414
0.3268703252912324
0.3268704000491168
0.3268704000491168
0.3268773888075124
0.32685331551016994
0.3268533902680544
0.9504594396517244
0.32685331551016994
0.3268773888075124
0.32689502089074507
0.32685276796588414
0.553522817810951
0.3268526932079997
0.34656771635802
1.419655488994486
0.3268703252912324
0.3268526932079997
0.32685331551016994
0.32979087837814747
0.3268950956486295
0.3471107372424984
0.3268704000491168
0.32685276796588414
0.3297732462949148
0.3268704000491168
0.3268526932079997
0.32685276796588414
0.32687808586756706
0.32685276796588414
0.32685276796588414
0.32685276796588414
0.8913274480172759
0.3268774635653968
0.3268526932079997
0.35472295119957886
0.326935586272043
0.3297909531360319
0.3268533902680544
0.3268526932079997
0.3274320763159527
0.3268704000491168
0.3292423290702018
0.3268704000491168
0.3268533902680544
0.3268703252912324
0.3465490609756625
0.3268704000491168
0.32685331551016994
0.3268704000491168
0.3268774635653968
0.3268526932079997
0.32685276796588414
0.3268526932079997
0.32785843470188714
0.32687102235128707
0.3268709475934026
0.3268950956486295
0.3268704000491168
0.4242565408460075
0.3274138219305498
0.3268526932079997
0.3268703252912324
0.32685276796588414
0.32685276796588414
0.3268526932079997
0.32691151297470056
0.32685276796588414
0.5668283563853936
0.3268709475934026
0.3268703252912324
1.4414401221982664
0.3268533902680544
0.32695321835527574
0.3268709475934026
0.3268704000491168
0.3547228764416944
0.3268526932079997
0.3268704000491168
0.32685331551016994
0.3268780111096826
0.3268704000491168
0.5668470820299834
0.3268704000491168
0.3268526932079997
0.3268526932079997
0.32685331551016994
0.3268704000491168
0.3503017602188512
0.3465490609756625
0.32685276796588414
0.32685276796588414
0.32685331551016994
0.32685276796588414
0.32687102235128707
0.3268526932079997
0.3268703252912324
0.3268533902680544
0.32685276796588414
0.32687808586756706
0.3268526932079997
0.328957509480115
0.33853762193752435
0.32685276796588414
0.3268704000491168
0.3297732462949148
0.3268533902680544
0.3268703252912324
0.32685276796588414
0.32685276796588414
0.3268703252912324
0.3268773888075124
0.32685331551016994
0.3268703252912324
0.32685331551016994
0.3268780111096826
0.32685331551016994
0.3268526932079997
0.42425582996237565
0.3268526932079997
0.3268526932079997
0.3465666930588952
0.32689502089074507
0.32685331551016994
0.3268526932079997
0.32685331551016994
0.7957372607177207
0.3268956431929153
0.32685276796588414
0.3268704000491168
0.32685276796588414
0.3268533902680544
0.3268526932079997
0.32844070092620714
0.3381293575620853
0.32691096543041476
0.3268709475934026
0.3268709475934026
0.3269285975136475
0.3268526932079997
0.3268704000491168
0.3268703252912324
0.3268704000491168
0.3268533902680544
0.32685276796588414
0.3268526932079997
0.3268709475934026
0.3268526932079997
0.3269291450579333
0.32687102235128707
0.3268526932079997
0.3268526932079997
0.79588459700271
0.32687102235128707
0.3268774635653968
0.32687102235128707
0.3268780111096826
0.3268526932079997
0.5239210441435151
0.32685331551016994
0.3268704000491168
0.32685276796588414
0.3274138219305498
0.3268703252912324
0.3268704000491168
0.3268703252912324
0.32692921981581774
0.3268956431929153
0.32685276796588414
0.3268704000491168
0.32866163006238924
0.7958599761610816
0.3268709475934026
0.3268709475934026
0.9504664068299455
0.3268703252912324
0.3268533902680544
0.3268709475934026
0.3268526932079997
0.3268526932079997
0.32685331551016994
0.3268703252912324
0.32685276796588414
0.5534923605439964
0.3268526932079997
0.3268526932079997
0.32689502089074507
0.3268533902680544
0.32922477174485354
0.32685331551016994
0.3268526932079997
0.3268526932079997
0.8912329417586258
0.3268709475934026
0.32685331551016994
0.3268704000491168
0.32685276796588414
0.32689502089074507
0.3268533902680544
0.5668283563853936
0.3268709475934026
0.3268526932079997
0.35474764679909154
0.3284225147943169
0.3268703252912324
0.32685276796588414
1.4414391584149269
0.3268526932079997
0.3268703252912324
0.32685276796588414
0.3268704000491168
0.32685276796588414
0.3268709475934026
0.3268703252912324
0.3278408773765389
0.32839844149697445
0.32685276796588414
0.3283978191948042
0.3268533902680544
0.32689502089074507
0.32685276796588414
0.3268526932079997
0.32687102235128707
0.356047209710564
0.35472295119957886
0.3268526932079997
0.32685276796588414
0.3268704000491168
0.3268703252912324
0.3268526932079997
0.32689502089074507
0.4242869981129621
0.3268773888075124
0.32687102235128707
0.3268703252912324
0.3268709475934026
0.7957640537600177
0.32685331551016994
0.3547652041244398
0.3268526932079997
0.32689571795079975
0.3268709475934026
0.3268950956486295
0.3268704000491168
0.5924470818259978
0.3269285975136475
0.32685276796588414
0.3268774635653968
0.3268956431929153
0.3268526932079997
0.3268950956486295
0.32685331551016994
0.32685276796588414
0.32685331551016994
0.32685276796588414
0.3268774635653968
0.32685331551016994
0.3268703252912324
0.3269108906725303
0.32839844149697445
0.3269285975136475
0.4468710748634297
0.3274320763159527
0.3268526932079997
0.3268533902680544
0.3268709475934026
0.3268956431929153
0.3268526932079997
0.32687102235128707
0.32685276796588414
0.32839844149697445
0.3268709475934026
0.3268704000491168
0.32685276796588414
0.3547405085249271
0.32689502089074507
0.3268526932079997
0.3268773888075124
0.32687102235128707
0.3268703252912324
0.34718594448809154
0.3292523400739998
0.3283985300784361
0.32689502089074507
0.7957887493595304
0.3268526932079997
0.32685276796588414
0.32685331551016994
0.5535388943372663
0.3268526932079997
0.3268704000491168
1.419643151367372
0.3268526932079997
0.3268526932079997
0.32685276796588414
0.3268526932079997
0.3268704000491168
0.3268703252912324
0.34941434668119853
0.7958331083609
0.32685276796588414
0.3268703252912324
0.32685331551016994
0.32685276796588414
0.3268703252912324
0.3268950956486295
0.32685276796588414
0.32685331551016994
0.32685276796588414
0.3268709475934026
0.3268526932079997
0.32685276796588414
0.3268704000491168
0.3268704000491168
0.3292524148318842
0.3646409538548768
0.3268950956486295
0.3268526932079997
0.326935586272043
0.3268526932079997
0.32685331551016994
0.32685331551016994
0.3268703252912324
0.3268774635653968
0.3268704000491168
0.3268709475934026
0.3268703252912324
0.3268950956486295
0.3268950956486295
0.32685276796588414
0.3268533902680544
0.7958331083609
0.34656676781677964
0.32685331551016994
0.32691096543041476
0.32685276796588414
0.3268774635653968
0.3268703252912324
0.32689502089074507
0.8912329417586258
1.4414405447400374
0.32685331551016994
0.3268533902680544
0.3268704000491168
0.3268703252912324
0.3268526932079997
1.4196541026693754
0.8913274480172759
0.3268704000491168
0.32685276796588414
0.3268709475934026
0.424502549557169
0.3268526932079997
0.32685276796588414
0.3268709475934026
0.3268704000491168
0.3268533902680544
0.98011084881519
0.3289749847283734
0.34654968327783275
0.32685331551016994
0.32687102235128707
0.3268703252912324
0.3268703252912324
0.5240899870365678
0.3268709475934026
0.3268704000491168
0.32685276796588414
0.32689502089074507
0.9802060549005074
0.3268526932079997
0.3268526932079997
0.3268526932079997
0.3268703252912324
0.32685276796588414
0.3268709475934026
0.3268526932079997
0.3268704000491168
0.3268526932079997
0.3465673901189499
0.3268704000491168
0.8912319881690218
0.326935586272043
0.7787735365243103
0.3268703252912324
0.3268526932079997
0.3268526932079997
0.3268703252912324
0.32691096543041476
0.3285886732442594
0.3268950956486295
0.7958331083609
0.32685276796588414
0.32687102235128707
0.3268526932079997
0.3268704000491168
1.4414395809566978
0.32689502089074507
0.32922477174485354
0.3268950956486295
0.32685331551016994
0.32685276796588414
0.3268704000491168
0.32685276796588414
0.3268950956486295
0.3268526932079997
0.3268703252912324
0.7960345327386473
0.32685276796588414
0.326935586272043
0.32685276796588414
0.3268704000491168
0.3268703252912324
0.5668530519849063
0.3268526932079997
0.36677670487824376
0.3268526932079997
0.3268526932079997
0.3269108906725303
0.32685276796588414
0.3268526932079997
0.3268709475934026
0.3268709475934026
0.32685276796588414
0.3292347827486515
1.4414395809566978
0.3268780111096826
0.3268703252912324
0.3268703252912324
0.3268526932079997
0.32841600532669446
0.326911587732585
0.3268704000491168
0.32685276796588414
0.32685276796588414
0.3268526932079997
0.3268704000491168
0.3268703252912324
0.32685276796588414
0.3268526932079997
0.32685276796588414
0.32687102235128707
0.3268526932079997
0.3268704000491168
0.5668554230048553
0.32685276796588414
0.3268703252912324
0.3268704000491168
0.523874435592361
0.3268526932079997
0.3278401803164842
0.32685276796588414
0.3268533902680544
0.3268526932079997
0.3268526932079997
0.3268526932079997
0.3268774635653968
0.3268526932079997
1.419643151367372
0.3285962943236942
1.4414391584149269
0.3269532931131602
0.3268526932079997
0.3268703252912324
0.3268526932079997
0.3268704000491168
0.3278832050592843
0.32685331551016994
0.32685276796588414
0.7961304551397113
0.32685276796588414
0.3268526932079997
0.3268773888075124
0.32685276796588414
0.3268703252912324
0.3268703252912324
0.32685276796588414
0.3268704000491168
0.3268703252912324
0.3547228764416944
0.3547228764416944
0.3285787369983459
0.3268773888075124
0.32685331551016994
0.32685276796588414
0.3284400786240369
0.32687102235128707
0.3268526932079997
0.32687102235128707
0.3465490609756625
0.3268526932079997
0.3268526932079997
0.32685276796588414
0.8912319881690218
0.32685276796588414
0.32685276796588414
0.3268704000491168
0.32985613935895813
0.3268709475934026
0.32685276796588414
0.32685276796588414
0.32685276796588414
0.32687808586756706
0.3268533902680544
0.32789907484106956
0.3268533902680544
0.32689502089074507
0.3268703252912324
0.32685276796588414
0.3292347827486515
0.3268950956486295
0.3268526932079997
0.3268704000491168
0.32685331551016994
0.3268704000491168
0.32685276796588414
0.3268709475934026
0.3268703252912324
0.3268773888075124
0.3268773888075124
0.32685276796588414
0.3268526932079997
0.5239049676172
0.3268703252912324
0.3268704000491168
0.32685276796588414
0.3268526932079997
0.3268526932079997
0.3268774635653968
0.3268526932079997
0.32687808586756706
0.32685276796588414
0.3268526932079997
0.3268709475934026
0.32685331551016994
0.3268704000491168
0.3268704000491168
0.3268703252912324
0.3268526932079997
0.3268950956486295
0.3268704000491168
0.3268526932079997
0.3268703252912324
0.3268709475934026
0.3268533902680544
0.3268533902680544
0.3268704000491168
1.6422938052112184
0.5241205190614069
0.3268703252912324
0.32692852275576306
0.34600873695634105
0.3268704000491168
0.34654968327783275
0.3268526932079997
0.32685331551016994
0.3268533902680544
0.3268773888075124
0.3268526932079997
0.3284153830245242
0.3268703252912324
0.32685331551016994
0.3268533902680544
0.3268526932079997
0.3268704000491168
0.3268950956486295
0.3268950956486295
0.5535227430530666
0.3268704000491168
0.32685276796588414
0.3268526932079997
0.3268780111096826
0.3268703252912324
0.3268703252912324
0.3268526932079997
0.3283978191948042
0.32685331551016994
1.4414401221982664
0.32689502089074507
0.3471101149403282
0.32784080261865445
0.32685331551016994
0.3268703252912324
0.5239048928593155
0.3268704000491168
0.3268703252912324
0.32685276796588414
0.3268703252912324
0.5668457821478426
0.32685276796588414
0.32685276796588414
0.32685331551016994
0.3268704000491168
0.3268703252912324
0.3268533902680544
0.3268526932079997
0.3268774635653968
0.3268703252912324
0.3283985300784361
1.4414520288760948
0.3268956431929153
0.3268526932079997
0.3268533902680544
0.9317556375169254
0.3268703252912324
0.3268703252912324
0.3268704000491168
0.32895679859648314
0.32693628333209773
0.3268703252912324
0.7957619563172333
0.8912329417586258
0.3268950956486295
0.3269285975136475
0.32685276796588414
0.3268526932079997
0.32687102235128707
0.3268956431929153
1.4414501097169305
0.3268526932079997
0.3268704000491168
0.32685331551016994
0.3268533902680544
0.3268703252912324
0.3268703252912324
0.3268709475934026
0.32685276796588414
0.32687102235128707
0.3268526932079997
0.3268526932079997
0.32685331551016994
0.32685276796588414
0.32685276796588414
0.3268703252912324
0.35476527888232423
0.3268526932079997
0.35476527888232423
0.3268704000491168
0.338562317537037
0.3465666930588952
0.3268703252912324
0.32687808586756706
0.3268526932079997
0.3269108906725303
0.32689571795079975
0.3268526932079997
0.3268704000491168
0.3268950956486295
0.3268526932079997
0.32685276796588414
0.7958599014031973
0.3268704000491168
0.32685276796588414
0.3268704000491168
0.32685276796588414
0.3268526932079997
0.32689571795079975
0.32685276796588414
0.7957641285179022
0.3268703252912324
0.3268526932079997
0.32689502089074507
0.3294435306018912
0.3268950956486295
0.3268704000491168
0.32687102235128707
0.3268526932079997
0.32685276796588414
0.8912319881690218
0.32685276796588414
0.3268533902680544
0.3268533902680544
0.3268703252912324
0.3268703252912324
0.3471101149403282
0.32685276796588414
0.3268526932079997
0.32897436242620315
0.32692852275576306
1.4414405447400374
0.3268703252912324
0.32685276796588414
0.7958331083609
0.3292494673443662
0.3268526932079997
0.3268526932079997
0.32685276796588414
0.3268703252912324
0.34656709405584973
0.32687808586756706
0.3268704000491168
0.32685276796588414
0.32685276796588414
0.3268526932079997
0.33035200710069756
0.32685276796588414
0.3268773888075124
0.3268704000491168
0.3268533902680544
0.3268773888075124
0.3465666930588952
0.3268533902680544
0.3268526932079997
0.32685276796588414
0.3268526932079997
0.32685276796588414
0.3547228764416944
0.3268704000491168
1.4414395809566978
0.3268526932079997
0.32692852275576306
0.32687102235128707
0.3268703252912324
0.3268703252912324
0.3268703252912324
0.3268533902680544
0.3268526932079997
0.7960345327386473
0.32685276796588414
0.3465490609756625
0.3268526932079997
0.3268703252912324
0.34657383133305963
0.3268704000491168
0.32689502089074507
0.32685276796588414
0.3268704000491168
0.3268774635653968
0.3268774635653968
0.3268773888075124
0.3268703252912324
0.3268526932079997
0.3268703252912324
0.3268704000491168
0.3268526932079997
0.3268704000491168
0.3292524148318842
0.3268704000491168
0.3269532931131602
0.3268709475934026
0.32685276796588414
0.3268526932079997
0.4469015321303843
0.32685331551016994
0.3268526932079997
0.3268774635653968
0.32784025507436865
0.3268704000491168
0.32685276796588414
0.3268533902680544
0.3268526932079997
0.3268533902680544
0.32685276796588414
0.3268773888075124
0.3268704000491168
0.32689502089074507
0.3268703252912324
0.3268526932079997
1.5578949947045864
0.3547228764416944
0.3268526932079997
0.5668557692973921
0.3268703252912324
0.32841467214089237
0.3268533902680544
0.32687102235128707
0.3385375471796399
0.32685276796588414
0.3268526932079997
1.452770447953895
0.32685276796588414
1.4414505322587012
0.3268526932079997
0.32685276796588414
0.3268703252912324
0.44687947062282807
0.32685276796588414
0.32685276796588414
0.3268703252912324
0.33862044024368326
0.32689571795079975
0.3292246969869691
0.3268774635653968
0.3268704000491168
0.3268704000491168
0.3268703252912324
0.32692852275576306
0.3268533902680544
0.32685331551016994
0.3268703252912324
0.3268703252912324
0.3268704000491168
0.3268533902680544
0.3268703252912324
0.33853762193752435
0.3268533902680544
0.3547228764416944
0.3385971097223477
0.3268526932079997
0.3268526932079997
0.3268526932079997
0.4242862872293302
0.3268704000491168
1.4196460331728922
0.7958846717605943
0.3292670246697145
0.3268526932079997
0.3268709475934026
0.3268950956486295
0.32685276796588414
0.32685276796588414
0.32687102235128707
0.3268526932079997
0.32685276796588414
0.32685331551016994
0.35316826040701416
0.3268780111096826
0.3268704000491168
1.4414395809566978
0.32745607485541073
0.32685276796588414
0.32685276796588414
0.3268703252912324
0.3268704000491168
0.3482897096673583
0.3268526932079997
0.3297732462949148
0.32685276796588414
0.32685276796588414
0.3268950956486295
0.35472295119957886
0.326911587732585
0.3268526932079997
0.3268703252912324
0.3268703252912324
0.3268526932079997
0.32685331551016994
0.3268526932079997
0.3268703252912324
0.3268704000491168
0.3268526932079997
0.3268950956486295
0.3268533902680544
0.32685276796588414
0.3269108906725303
0.32685276796588414
0.3268704000491168
0.34656780493948164
0.3268526932079997
0.3268704000491168
0.3268709475934026
0.3268526932079997
0.32685276796588414
0.3268526932079997
0.3268526932079997
0.3268703252912324
0.32689502089074507
0.3268526932079997
0.3268703252912324
0.3269108906725303
0.32685276796588414
0.3268703252912324
0.3268526932079997
0.7973577525648312
0.32685276796588414
0.32685276796588414
0.3268526932079997
0.3278578123997169
0.3268774635653968
0.3269108906725303
0.9064287336526634
1.4196550580452003
0.32685276796588414
0.3268773888075124
0.3268703252912324
0.3268533902680544
0.3268956431929153
0.3268533902680544
0.32685276796588414
0.3268703252912324
0.32685276796588414
0.5668457821478426
0.32685331551016994
0.3268704000491168
0.3268780111096826
0.3268703252912324
0.3268773888075124
0.3268703252912324
0.3268773888075124
0.3268526932079997
0.3268526932079997
0.3268704000491168
0.3268526932079997
0.3268703252912324
0.32687102235128707
0.3268703252912324
0.3268703252912324
0.3268704000491168
0.3268774635653968
0.32689502089074507
0.3268526932079997
0.3471278217814453
0.32979157543820214
0.3268704000491168
0.32685276796588414
0.3268773888075124
0.3268773888075124
0.32687102235128707
0.3268709475934026
0.35472295119957886
0.32685331551016994
0.3268703252912324
0.32687808586756706
0.3268780111096826
0.3268704000491168
0.32687102235128707
0.32685276796588414
0.32685331551016994
0.3268703252912324
0.32689571795079975
0.3268526932079997
0.3268526932079997
0.3268703252912324
0.3268703252912324
0.3268526932079997
0.3268704000491168
0.3268526932079997
0.5239049676172
0.3268533902680544
0.3268526932079997
0.3268703252912324
0.3475949081910577
0.3268704000491168
0.3268704000491168
0.32685276796588414
0.3268703252912324
0.3268703252912324
0.3268703252912324
0.32685276796588414
0.3268709475934026
0.32857866224046145
0.32685276796588414
0.32685276796588414
0.3268774635653968
0.3268709475934026
0.32689502089074507
0.3268709475934026
0.3268704000491168
0.3268773888075124
0.32685276796588414
0.3268780111096826
0.3547228764416944
0.3268703252912324
0.7957641285179022
