0.32687808586756706
0.3268780111096826
0.32687808586756706
0.32691096543041476
0.32687808586756706
0.3268533902680544
0.3268533902680544
0.32786495067388133
0.3268533902680544
0.32687808586756706
0.3269362085742133
0.32687808586756706
0.3268780111096826
0.32687808586756706
0.3268780111096826
0.32687808586756706
0.32687808586756706
0.7957641285179022
0.7973846203650128
0.3268533902680544
0.32693628333209773
0.32687808586756706
0.32687808586756706
0.32687808586756706
0.3268533902680544
0.32687808586756706
0.3268533902680544
0.32687808586756706
0.32687808586756706
0.3268533902680544
0.32687808586756706
0.32693628333209773
0.7960077396963502
0.3465925005389943
0.32687808586756706
0.32687808586756706
0.7322594509609567
0.32844070092620714
0.32687808586756706
0.32687808586756706
0.32687808586756706
0.326911587732585
0.32687808586756706
0.326911587732585
0.32687808586756706
0.32687808586756706
0.326911587732585
0.32687808586756706
0.3471937050644262
0.32687808586756706
0.32687808586756706
0.3269362085742133
0.32693628333209773
0.32687808586756706
0.3268533902680544
0.32687808586756706
0.32687808586756706
0.3268533902680544
0.32693628333209773
0.3269362085742133
0.32687102235128707
0.32687808586756706
0.326911587732585
0.32687808586756706
0.3268780111096826
0.3268780111096826
0.3268773888075124
0.3465744536352299
0.3268774635653968
1.4414510735002701
0.32687808586756706
0.32687808586756706
0.3268774635653968
0.32685331551016994
0.32687808586756706
0.3268780111096826
0.32691096543041476
0.32687808586756706
0.32687808586756706
0.3268780111096826
0.32687808586756706
0.32693628333209773
0.3268533902680544
0.32687808586756706
0.354806391807908
0.32687808586756706
0.3268774635653968
0.32687808586756706
0.3268774635653968
0.8665752355935861
0.32693628333209773
0.32687808586756706
0.3268780111096826
0.3268774635653968
0.326935586272043
0.3268780111096826
0.3268774635653968
0.3268780111096826
0.3268780111096826
0.32689571795079975
0.3268533902680544
0.32685331551016994
0.3268774635653968
0.32687808586756706
0.32687808586756706
0.32687808586756706
0.32687808586756706
0.32693628333209773
0.32687808586756706
0.32687808586756706
0.3268780111096826
0.32687808586756706
0.8665752355935861
0.32687808586756706
0.32687808586756706
0.3268533902680544
0.32692921981581774
0.3268773888075124
0.32687808586756706
0.3268774635653968
0.32687808586756706
0.32687808586756706
0.32687808586756706
0.3268780111096826
0.3268533902680544
0.32687808586756706
0.32693628333209773
0.3268533902680544
0.3268774635653968
0.3268533902680544
0.3269362085742133
0.3268533902680544
0.32687808586756706
0.8912497165903133
0.3268533902680544
0.32687808586756706
0.32687808586756706
0.32687808586756706
0.3268533902680544
0.32687808586756706
0.3268774635653968
0.32687808586756706
0.32786557297605157
0.32693628333209773
0.32687808586756706
0.3292524148318842
0.32685331551016994
0.32687808586756706
0.32687808586756706
0.32687808586756706
0.32687808586756706
0.326911587732585
0.32693566102992744
0.42447209229021443
0.3293176758126949
0.32931760105481045
0.32687808586756706
0.32687808586756706
0.3268533902680544
0.32687808586756706
0.35474819434337734
0.32687808586756706
0.32687808586756706
0.32687808586756706
0.5668814184865086
0.32687808586756706
0.32693628333209773
0.32687808586756706
0.3268780111096826
0.32687808586756706
0.326911587732585
1.4414419299281638
0.5668306098571383
0.32687808586756706
0.3268533902680544
0.3268774635653968
0.32687808586756706
0.32693566102992744
0.32687808586756706
0.35472349874386466
0.5821310374328834
0.32687808586756706
0.32687808586756706
0.32985683641901287
0.3268774635653968
0.32687808586756706
0.3268533902680544
0.3268780111096826
0.32693566102992744
0.32693628333209773
0.3268774635653968
0.32687808586756706
0.3268533902680544
0.32687808586756706
0.3268533902680544
0.32687808586756706
0.3268533902680544
0.32687808586756706
0.32687808586756706
0.32687808586756706
0.3268780111096826
0.3268774635653968
0.32687808586756706
0.32687808586756706
0.3268780111096826
0.32687808586756706
0.32687808586756706
0.33856423015949993
0.32687808586756706
0.32687808586756706
0.3268709475934026
1.4196574070166665
0.326935586272043
0.32687808586756706
0.7957619563172333
0.32687808586756706
0.32687808586756706
0.32687808586756706
0.32687808586756706
0.32687808586756706
0.3268774635653968
0.32687808586756706
0.3268774635653968
0.32687808586756706
0.32693628333209773
0.32687102235128707
0.3268533902680544
0.32687808586756706
0.33815604054194537
0.32687808586756706
0.32687808586756706
0.32691096543041476
0.3268774635653968
0.32687808586756706
0.3268774635653968
0.42447209229021443
0.32687808586756706
0.32687808586756706
0.3268774635653968
0.3268774635653968
0.32691151297470056
0.32687808586756706
0.3268780111096826
0.3268774635653968
0.3268780111096826
0.3268774635653968
0.7967940434678931
0.3268774635653968
0.3268533902680544
0.326911587732585
0.3268780111096826
0.32687808586756706
0.327923148138412
0.32687808586756706
0.32687808586756706
0.32687808586756706
0.3268533902680544
0.3268533902680544
0.32687808586756706
0.32687808586756706
0.32687808586756706
0.3268533902680544
0.326911587732585
0.32687808586756706
0.3268533902680544
0.32687808586756706
0.32687808586756706
0.32687808586756706
0.32687808586756706
0.3268533902680544
0.326911587732585
0.32687808586756706
0.32691096543041476
0.32693628333209773
0.32687808586756706
0.32687102235128707
0.3268780111096826
0.32687808586756706
0.32687808586756706
0.32687808586756706
0.34659312284116456
0.32786495067388133
0.3268774635653968
0.32693628333209773
0.32687808586756706
0.326911587732585
0.32864687070879006
0.32687808586756706
0.32693628333209773
0.32687808586756706
0.326911587732585
0.326935586272043
0.3268780111096826
0.32786495067388133
0.32687808586756706
0.3268780111096826
0.32687808586756706
0.3268774635653968
0.32687808586756706
0.32687808586756706
0.32687808586756706
0.32687808586756706
0.5821570329145369
0.3268780111096826
0.3268533902680544
0.32689571795079975
0.32687808586756706
0.32687808586756706
0.3268533902680544
0.3268780111096826
0.3268774635653968
0.32687808586756706
0.3269362085742133
0.3268780111096826
0.32687808586756706
0.32687808586756706
0.32687808586756706
0.3268533902680544
0.32687808586756706
0.32687808586756706
0.32687808586756706
0.3268773888075124
0.326911587732585
0.3268533902680544
0.7960077396963502
0.3286716410661872
0.32687808586756706
0.3268774635653968
0.32687808586756706
0.32687808586756706
0.3471348852977253
0.3268533902680544
0.32687808586756706
0.326911587732585
0.32687808586756706
0.32685331551016994
0.3268773888075124
0.3268533902680544
0.3268526932079997
0.32687808586756706
0.3268533902680544
0.3268774635653968
0.32687808586756706
0.32687808586756706
0.32687808586756706
0.3268533902680544
0.3268774635653968
0.32687808586756706
0.5674656508599533
0.326911587732585
0.32687808586756706
0.3268780111096826
0.3268774635653968
0.32687808586756706
0.32687808586756706
0.3268704000491168
0.7960324352958629
0.32687808586756706
0.3268774635653968
0.32687808586756706
0.3268533902680544
0.32687808586756706
0.3268780111096826
0.3268780111096826
0.32693628333209773
0.32687808586756706
0.32687808586756706
0.32687808586756706
0.35478107390622504
0.3268774635653968
0.32687808586756706
0.32685276796588414
0.3268774635653968
0.3268533902680544
0.3268533902680544
0.32687808586756706
0.32689571795079975
0.32693628333209773
0.32693566102992744
0.3274390650743483
0.3268533902680544
0.32687808586756706
0.32687808586756706
0.3268774635653968
0.32687808586756706
0.32687808586756706
0.32693628333209773
0.3268533902680544
0.32685276796588414
0.3268533902680544
0.32693566102992744
0.3268774635653968
0.32693628333209773
0.3268774635653968
0.32687808586756706
0.3268774635653968
0.32687808586756706
0.32685331551016994
0.32687808586756706
0.5240900617944523
0.3268533902680544
0.32687808586756706
0.3268774635653968
0.3268774635653968
0.32687808586756706
0.3268533902680544
0.3268780111096826
0.3268533902680544
0.5669935741165402
0.32687808586756706
0.5240900617944523
0.32685331551016994
0.32687808586756706
0.3268533902680544
0.32685276796588414
0.32687808586756706
0.32687808586756706
0.32687808586756706
0.3268780111096826
0.3268533902680544
0.32687808586756706
0.32687808586756706
0.3268774635653968
0.32687808586756706
0.32693628333209773
0.32693628333209773
0.3268773888075124
0.32687808586756706
0.3268780111096826
0.32685276796588414
0.32685331551016994
0.7461043088392199
0.34713550759989553
0.3268533902680544
0.32693628333209773
0.32687808586756706
0.3268780111096826
0.3268774635653968
0.3268780111096826
0.3268533902680544
0.32687808586756706
0.32687808586756706
0.3268780111096826
0.3268774635653968
0.8912497165903133
0.32687808586756706
0.32685331551016994
0.3269539154153305
0.32687808586756706
0.32685331551016994
0.32687808586756706
0.32687808586756706
0.3268533902680544
0.32687808586756706
0.32687808586756706
0.3268774635653968
0.3667761116180057
0.32687808586756706
0.7960323605379784
0.32687808586756706
0.3268526932079997
0.9504673604195495
0.7957619563172333
0.3268774635653968
0.326911587732585
0.32687808586756706
0.32687808586756706
0.32687808586756706
0.32687808586756706
0.3268956431929153
0.5668540055745103
0.32685276796588414
0.32693566102992744
0.32685276796588414
0.3268533902680544
0.32687808586756706
0.3268533902680544
0.32687808586756706
0.32687808586756706
0.36680080721751845
0.3268780111096826
0.32687808586756706
0.326911587732585
0.32687808586756706
0.32687808586756706
0.3268704000491168
0.32687808586756706
0.34659312284116456
0.3268533902680544
0.32687808586756706
0.32687808586756706
0.32687808586756706
0.32786495067388133
0.32687808586756706
0.3268774635653968
0.7960593030960443
0.3268780111096826
0.32687808586756706
0.3268774635653968
0.32687808586756706
0.42447209229021443
0.3268533902680544
0.3268774635653968
0.32687808586756706
0.32687808586756706
0.32687808586756706
0.32687808586756706
0.3268774635653968
0.32687808586756706
0.32687808586756706
0.3385395345599872
0.3268780111096826
0.326911587732585
0.3268774635653968
0.32687808586756706
0.3268774635653968
0.3268774635653968
0.32687808586756706
0.3268774635653968
0.3268533902680544
0.3268774635653968
0.32687808586756706
0.32687808586756706
0.32687808586756706
0.3268774635653968
0.3268533902680544
0.3268533902680544
0.3268780111096826
0.32687808586756706
0.32693628333209773
0.32691096543041476
0.32685276796588414
0.5239812546972715
0.3268526932079997
0.32687808586756706
0.32687808586756706
0.34713550759989553
0.3268774635653968
0.32687808586756706
0.32691096543041476
0.3268774635653968
0.3268774635653968
0.32693628333209773
0.3268780111096826
0.32687808586756706
0.3268526932079997
0.3268780111096826
0.32687808586756706
0.32687808586756706
0.32687808586756706
0.32687808586756706
0.32687808586756706
0.3268774635653968
0.32687808586756706
0.3268774635653968
0.3547482691012618
0.3268709475934026
0.32687808586756706
0.3268773888075124
0.32687808586756706
0.32693628333209773
0.32687808586756706
0.32687808586756706
0.32687808586756706
0.3268774635653968
0.32687808586756706
0.3268526932079997
0.32687808586756706
0.3268780111096826
0.32687808586756706
0.32786495067388133
1.4414406550323204
0.32689571795079975
0.32693628333209773
0.32685331551016994
0.32693566102992744
0.32687808586756706
0.32687808586756706
0.32693628333209773
0.32687808586756706
0.3285787369983459
0.32685331551016994
0.32693628333209773
0.326911587732585
0.3268956431929153
0.326935586272043
0.32693628333209773
0.32687808586756706
0.326911587732585
0.32687808586756706
0.32687808586756706
0.32687808586756706
0.3269285975136475
0.32979863895448214
0.32687808586756706
0.3292494673443662
0.3268533902680544
0.3268780111096826
0.3268774635653968
0.32687808586756706
0.3268533902680544
0.32687808586756706
0.32687808586756706
0.3268533902680544
0.3268533902680544
0.32687808586756706
0.32687808586756706
0.32687808586756706
0.3268780111096826
0.3268780111096826
0.8912497165903133
0.32687808586756706
0.32687808586756706
0.32687808586756706
0.326911587732585
0.33818946764907887
0.32687808586756706
0.3268533902680544
0.3298162710377149
0.3268780111096826
0.33853816948181015
0.32687808586756706
0.32687808586756706
0.3268780111096826
0.32685276796588414
0.32693628333209773
0.32687808586756706
0.32687808586756706
0.32687808586756706
0.3268533902680544
0.32687808586756706
0.32687808586756706
0.32687808586756706
0.3268774635653968
0.3268780111096826
0.32693628333209773
0.3268533902680544
0.3269362085742133
0.32693566102992744
0.7960077396963502
0.7957619563172333
0.5668306098571383
0.89286010921984
0.3268774635653968
0.3465744536352299
0.3268780111096826
0.3268774635653968
0.32687808586756706
0.33813005462214
0.32687808586756706
0.32685331551016994
0.3268774635653968
0.3268533902680544
0.32687808586756706
0.32687808586756706
0.3465497580357172
0.32977394335496946
0.32687808586756706
0.32687808586756706
0.32687808586756706
0.32687808586756706
0.3285787369983459
0.32687808586756706
0.32687808586756706
0.3268533902680544
0.32692921981581774
0.5241205190614069
0.3268533902680544
0.35474819434337734
0.3268780111096826
0.8912250209908006
0.32687808586756706
0.32687808586756706
0.32687808586756706
0.32863107568488925
0.326911587732585
0.42429092945684516
0.32691151297470056
0.32685276796588414
0.3268533902680544
0.8914120376188185
0.32687808586756706
0.3465744536352299
0.32687808586756706
0.3268533902680544
0.3268773888075124
0.3268774635653968
0.32687808586756706
0.32687808586756706
0.32687808586756706
0.32687808586756706
0.3286368597049921
0.32687808586756706
0.32687808586756706
0.3268780111096826
0.3269362085742133
0.3381313449424327
0.32687808586756706
0.32687808586756706
0.32687808586756706
0.3268780111096826
0.32687808586756706
0.32687808586756706
0.3268533902680544
0.3268533902680544
0.32687808586756706
0.32685331551016994
0.32687808586756706
0.32687808586756706
0.3268533902680544
0.32687808586756706
0.32692921981581774
0.3268774635653968
0.3268533902680544
0.32687808586756706
0.3268774635653968
0.32687808586756706
0.32693628333209773
0.3268533902680544
0.32693628333209773
0.32691151297470056
0.32685276796588414
0.32687808586756706
0.326911587732585
0.3268533902680544
0.3268533902680544
0.32691096543041476
0.32687808586756706
0.32687808586756706
0.3268533902680544
0.326911587732585
0.32693628333209773
0.3268774635653968
0.592523294148185
0.32687808586756706
0.3268533902680544
0.5668296562675345
0.32687808586756706
0.32689571795079975
0.3268533902680544
0.32685276796588414
0.3268774635653968
0.3268533902680544
0.3268774635653968
0.3268780111096826
0.33856286508132283
0.5821570329145369
0.32687808586756706
0.3268533902680544
0.32687808586756706
0.3268780111096826
0.3268774635653968
0.3268780111096826
0.3268780111096826
0.32687808586756706
0.32687808586756706
0.3268780111096826
0.3268774635653968
0.3268774635653968
0.3292347827486515
0.32685276796588414
0.32687808586756706
0.3268533902680544
0.32687808586756706
0.32685276796588414
0.354806391807908
0.32687808586756706
0.326911587732585
0.338595819402055
0.32979087837814747
0.3268773888075124
0.32687808586756706
0.32687808586756706
0.32687808586756706
0.3268533902680544
0.32687808586756706
0.32687808586756706
0.3268533902680544
0.3268773888075124
0.32687808586756706
0.32687808586756706
0.32687808586756706
0.32693628333209773
0.3268533902680544
0.5668306098571383
0.32687808586756706
0.3268533902680544
0.3268773888075124
0.566855305456651
0.32842384798011903
0.3268774635653968
0.32687808586756706
0.3268774635653968
0.3268533902680544
0.32687808586756706
0.32687808586756706
0.3268950956486295
0.32687808586756706
0.32687808586756706
0.3268533902680544
0.32687808586756706
0.32842384798011903
0.32687808586756706
0.42447209229021443
0.33856286508132283
0.3292347827486515
0.3268533902680544
0.327882582757114
0.3268533902680544
0.3268533902680544
0.32687808586756706
0.3268533902680544
0.32786549821816713
0.3268780111096826
0.32693628333209773
0.3269362085742133
0.3268526932079997
0.32687808586756706
0.32687808586756706
0.326911587732585
0.3268533902680544
0.32693628333209773
0.3268533902680544
0.32693628333209773
0.3268774635653968
0.32687808586756706
0.32693566102992744
0.3268774635653968
0.32693628333209773
0.3268780111096826
0.32687808586756706
0.32687808586756706
0.32687808586756706
0.32687808586756706
0.7957619563172333
0.32687808586756706
0.3268780111096826
0.32687808586756706
0.32687808586756706
0.3268780111096826
0.4470645648000804
0.326911587732585
0.3268773888075124
0.32687808586756706
0.3471354328420111
0.32693628333209773
0.32693628333209773
0.3268780111096826
0.32786495067388133
0.3268533902680544
0.3268956431929153
0.32786557297605157
0.32687808586756706
0.32687808586756706
0.32685276796588414
0.3268774635653968
0.32687808586756706
0.32687808586756706
0.32687808586756706
0.3268774635653968
0.3268780111096826
0.32687808586756706
0.3268780111096826
0.3274391398322327
0.326911587732585
0.3268780111096826
0.3274385175300625
0.3268533902680544
0.32687808586756706
0.32687808586756706
0.3297985641965977
0.3268533902680544
0.3268774635653968
0.3278408773765389
0.32687808586756706
0.32687808586756706
0.32687808586756706
0.32685276796588414
0.32687808586756706
0.32687808586756706
0.32693628333209773
0.32687808586756706
0.32687808586756706
0.32687808586756706
0.32687808586756706
0.3268774635653968
0.32687808586756706
0.32685331551016994
0.32687808586756706
0.3691298875824204
0.32687808586756706
0.3547482691012618
0.3268780111096826
0.326911587732585
0.32687808586756706
0.32687808586756706
0.3268780111096826
0.32687808586756706
0.3268774635653968
0.32687808586756706
0.32687808586756706
0.32687808586756706
0.32687808586756706
0.32687808586756706
0.3268533902680544
0.34656771635802
0.3268533902680544
0.32687808586756706
0.3268533902680544
0.3269362085742133
0.3268533902680544
0.32687808586756706
0.32685331551016994
0.3268780111096826
0.3268780111096826
0.35474819434337734
0.32687808586756706
0.32687808586756706
0.32687808586756706
0.32687808586756706
0.3268533902680544
0.32693628333209773
0.32685276796588414
0.32685331551016994
0.3268774635653968
0.32691096543041476
0.3268533902680544
0.32687808586756706
0.32685276796588414
0.3268533902680544
0.3268774635653968
0.5821570329145369
0.32687808586756706
0.32687808586756706
0.32687808586756706
0.32687808586756706
0.3268533902680544
0.32687808586756706
0.3268774635653968
0.3268533902680544
0.7957372607177207
0.32687808586756706
0.32685276796588414
0.3268780111096826
0.32687808586756706
0.3268774635653968
0.32842384798011903
0.32685276796588414
0.3268774635653968
0.32687808586756706
0.3268780111096826
1.4414516063343241
0.32685331551016994
0.3274391398322327
0.3268526932079997
0.3547475720412071
0.3268774635653968
0.32693628333209773
0.32687808586756706
0.32687808586756706
0.3268774635653968
0.32687808586756706
0.3268533902680544
0.32693628333209773
0.566855305456651
0.3560719053100767
0.8914120376188185
0.32693628333209773
0.32691096543041476
0.3268774635653968
0.32687808586756706
0.32693566102992744
0.32685276796588414
0.32687808586756706
0.32687808586756706
0.3268774635653968
0.5821570329145369
0.3268533902680544
0.3268533902680544
0.3268774635653968
0.3268533902680544
0.32687808586756706
0.34659312284116456
0.32687808586756706
0.326911587732585
0.35474819434337734
0.3269362085742133
0.3268780111096826
0.32687808586756706
0.3268533902680544
0.32687808586756706
0.32687808586756706
0.32687808586756706
0.327923148138412
0.3268774635653968
0.3268533902680544
0.32687808586756706
0.32687808586756706
0.3268533902680544
0.6638733068721043
