0.3268533902680544
0.3268533902680544
0.32685276796588414
0.3268533902680544
0.3268533902680544
0.32685331551016994
0.3268533902680544
0.3268533902680544
0.3385382442396946
0.3268533902680544
0.3268533902680544
0.32685331551016994
0.3268533902680544
0.3268533902680544
0.3268533902680544
0.3268709475934026
0.5668296562675345
0.3268533902680544
0.3268533902680544
0.3268533902680544
0.3268533902680544
0.3268533902680544
0.5668283563853936
0.32839844149697445
0.3268526932079997
0.7960077396963502
0.32685331551016994
0.32685276796588414
0.3268533902680544
0.3268533902680544
0.3292347827486515
0.32687102235128707
0.326911587732585
0.32687102235128707
0.3268533902680544
0.3268533902680544
0.32685331551016994
0.32685331551016994
0.3268533902680544
0.3268533902680544
0.32685331551016994
0.3268533902680544
0.3268533902680544
0.3269108906725303
0.32687102235128707
0.3268533902680544
0.32685331551016994
0.3268533902680544
0.3268533902680544
0.32685331551016994
0.3268533902680544
0.3268533902680544
0.3268533902680544
0.3268533902680544
0.32687102235128707
0.3268533902680544
0.32685331551016994
0.32685276796588414
0.3268533902680544
0.3268533902680544
0.3268533902680544
0.3268533902680544
0.32979157543820214
0.3268704000491168
0.32692921981581774
0.32685331551016994
0.3268533902680544
0.3268533902680544
0.3268533902680544
0.3268533902680544
0.3268533902680544
0.3268533902680544
0.3268533902680544
0.3268533902680544
0.32687102235128707
0.3268526932079997
0.3268533902680544
0.32685331551016994
0.3268533902680544
0.3268533902680544
0.32685276796588414
0.7958330336030156
0.4468490133558735
0.32685331551016994
0.3268526932079997
0.32687102235128707
0.32685331551016994
0.3268533902680544
0.3268533902680544
0.3268533902680544
0.3268533902680544
0.3268533902680544
0.32687102235128707
0.3268533902680544
0.32685276796588414
0.3268533902680544
0.3268533902680544
0.32685331551016994
0.3268533902680544
0.3465497580357172
0.3268533902680544
0.32685276796588414
0.32685331551016994
0.32839915238060635
0.32685276796588414
0.32687102235128707
0.32685331551016994
0.3268533902680544
0.3285787369983459
0.3268533902680544
0.32685331551016994
0.3268533902680544
0.3268533902680544
0.7960077396963502
0.3268533902680544
0.32685331551016994
0.3268533902680544
0.32685331551016994
0.32685331551016994
0.3268533902680544
0.3268533902680544
0.3268533902680544
0.32685276796588414
0.3268533902680544
0.3268533902680544
0.3268533902680544
0.3268533902680544
0.3268526932079997
0.3268533902680544
0.32685331551016994
0.3268704000491168
0.3268533902680544
0.3268533902680544
0.32685331551016994
0.3268533902680544
0.3268709475934026
0.3268533902680544
0.3268533902680544
0.3268533902680544
0.3283978191948042
0.3268533902680544
0.3268533902680544
0.32685331551016994
0.32685331551016994
0.3268533902680544
0.3268533902680544
0.3268533902680544
0.3268533902680544
0.3268533902680544
0.32685331551016994
0.3268526932079997
0.3268533902680544
0.3268533902680544
0.3268533902680544
0.3268533902680544
0.3268533902680544
0.3268533902680544
0.3268709475934026
0.32687102235128707
0.3268533902680544
0.3268533902680544
0.32685331551016994
0.32685331551016994
0.3268533902680544
0.3268533902680544
1.4414510735002701
0.3465490609756625
0.3283985300784361
0.3268533902680544
0.3268533902680544
0.3268533902680544
0.7958331083609
0.32685331551016994
0.32685276796588414
0.3268533902680544
0.32687102235128707
0.3268533902680544
0.32685331551016994
0.3268533902680544
0.3268533902680544
0.3268533902680544
0.32687102235128707
0.32685331551016994
0.32687102235128707
0.32685331551016994
0.3268533902680544
0.3268533902680544
0.3268533902680544
0.3268533902680544
0.32685331551016994
0.32685276796588414
0.32685331551016994
0.3268533902680544
0.3268533902680544
0.32685276796588414
0.3268533902680544
0.32685331551016994
0.3268533902680544
0.3268533902680544
0.3268533902680544
0.4242869981129621
0.3268533902680544
0.3268533902680544
0.5238745103502453
0.3268533902680544
0.3268533902680544
0.3268533902680544
0.3268533902680544
0.3268526932079997
0.326911587732585
0.326911587732585
0.32691151297470056
0.32687102235128707
0.3268533902680544
0.3268533902680544
0.32685331551016994
0.3268526932079997
0.3268533902680544
0.3268533902680544
0.32685331551016994
0.32687102235128707
0.3268533902680544
0.32685331551016994
0.3268533902680544
0.3268533902680544
0.32685276796588414
0.3268709475934026
0.3268533902680544
0.3268533902680544
0.3268533902680544
0.3268526932079997
0.3268533902680544
0.3465497580357172
0.3268533902680544
0.32685331551016994
0.3268533902680544
0.3268533902680544
0.3268533902680544
0.32687102235128707
0.32691096543041476
0.3268533902680544
0.32685276796588414
0.3268533902680544
0.3268533902680544
0.3278408773765389
0.3268533902680544
0.3268533902680544
0.32685331551016994
0.32685331551016994
0.3268533902680544
0.3268533902680544
0.3268533902680544
0.3381313449424327
0.32687102235128707
0.3268533902680544
0.3268533902680544
0.32685276796588414
0.32685331551016994
0.3268533902680544
0.3268533902680544
0.3268533902680544
0.32685331551016994
0.3268533902680544
0.3278585094597716
0.3274720193950804
0.3268533902680544
0.32685331551016994
0.3285887480021438
0.3268526932079997
0.3268533902680544
0.3268533902680544
0.3268533902680544
0.32685331551016994
0.3268533902680544
0.3268533902680544
0.3268533902680544
0.3268533902680544
0.3268533902680544
0.32685331551016994
0.3268709475934026
0.32685331551016994
0.3268533902680544
0.32691151297470056
0.32685331551016994
0.3268533902680544
0.3268533902680544
0.3268533902680544
0.32685276796588414
0.32685331551016994
0.3268533902680544
0.3268533902680544
0.3268533902680544
0.3268533902680544
0.7957640537600177
0.3409209270405844
0.32687102235128707
0.3268533902680544
0.3268533902680544
0.3289581317822853
0.32687102235128707
0.32685331551016994
0.3268533902680544
0.3268533902680544
0.3268533902680544
0.3268533902680544
0.3268533902680544
0.32685331551016994
0.32685331551016994
0.3268533902680544
0.3268526932079997
0.42447209229021443
0.3268709475934026
0.32685331551016994
0.3268709475934026
0.3268533902680544
0.3268533902680544
0.3268533902680544
0.3268533902680544
0.3268533902680544
0.3268533902680544
0.3268533902680544
0.3268533902680544
0.32685331551016994
0.4468801815064599
0.32691151297470056
1.4422521933994088
0.3268533902680544
0.7960077396963502
0.3268533902680544
0.32685331551016994
0.3547235735017491
0.3268533902680544
0.3268533902680544
0.32687102235128707
0.3268533902680544
0.32685276796588414
0.32685331551016994
0.3268533902680544
0.3278401803164842
0.3268533902680544
0.32685276796588414
0.32685331551016994
0.32685331551016994
0.3268533902680544
0.3268533902680544
0.3268533902680544
0.3268533902680544
0.32685331551016994
0.3268533902680544
0.3268533902680544
0.32685276796588414
0.3268533902680544
0.3268533902680544
0.3268533902680544
0.32685331551016994
0.3268533902680544
0.32685276796588414
0.3268533902680544
0.32685276796588414
0.3268533902680544
0.32685331551016994
0.3268533902680544
0.32839844149697445
0.3268533902680544
0.32685331551016994
0.3268533902680544
0.3268533902680544
0.3268533902680544
0.3268533902680544
0.3268533902680544
0.3268533902680544
0.3268533902680544
0.32687102235128707
0.3268533902680544
0.3268533902680544
0.32687102235128707
0.3268533902680544
0.3268533902680544
0.3268533902680544
0.3268533902680544
0.3268533902680544
0.3268533902680544
0.3268533902680544
0.3268533902680544
0.32685276796588414
0.32685331551016994
0.3268533902680544
0.32685331551016994
0.3285886732442594
0.3268533902680544
0.32685276796588414
0.3547235735017491
0.32685276796588414
0.32685331551016994
0.32687102235128707
0.3278401803164842
0.3268533902680544
0.326911587732585
0.3268709475934026
0.32685331551016994
0.3268533902680544
0.5821584503448819
0.3268533902680544
0.3268533902680544
0.3268533902680544
0.3268533902680544
0.3268533902680544
0.3268533902680544
0.32685331551016994
0.3268533902680544
0.32691096543041476
0.3268533902680544
0.32687102235128707
0.3268533902680544
0.326911587732585
0.326911587732585
0.32685331551016994
0.3268533902680544
0.3268533902680544
0.32685331551016994
0.3268533902680544
0.32692921981581774
0.32687102235128707
0.3268526932079997
0.32685331551016994
0.32685331551016994
0.32687102235128707
0.3268533902680544
0.3268526932079997
0.3268533902680544
0.3268533902680544
0.32685331551016994
0.3268709475934026
0.32685331551016994
0.3268533902680544
0.9504594396517244
0.3268533902680544
0.3268533902680544
0.3268533902680544
0.326911587732585
0.3268533902680544
0.32685331551016994
0.3268533902680544
0.32685331551016994
0.3268533902680544
0.3268533902680544
0.3268533902680544
0.3268533902680544
0.3268533902680544
0.32685331551016994
0.3268533902680544
0.32685331551016994
0.32685331551016994
0.32685331551016994
0.3268533902680544
0.32685331551016994
0.3268533902680544
0.3465497580357172
0.3268533902680544
0.32685331551016994
0.32685331551016994
0.3268533902680544
0.32685331551016994
0.3268533902680544
0.3268533902680544
0.3268526932079997
0.3268533902680544
0.32685331551016994
0.3268533902680544
0.3268533902680544
0.32685331551016994
0.3268533902680544
0.3268533902680544
0.32685331551016994
0.3268533902680544
0.3268533902680544
0.32685276796588414
0.3268533902680544
0.32685276796588414
0.326911587732585
0.32685276796588414
0.3268533902680544
0.326911587732585
0.32687102235128707
0.3268709475934026
0.3268703252912324
0.3268533902680544
0.3268533902680544
0.32685276796588414
0.3268533902680544
0.3268533902680544
0.326911587732585
0.32687102235128707
0.3268533902680544
0.3268533902680544
0.3268533902680544
0.3268533902680544
0.32685331551016994
0.326911587732585
0.3289581317822853
0.3268533902680544
0.3268533902680544
0.32687102235128707
0.32685276796588414
0.3285886732442594
0.32685331551016994
0.32685331551016994
0.3268533902680544
0.32923470799076704
0.32685331551016994
0.32685276796588414
0.3268533902680544
0.3268533902680544
0.3268533902680544
0.3268533902680544
0.3268526932079997
0.32685331551016994
0.32685331551016994
0.3268533902680544
0.3268533902680544
0.3268533902680544
0.3268533902680544
0.3268533902680544
0.3268533902680544
0.32685331551016994
0.3268533902680544
0.3268533902680544
0.326911587732585
0.3268533902680544
0.3268533902680544
0.33813127018454825
0.3268533902680544
0.3268533902680544
0.32685331551016994
0.3268533902680544
0.32685276796588414
0.5668296562675345
0.32685276796588414
0.32685331551016994
0.3268533902680544
0.3268533902680544
0.3531429715472635
0.3268533902680544
0.32691151297470056
0.3268709475934026
0.3268533902680544
0.3268533902680544
0.32685331551016994
0.5668296562675345
0.3268533902680544
0.3268533902680544
0.3268533902680544
0.3268533902680544
0.32685331551016994
0.3268533902680544
0.32840056905305215
0.32685331551016994
0.32839915238060635
0.3268533902680544
0.32789907484106956
0.5668306098571383
0.9504584860621205
0.3268533902680544
0.32685331551016994
0.3268533902680544
0.3268533902680544
0.32685331551016994
0.32685276796588414
0.3268533902680544
0.32741444423272004
0.3385382442396946
0.32685331551016994
0.32983214081950013
0.326911587732585
0.3268533902680544
0.32685276796588414
0.32691096543041476
0.3268533902680544
0.32685331551016994
0.32685331551016994
0.3268533902680544
0.3268533902680544
0.3268533902680544
0.3268533902680544
0.3268533902680544
0.32685276796588414
0.32691151297470056
0.32685331551016994
0.32687102235128707
0.32685331551016994
0.3268533902680544
0.32687102235128707
0.32685331551016994
0.32685331551016994
0.3268533902680544
0.3268533902680544
0.32687102235128707
0.32861344360165656
0.3268533902680544
0.32687808586756706
0.3268533902680544
0.3268533902680544
0.3268526932079997
0.3268533902680544
0.32685276796588414
0.326911587732585
0.3268533902680544
0.3268533902680544
0.3268533902680544
0.3268533902680544
0.3268533902680544
0.3268533902680544
0.32687102235128707
0.32687102235128707
0.32685331551016994
0.3268533902680544
0.3268533902680544
0.3268533902680544
0.32687102235128707
0.3268533902680544
0.3268533902680544
0.32685331551016994
0.32685331551016994
0.3268533902680544
0.9504594396517244
0.3268533902680544
0.3268703252912324
0.3268526932079997
0.326911587732585
0.3268533902680544
0.32979157543820214
0.32685331551016994
0.3268533902680544
0.32685276796588414
0.32741444423272004
0.32685331551016994
0.32685331551016994
0.3268533902680544
0.3268533902680544
0.3268533902680544
0.32685331551016994
0.3268533902680544
0.32685276796588414
0.3268703252912324
0.3268533902680544
0.3268533902680544
0.32685331551016994
0.3268533902680544
0.3268533902680544
0.32685331551016994
0.3268533902680544
0.3268533902680544
0.32685331551016994
0.32685276796588414
0.3268533902680544
0.3268533902680544
0.32685331551016994
0.3268533902680544
0.32685331551016994
0.3268533902680544
0.3268533902680544
0.3268533902680544
0.3268533902680544
0.32685331551016994
0.3268533902680544
0.3268533902680544
0.3268533902680544
0.3268533902680544
0.32685331551016994
0.3268533902680544
0.3268533902680544
0.3268533902680544
0.3268533902680544
0.3268533902680544
0.32685276796588414
0.32979157543820214
0.3268709475934026
0.32685276796588414
0.3268533902680544
0.3268533902680544
0.3268533902680544
0.32685331551016994
0.3268533902680544
0.3268533902680544
0.32685276796588414
0.32685331551016994
0.32685331551016994
0.3268533902680544
0.3268526932079997
0.3268533902680544
0.3268533902680544
0.32685331551016994
0.3268533902680544
0.3268533902680544
0.3268533902680544
0.3268533902680544
0.3268533902680544
0.32685331551016994
0.3268533902680544
0.3268533902680544
0.3268533902680544
0.32784025507436865
0.32687102235128707
0.32685331551016994
0.3268533902680544
0.3268533902680544
0.3268533902680544
0.3268533902680544
0.32685331551016994
0.3268533902680544
0.3268533902680544
0.3268709475934026
0.5238745103502453
0.3268533902680544
0.3268533902680544
0.3268533902680544
0.32685331551016994
0.3268533902680544
0.3268533902680544
0.3268533902680544
0.3268533902680544
0.3268533902680544
0.3268533902680544
0.32685331551016994
0.3268533902680544
0.3268533902680544
0.3268533902680544
0.3268533902680544
0.32685331551016994
0.3268533902680544
0.9504594396517244
0.42427789146993183
0.3268533902680544
0.32685276796588414
0.3268533902680544
0.32685331551016994
0.32977394335496946
0.34711081200038285
0.3268533902680544
0.3268533902680544
0.32685331551016994
0.3268533902680544
0.32687102235128707
0.3268533902680544
0.3268533902680544
0.3268533902680544
0.32685276796588414
0.3268533902680544
0.3268533902680544
0.3268533902680544
0.32687102235128707
0.3268533902680544
0.3268533902680544
0.3268533902680544
0.32685331551016994
0.3268533902680544
0.3268533902680544
0.32685276796588414
0.32685276796588414
0.3268533902680544
0.3268533902680544
0.32685331551016994
0.3268533902680544
0.3268526932079997
0.3268533902680544
0.32685331551016994
1.4414505322587012
0.32685276796588414
0.3268533902680544
0.3268533902680544
0.32685331551016994
0.3268533902680544
0.32786549821816713
0.3268533902680544
0.32685331551016994
0.3268533902680544
0.3268533902680544
0.3268533902680544
0.32685331551016994
0.3547235735017491
0.32685276796588414
0.32687808586756706
0.32685276796588414
0.32685276796588414
0.33853816948181015
0.3268533902680544
0.3268533902680544
0.32685331551016994
0.32691096543041476
1.4414514960420408
0.3268533902680544
0.3268533902680544
0.32685331551016994
0.32685331551016994
0.326911587732585
0.3268533902680544
0.3268533902680544
0.3268533902680544
0.32685331551016994
0.3268526932079997
0.3268533902680544
0.3268533902680544
0.3268533902680544
0.32839915238060635
0.3268533902680544
0.3268533902680544
0.32691096543041476
0.32687102235128707
0.32685331551016994
0.3268533902680544
0.33853816948181015
0.326911587732585
0.3268533902680544
0.3268533902680544
0.3268533902680544
0.326911587732585
0.32687102235128707
0.32691151297470056
0.3268533902680544
0.32687102235128707
0.32685331551016994
0.3268533902680544
0.3268533902680544
0.32685331551016994
0.32685331551016994
0.3268533902680544
0.3268533902680544
0.3286716410661872
0.32685276796588414
0.32685331551016994
0.3268533902680544
0.32895892615256084
0.32685331551016994
0.3268533902680544
0.3268533902680544
0.3268533902680544
0.3268533902680544
0.3268533902680544
0.32685331551016994
0.3268533902680544
0.3268533902680544
0.3268533902680544
0.32685331551016994
0.326911587732585
0.3268533902680544
0.32685331551016994
0.3268703252912324
0.3268533902680544
0.3268533902680544
0.32687102235128707
0.32685331551016994
0.32685331551016994
0.3268533902680544
0.32687102235128707
0.3268533902680544
0.3268533902680544
0.326911587732585
0.3268533902680544
0.3268533902680544
0.3268533902680544
0.326911587732585
0.32685331551016994
0.3385375471796399
0.32685276796588414
0.3268533902680544
0.32685331551016994
0.3268533902680544
0.3278408773765389
0.3268709475934026
0.32685331551016994
0.32685331551016994
0.3268533902680544
0.3268533902680544
0.3268533902680544
0.3268533902680544
0.32685331551016994
0.32685331551016994
0.32685276796588414
0.3268533902680544
0.3268533902680544
0.3269108906725303
0.32685331551016994
0.32685276796588414
0.32685331551016994
0.3285887480021438
0.3268533902680544
0.3268533902680544
0.3268526932079997
0.32685331551016994
0.3268533902680544
0.32977394335496946
0.3268533902680544
0.3268533902680544
0.3268533902680544
0.3268533902680544
0.326911587732585
0.32685276796588414
0.3286133688437721
0.3385395345599872
0.329773868597085
0.3268533902680544
0.3268533902680544
0.3268533902680544
0.3268533902680544
0.3268533902680544
0.32685331551016994
0.32685331551016994
0.3268533902680544
0.3268533902680544
0.3268533902680544
0.3268533902680544
0.3268533902680544
0.32685331551016994
0.3268533902680544
0.3268533902680544
0.3268533902680544
0.32685276796588414
0.3268533902680544
0.3268533902680544
0.3268533902680544
0.3268533902680544
0.3268533902680544
0.3268533902680544
0.32687102235128707
0.3268533902680544
0.3268533902680544
0.3268533902680544
0.3268533902680544
0.3268533902680544
0.3268533902680544
0.32685276796588414
0.3268533902680544
0.32685331551016994
0.3268533902680544
0.3268533902680544
0.3268533902680544
0.3268533902680544
0.326911587732585
0.3268533902680544
0.3268533902680544
0.3268533902680544
0.32685276796588414
0.32685331551016994
0.3268533902680544
0.32687102235128707
0.32687102235128707
0.3268533902680544
0.326911587732585
0.3268533902680544
0.32691151297470056
0.3268526932079997
0.326911587732585
0.32685331551016994
0.3268533902680544
0.32691151297470056
0.3268704000491168
0.32685276796588414
0.32685331551016994
0.3268709475934026
0.32685331551016994
0.3268533902680544
0.3268533902680544
0.32687102235128707
0.3268533902680544
0.32685331551016994
0.3268533902680544
0.3268533902680544
0.3268533902680544
0.32685331551016994
0.3268533902680544
0.3292594783481642
0.32685331551016994
0.3292347827486515
0.32685331551016994
0.3268533902680544
0.326911587732585
0.3268526932079997
0.32685331551016994
0.3268533902680544
0.3268533902680544
0.3268533902680544
0.3268533902680544
0.3268533902680544
0.3268533902680544
0.32685331551016994
0.32687808586756706
0.3268533902680544
0.3385382442396946
0.3268533902680544
0.3268533902680544
0.3268533902680544
0.3268533902680544
0.3268533902680544
0.3268533902680544
0.3268533902680544
0.3268533902680544
0.3268533902680544
0.32685276796588414
0.32685331551016994
0.3268533902680544
