0.3268526932079997
0.3268533902680544
0.3268526932079997
0.3268703252912324
0.3268773888075124
0.3268704000491168
0.3268533902680544
0.32685276796588414
0.3269285975136475
0.3268773888075124
0.3268533902680544
0.32685276796588414
0.3268526932079997
0.3268703252912324
0.32685276796588414
0.32687102235128707
0.3268526932079997
0.32685276796588414
0.32687102235128707
0.3268773888075124
0.3268526932079997
0.32685276796588414
0.3268704000491168
0.32687102235128707
0.3268709475934026
0.32693566102992744
0.32685331551016994
0.3268773888075124
0.3268704000491168
0.3268780111096826
0.3268703252912324
0.3268704000491168
0.3297732462949148
0.3268704000491168
0.3268526932079997
0.8912487630007094
0.3269108906725303
0.4242862872293302
0.32685276796588414
0.32685276796588414
0.3268703252912324
0.32685276796588414
0.3268950956486295
0.3284399900425753
0.34656731536106544
0.3268704000491168
0.326935586272043
0.3268526932079997
0.3268704000491168
0.32685276796588414
0.3268703252912324
0.3268704000491168
0.3292423290702018
0.32685276796588414
0.3278401803164842
0.3268526932079997
0.3268526932079997
0.7957372607177207
1.4196450705265362
0.32687102235128707
0.32685276796588414
0.3268526932079997
0.32689502089074507
0.5668448285582387
0.3268773888075124
0.5239048928593155
0.32685276796588414
0.3268703252912324
0.32685276796588414
0.3268950956486295
0.32685331551016994
0.3268526932079997
0.32685276796588414
0.32689502089074507
0.3268526932079997
0.3268774635653968
0.3268704000491168
0.3268533902680544
0.3268526932079997
0.42515801231548167
0.3268526932079997
0.3268526932079997
0.3268526932079997
0.3268703252912324
0.3268526932079997
0.3268526932079997
0.3268526932079997
0.3268526932079997
0.3268526932079997
0.32685331551016994
0.3268704000491168
0.3268950956486295
0.3268704000491168
0.3268709475934026
0.32685331551016994
0.32685276796588414
0.3268526932079997
0.3268709475934026
0.32685276796588414
0.3268704000491168
0.3268704000491168
0.3268709475934026
0.3268704000491168
0.3268773888075124
0.3268704000491168
0.32685276796588414
0.3268526932079997
0.3268704000491168
0.3268703252912324
0.3268703252912324
0.32859636908157863
0.3268774635653968
0.3268526932079997
0.32685276796588414
0.3268526932079997
0.32685276796588414
0.32685276796588414
0.32685276796588414
0.3268709475934026
0.3268526932079997
0.3268703252912324
0.3268704000491168
0.32685276796588414
0.3268703252912324
0.3268526932079997
0.32689502089074507
0.3268709475934026
0.3268703252912324
0.3268526932079997
0.3268703252912324
0.32685276796588414
0.3268526932079997
0.3268703252912324
0.3268526932079997
0.3268526932079997
0.3268526932079997
0.32685276796588414
0.3268704000491168
0.3268703252912324
0.32685276796588414
0.3268526932079997
1.4414391584149269
0.3268526932079997
0.3268526932079997
0.3268526932079997
0.32685331551016994
0.3268774635653968
0.3268704000491168
0.32687102235128707
0.3268526932079997
0.3268526932079997
0.3268533902680544
0.3268526932079997
0.3547482691012618
0.32685276796588414
0.3268709475934026
0.3268704000491168
0.3268703252912324
0.32685276796588414
0.3268703252912324
0.3268526932079997
0.32685331551016994
0.3268526932079997
0.3268703252912324
0.8913274480172759
0.3268704000491168
0.3471101149403282
0.3268533902680544
0.3268703252912324
0.32685331551016994
0.326935586272043
0.5239048928593155
0.32923470799076704
0.32685331551016994
0.3274138219305498
0.3268703252912324
0.3268526932079997
0.3268774635653968
1.5579059221511629
0.32841529444306256
0.32687102235128707
0.3268950956486295
0.3268703252912324
0.3268526932079997
0.32685276796588414
0.32691096543041476
0.3297733210527992
0.32689571795079975
0.32685276796588414
0.3268703252912324
0.3268703252912324
0.3268526932079997
0.32685276796588414
0.3268704000491168
0.3268526932079997
0.3268526932079997
0.3268709475934026
0.3471107372424984
0.3268533902680544
0.3268526932079997
0.3268704000491168
0.7958599014031973
0.3291506382542946
0.32685276796588414
0.3268950956486295
0.3268709475934026
0.3268704000491168
0.3268526932079997
0.3268703252912324
0.3268703252912324
0.3268526932079997
0.3268704000491168
0.4242862872293302
0.32685276796588414
0.3268526932079997
0.32687102235128707
0.32685331551016994
0.32687102235128707
0.3268774635653968
0.3268526932079997
0.34656731536106544
0.32685276796588414
0.32685276796588414
0.32685276796588414
0.3268526932079997
0.3268704000491168
0.32685276796588414
0.3268703252912324
0.3268703252912324
0.3268526932079997
0.3268704000491168
0.3268704000491168
0.32685331551016994
0.3268526932079997
0.3268526932079997
0.32685276796588414
0.32685331551016994
0.3268526932079997
0.3268526932079997
0.3268950956486295
0.3268773888075124
0.32687102235128707
0.3268533902680544
0.3269108906725303
0.3268703252912324
0.3268526932079997
0.32685276796588414
0.3268526932079997
0.3268780111096826
0.32685276796588414
0.32687808586756706
0.3268703252912324
0.3268703252912324
0.3268774635653968
0.32685331551016994
0.3268533902680544
0.3268526932079997
0.3268709475934026
0.3268704000491168
0.3268526932079997
0.3268774635653968
0.3268526932079997
0.32685276796588414
0.32685276796588414
0.3268780111096826
0.32685276796588414
0.32685276796588414
0.3268533902680544
0.3268780111096826
0.3268526932079997
0.3268704000491168
0.3283978191948042
0.32685276796588414
0.3268704000491168
0.32689502089074507
0.32685276796588414
0.3268703252912324
0.32692921981581774
0.3268703252912324
0.32685276796588414
0.32689502089074507
0.3268709475934026
0.32685276796588414
0.32685276796588414
0.3268704000491168
0.3268950956486295
0.3292523400739998
0.3268709475934026
0.3268526932079997
0.3268774635653968
0.3268704000491168
0.32685276796588414
0.32685276796588414
0.3268526932079997
0.3268703252912324
0.3268526932079997
0.32687102235128707
0.32685276796588414
0.3268774635653968
0.3268709475934026
0.3268526932079997
0.32687102235128707
0.3268526932079997
0.3268773888075124
0.32685276796588414
0.3268703252912324
0.3268709475934026
0.3268526932079997
0.3268709475934026
0.3268526932079997
0.3268774635653968
0.32685331551016994
0.3268703252912324
0.3268533902680544
0.3268950956486295
0.32685331551016994
0.3268526932079997
0.3268533902680544
0.32685276796588414
0.3268704000491168
0.32685276796588414
0.32692921981581774
0.32685331551016994
0.3268709475934026
0.32685276796588414
0.32685276796588414
0.32685331551016994
0.3465497580357172
0.32685276796588414
0.3268709475934026
0.3268526932079997
0.3268774635653968
0.3268526932079997
0.3268704000491168
0.3268780111096826
0.3268773888075124
0.32685276796588414
0.3268774635653968
0.3268526932079997
0.32687102235128707
0.7957888241174149
0.3268526932079997
0.32695384065744604
0.32687102235128707
0.3268956431929153
0.3268703252912324
0.3268526932079997
0.3268526932079997
0.32923470799076704
0.3268703252912324
0.3268704000491168
0.32685276796588414
0.32691151297470056
0.32685331551016994
0.32685276796588414
0.32685331551016994
0.3268774635653968
0.3268526932079997
0.3268774635653968
0.3268703252912324
0.3268526932079997
0.3268773888075124
0.3268704000491168
0.32685276796588414
0.3268704000491168
0.32685276796588414
0.3268526932079997
0.32687808586756706
0.3268526932079997
0.3268526932079997
0.3268773888075124
0.32689502089074507
0.3268704000491168
0.3268704000491168
0.3268704000491168
0.3268709475934026
0.3283978191948042
0.32685276796588414
0.32685331551016994
0.32685276796588414
0.3268703252912324
0.3268703252912324
0.3268709475934026
0.3268773888075124
0.3268703252912324
0.3268703252912324
0.3268533902680544
0.32685276796588414
0.3268703252912324
0.3268704000491168
0.3268709475934026
0.32685276796588414
0.32687102235128707
0.3268703252912324
0.3268704000491168
0.32685276796588414
0.32685276796588414
0.32685276796588414
0.32685331551016994
0.3268526932079997
0.32693628333209773
0.3268774635653968
0.3268533902680544
0.3268704000491168
0.3268526932079997
0.3268526932079997
0.32689502089074507
0.3268526932079997
0.32685276796588414
0.32685331551016994
0.3268704000491168
0.32685276796588414
0.32685276796588414
0.3268703252912324
0.3268709475934026
0.3471101149403282
0.3268703252912324
0.32685276796588414
0.3268703252912324
0.5668543518670471
0.3547405085249271
0.32687102235128707
0.3268703252912324
0.3268526932079997
0.32685276796588414
0.3268704000491168
0.32685276796588414
0.32685276796588414
0.3385375471796399
1.4414395809566978
0.32685331551016994
0.3409095509586093
0.3268703252912324
0.3268703252912324
0.3278401803164842
0.32922477174485354
0.3268533902680544
0.3268526932079997
0.3268526932079997
0.3268526932079997
0.3268709475934026
0.3283985300784361
0.33853762193752435
0.3268703252912324
0.32685276796588414
0.32685331551016994
0.32687808586756706
1.211674011540012
0.3268709475934026
0.3268704000491168
0.32685276796588414
0.32685276796588414
0.32685276796588414
0.3268533902680544
0.3268773888075124
0.3268526932079997
1.4414406550323204
0.3268526932079997
0.3268526932079997
0.3269108906725303
0.3268956431929153
0.3268526932079997
0.3268704000491168
0.5239515014104698
0.32685276796588414
0.3268703252912324
0.3268704000491168
0.32685276796588414
0.32685276796588414
0.3268709475934026
0.3268703252912324
0.35474764679909154
0.32685331551016994
0.3268526932079997
0.3268773888075124
0.32685331551016994
0.3268703252912324
0.3268774635653968
0.3268526932079997
0.36685830762199445
0.3268526932079997
0.3381294323199697
0.3268950956486295
0.32685276796588414
0.32685331551016994
0.32685276796588414
0.32689502089074507
0.3268703252912324
0.5239048928593155
0.3268526932079997
0.3268703252912324
0.3268773888075124
0.3268526932079997
0.3268704000491168
0.3268526932079997
0.8913204808390547
0.3268774635653968
0.3268526932079997
0.3268526932079997
0.3268526932079997
0.3268526932079997
0.3268703252912324
0.32685331551016994
0.3268704000491168
0.3268533902680544
0.3268709475934026
0.32687808586756706
0.32685331551016994
0.3268703252912324
0.5719158046957988
0.3268703252912324
0.3268709475934026
0.3268526932079997
0.32685276796588414
0.32689502089074507
0.3268526932079997
0.32687102235128707
0.3285886732442594
0.3268526932079997
0.32687102235128707
0.32687102235128707
0.3278408773765389
0.3268704000491168
0.3268526932079997
0.3547228764416944
0.32685276796588414
0.3268526932079997
0.3268526932079997
0.32685331551016994
0.3268703252912324
0.32685276796588414
0.3268704000491168
0.3268526932079997
0.32685276796588414
0.5535693516042208
0.32693566102992744
0.3268704000491168
0.3268533902680544
0.3268526932079997
0.32687102235128707
0.32692852275576306
0.3268709475934026
0.3268709475934026
0.3268526932079997
0.3268533902680544
0.32687102235128707
0.3268526932079997
1.4414405447400374
0.3268526932079997
0.32788313030139987
0.32685276796588414
0.3268704000491168
0.32685331551016994
0.3268704000491168
0.3268709475934026
0.3268526932079997
0.32685276796588414
0.3268773888075124
0.3268709475934026
0.3268526932079997
0.3268526932079997
0.45490671367560126
0.3268704000491168
0.32685331551016994
0.5239515014104698
0.3268709475934026
0.3268704000491168
0.3268526932079997
0.3268704000491168
0.32922477174485354
0.3268773888075124
0.3268703252912324
0.35472295119957886
0.3268526932079997
0.3268704000491168
0.3268703252912324
0.3268773888075124
0.3268533902680544
0.3268533902680544
0.32685276796588414
0.3268704000491168
0.3268526932079997
0.3268703252912324
0.3268526932079997
0.32691096543041476
0.32685276796588414
0.32691096543041476
0.3268533902680544
0.3268950956486295
0.3268780111096826
0.3268526932079997
0.3268773888075124
0.32689571795079975
0.32685276796588414
0.32685276796588414
0.3268526932079997
0.32685276796588414
0.32685331551016994
0.32685331551016994
0.32695321835527574
0.3268703252912324
0.3268526932079997
0.32687102235128707
0.3268533902680544
0.32685331551016994
0.3268703252912324
0.3268703252912324
0.3268533902680544
0.32685276796588414
0.3268704000491168
0.7957641285179022
0.3268703252912324
0.32685276796588414
0.3268526932079997
0.32685276796588414
0.32685331551016994
0.3268709475934026
0.3268703252912324
0.3268526932079997
0.3268526932079997
0.3268774635653968
0.3268526932079997
0.3268773888075124
0.3268526932079997
0.3268703252912324
0.3268526932079997
0.3268533902680544
0.3268773888075124
0.32685276796588414
0.3268704000491168
0.3268703252912324
0.3268704000491168
0.32692921981581774
0.3268704000491168
0.3268526932079997
0.32685276796588414
0.3268703252912324
0.32687102235128707
0.32685276796588414
0.32685276796588414
0.32685276796588414
0.32685276796588414
0.3547235735017491
0.32687102235128707
0.32685331551016994
0.32685276796588414
0.3268956431929153
0.3268703252912324
0.3268703252912324
0.3268773888075124
0.3268703252912324
0.3268526932079997
0.3268956431929153
0.3268533902680544
0.3268703252912324
0.32685276796588414
0.3268780111096826
0.33853762193752435
0.3268703252912324
0.32685276796588414
0.3268526932079997
0.32922477174485354
0.32685276796588414
0.3268533902680544
0.32685276796588414
0.32687808586756706
0.3268704000491168
0.3268526932079997
0.32685276796588414
0.3268526932079997
0.3268526932079997
0.3268703252912324
0.3268704000491168
0.3268709475934026
0.32685276796588414
0.3268773888075124
0.3268526932079997
0.32685276796588414
0.3268526932079997
0.3268703252912324
1.4414505322587012
0.3268703252912324
0.3268703252912324
0.3268703252912324
0.3268704000491168
0.32685276796588414
0.32685276796588414
0.3268773888075124
0.3268526932079997
0.3268526932079997
0.3268774635653968
0.748078947482602
0.35474058328281155
0.3268704000491168
0.33856353309944526
0.3268533902680544
0.3268709475934026
0.3268703252912324
0.3268526932079997
0.3268526932079997
0.3268526932079997
0.32685331551016994
0.32685276796588414
0.32693566102992744
0.3268526932079997
0.3465845693041081
0.32691151297470056
0.3268703252912324
0.32685276796588414
0.3268703252912324
0.3268703252912324
0.3268773888075124
0.3268950956486295
0.3268526932079997
0.3268703252912324
0.3268526932079997
0.3268950956486295
0.3268526932079997
0.3268526932079997
0.3268703252912324
0.34656731536106544
1.4414410764371075
0.32685276796588414
0.3268703252912324
0.3268703252912324
0.32685276796588414
0.3268956431929153
0.3268533902680544
0.3268526932079997
0.3268704000491168
0.3268703252912324
0.3268709475934026
0.32685276796588414
0.32685276796588414
0.3268709475934026
0.3268704000491168
0.3268526932079997
0.3268773888075124
0.3268526932079997
0.32685276796588414
0.3268709475934026
0.3268526932079997
0.32685331551016994
0.3268704000491168
0.3268709475934026
0.3268526932079997
0.3268526932079997
0.3268526932079997
0.3268526932079997
0.32685276796588414
0.3268780111096826
0.32685331551016994
0.32689502089074507
0.3283978191948042
0.3268956431929153
0.3268526932079997
0.3268704000491168
0.3268526932079997
0.3268533902680544
0.32685331551016994
0.32685331551016994
0.3268704000491168
0.3268703252912324
0.3268526932079997
0.32685276796588414
0.32685276796588414
0.3268773888075124
0.32685276796588414
0.3268704000491168
0.3268773888075124
0.3268773888075124
0.3268704000491168
0.3268533902680544
0.3268704000491168
0.3268526932079997
0.3268709475934026
0.3268703252912324
0.3268709475934026
0.3268703252912324
0.3268709475934026
0.32687808586756706
0.3268703252912324
0.3268956431929153
0.3268704000491168
0.32685276796588414
0.34712774702356086
0.32685276796588414
0.3268703252912324
0.3268526932079997
0.32689502089074507
0.3268773888075124
0.3268526932079997
0.32687102235128707
0.3268704000491168
0.3268773888075124
0.32685331551016994
0.3268526932079997
0.5668540055745103
0.3268950956486295
0.32685276796588414
0.32685276796588414
0.3268704000491168
0.3268780111096826
0.3268526932079997
0.32689502089074507
0.3268703252912324
0.3268526932079997
0.3268703252912324
0.3268526932079997
0.32687102235128707
0.3471101149403282
0.3268526932079997
0.32685276796588414
0.3268703252912324
0.3268703252912324
0.3268773888075124
0.3465845693041081
0.32685276796588414
0.32685276796588414
0.3268703252912324
0.3268526932079997
0.3268704000491168
0.3268774635653968
0.3268703252912324
0.3268704000491168
0.3268780111096826
0.3268526932079997
0.3268774635653968
0.3268703252912324
0.3268704000491168
0.3268526932079997
0.32687102235128707
0.3269291450579333
0.3268704000491168
0.32685276796588414
0.3268526932079997
0.32685276796588414
0.3268533902680544
0.32687102235128707
0.3268526932079997
0.32685276796588414
0.32687102235128707
0.3268774635653968
0.3268703252912324
0.3268526932079997
0.3268703252912324
0.32685276796588414
0.3268703252912324
0.3465490609756625
0.3268703252912324
0.3268780111096826
0.32685276796588414
0.3268526932079997
0.3268703252912324
0.32685331551016994
0.3268526932079997
0.3268526932079997
0.3268533902680544
0.3268533902680544
0.3268526932079997
0.3268703252912324
0.32691096543041476
0.3268526932079997
0.3268780111096826
0.32685331551016994
0.3297732462949148
0.3268533902680544
0.3268956431929153
0.3268526932079997
0.3268950956486295
0.3268950956486295
0.3385375471796399
0.3268703252912324
0.3268526932079997
0.32689502089074507
0.9505618666781996
0.3268526932079997
0.3268703252912324
0.3268526932079997
0.32685276796588414
0.32685331551016994
0.32685331551016994
0.3268703252912324
0.3268526932079997
0.3268950956486295
0.32685276796588414
0.3268704000491168
0.34656731536106544
1.4414395809566978
0.3268703252912324
0.3268703252912324
0.3268704000491168
0.3268704000491168
0.32685276796588414
0.3268956431929153
0.3268526932079997
0.32685331551016994
0.32685276796588414
0.3268526932079997
0.32685331551016994
0.32687102235128707
0.3268703252912324
0.3268703252912324
0.3268526932079997
0.32685331551016994
0.3471101149403282
0.32685331551016994
0.32685331551016994
0.32685331551016994
0.3268709475934026
0.32687808586756706
0.3268533902680544
0.364642169417285
0.3268526932079997
0.3268526932079997
0.3268526932079997
0.3268773888075124
0.3268526932079997
0.32685276796588414
0.3268703252912324
0.3268703252912324
0.3268774635653968
0.3268709475934026
0.3268703252912324
0.32685276796588414
0.3268704000491168
0.32685276796588414
0.32689502089074507
0.3268709475934026
0.32839923586725006
0.3268709475934026
0.3268526932079997
0.32687102235128707
0.32685276796588414
0.32922477174485354
0.3268950956486295
0.3268526932079997
0.3268703252912324
0.32685331551016994
0.3268526932079997
0.3268709475934026
0.32685331551016994
0.3268703252912324
0.32685276796588414
0.3268526932079997
0.32685276796588414
0.32687102235128707
0.3268526932079997
0.3268526932079997
0.32689502089074507
0.34660733319807757
0.32685276796588414
0.3268703252912324
0.3268533902680544
0.32685331551016994
0.3268526932079997
0.32685276796588414
0.3268526932079997
0.32685276796588414
0.32685331551016994
0.3268703252912324
0.32786549821816713
0.3268703252912324
0.32685331551016994
0.3268950956486295
0.3268704000491168
0.32685331551016994
0.3268526932079997
0.3268526932079997
0.3268526932079997
0.5241670528546767
0.3268704000491168
0.3514291313310487
0.3268773888075124
0.32685276796588414
0.3268780111096826
0.3268704000491168
0.32685276796588414
0.3268703252912324
0.3268533902680544
0.3268703252912324
0.3268703252912324
0.3268703252912324
0.3268703252912324
0.3268950956486295
0.3268703252912324
0.32685276796588414
0.3268533902680544
0.3268703252912324
0.3269108906725303
0.3268773888075124
0.3268950956486295
0.32687808586756706
0.32685276796588414
0.3268526932079997
0.32685331551016994
0.3268533902680544
0.7973578273227157
0.3268533902680544
0.32693566102992744
