0.3268533902680544
0.3268526932079997
0.3268526932079997
0.32685331551016994
0.32685331551016994
0.3547412055849818
0.32685276796588414
0.7957641285179022
0.32685331551016994
0.3268703252912324
0.3268526932079997
0.3268773888075124
0.3268526932079997
0.3268526932079997
0.3268526932079997
0.32685276796588414
0.32685276796588414
0.3268526932079997
0.3268526932079997
0.32685276796588414
0.3268533902680544
0.3268533902680544
0.3268533902680544
0.3268526932079997
0.32685276796588414
0.33813127018454825
0.3646415013991626
0.32685276796588414
0.32685331551016994
0.32685331551016994
0.3268709475934026
0.32685331551016994
0.32685276796588414
0.3268533902680544
0.32685276796588414
0.8912250209908006
0.32685276796588414
0.32685276796588414
0.32685276796588414
0.32685276796588414
0.3268533902680544
0.32685331551016994
0.3268533902680544
0.3268526932079997
0.32685331551016994
0.3268526932079997
0.3268533902680544
0.32685276796588414
0.32685331551016994
0.3268526932079997
0.3381299798642556
0.3268526932079997
0.32685331551016994
0.32685276796588414
0.32685331551016994
0.3268526932079997
0.3268533902680544
0.3268533902680544
0.3268526932079997
0.32685276796588414
0.32685331551016994
0.32685331551016994
0.3268533902680544
0.326935586272043
0.32685276796588414
0.32685331551016994
0.3268709475934026
0.3268533902680544
0.3268703252912324
0.32685331551016994
0.3268526932079997
0.3268526932079997
0.32685331551016994
0.3289574208986534
1.4414505322587012
0.35472349874386466
0.32685276796588414
0.7957640537600177
0.3268533902680544
1.4414501097169305
0.3268526932079997
0.32685276796588414
0.3268526932079997
0.32687102235128707
0.32685276796588414
0.3268533902680544
0.32685276796588414
0.32685331551016994
0.34711081200038285
0.32685276796588414
0.32685276796588414
0.3268533902680544
0.32685331551016994
0.3268526932079997
0.3547228764416944
0.32685276796588414
0.3268526932079997
0.32685276796588414
0.5668293099749976
0.32685331551016994
0.32685331551016994
0.5238745103502453
0.32685331551016994
0.3268526932079997
0.3268533902680544
0.32685331551016994
0.7958331083609
0.3268526932079997
0.3268533902680544
0.32685331551016994
0.3268526932079997
0.3268533902680544
0.3268526932079997
0.32685276796588414
0.3268526932079997
0.32685276796588414
0.32685331551016994
0.32685276796588414
0.32685276796588414
0.32685276796588414
0.3268526932079997
0.3268526932079997
0.32977394335496946
0.32685276796588414
0.32692852275576306
0.3268526932079997
0.32685276796588414
0.3268526932079997
0.32685331551016994
0.32685331551016994
0.32685276796588414
0.3268533902680544
0.3268533902680544
0.32741444423272004
0.32685276796588414
0.3268526932079997
0.3268526932079997
0.3268526932079997
1.4414405447400374
0.3268533902680544
0.3268533902680544
0.32685276796588414
0.3268526932079997
0.3268780111096826
0.3285787369983459
0.3268533902680544
0.3268526932079997
0.32685276796588414
0.32685331551016994
0.32685331551016994
0.32685331551016994
0.7888049491080744
0.3268533902680544
0.32685276796588414
0.32685331551016994
0.3268533902680544
0.3268526932079997
0.3268526932079997
0.32685331551016994
0.32685331551016994
0.32685331551016994
0.32685331551016994
0.32685276796588414
0.32685331551016994
0.3268533902680544
0.3268704000491168
0.32685276796588414
0.32685276796588414
0.32685276796588414
0.32685276796588414
0.32685276796588414
0.3268533902680544
0.3268533902680544
0.3268533902680544
0.32685276796588414
0.3268526932079997
0.3268533902680544
0.3471101896982126
0.32685276796588414
0.3268533902680544
0.3268533902680544
0.32685331551016994
0.3268526932079997
0.3268533902680544
0.3268526932079997
0.3268774635653968
0.32685276796588414
0.3278401803164842
0.32685276796588414
0.32685276796588414
0.3268533902680544
0.3268533902680544
0.3268526932079997
0.32685276796588414
0.3268533902680544
0.3268533902680544
0.3268533902680544
0.32685331551016994
0.3268533902680544
0.32685276796588414
0.3268526932079997
0.3268526932079997
0.3268533902680544
0.32685331551016994
0.32685276796588414
0.3268526932079997
0.32685331551016994
0.3268526932079997
0.3268709475934026
0.32685331551016994
0.3268533902680544
0.3268533902680544
0.32685331551016994
0.32685331551016994
0.3268533902680544
0.32685276796588414
0.3268533902680544
0.32685276796588414
0.3268704000491168
0.3268533902680544
0.3268526932079997
0.3268533902680544
0.32784025507436865
0.32685276796588414
0.32685276796588414
0.32685276796588414
0.3268526932079997
0.3268533902680544
0.32685276796588414
0.32685331551016994
0.3268533902680544
0.3268526932079997
0.3268526932079997
0.3268533902680544
0.32685276796588414
0.3278408773765389
0.32784080261865445
0.3268533902680544
0.32685276796588414
0.3268526932079997
0.32685331551016994
0.32685276796588414
0.3268533902680544
0.3268526932079997
0.32685331551016994
0.3268774635653968
0.3268780111096826
0.32685276796588414
0.3381294323199697
0.32685276796588414
0.32685276796588414
0.32685331551016994
0.3268703252912324
0.3268533902680544
0.3268526932079997
0.3268533902680544
0.3268526932079997
0.32687102235128707
0.3268703252912324
0.32685331551016994
0.3268533902680544
0.3268533902680544
0.3268533902680544
0.32685331551016994
0.5239048928593155
0.3268533902680544
0.32786557297605157
0.3268774635653968
0.32685276796588414
0.3268533902680544
0.32685331551016994
0.32685331551016994
0.32685331551016994
0.3268533902680544
0.3268526932079997
0.3268533902680544
0.32685276796588414
0.32685331551016994
0.3268533902680544
0.3268526932079997
0.7957640537600177
0.3268526932079997
0.3268533902680544
0.32685276796588414
0.3268780111096826
0.3268533902680544
0.32685276796588414
0.32685276796588414
0.3268533902680544
0.32685276796588414
0.32685331551016994
0.32685276796588414
0.3268526932079997
0.32685276796588414
0.3268533902680544
0.32685276796588414
0.3268533902680544
0.32685276796588414
0.3268533902680544
0.32685276796588414
1.4414395809566978
0.3268774635653968
0.32685276796588414
0.3268526932079997
0.3268533902680544
0.3268533902680544
0.32685276796588414
0.32685276796588414
1.4414510735002701
0.32685331551016994
0.32685276796588414
0.32685276796588414
0.3268709475934026
0.32685276796588414
0.32685276796588414
0.3268526932079997
0.3268703252912324
0.3268773888075124
0.3268709475934026
0.32687102235128707
0.32685331551016994
0.32685276796588414
0.3268533902680544
0.3268526932079997
0.32685276796588414
0.32685331551016994
0.32685331551016994
0.32784025507436865
0.32685331551016994
0.32685276796588414
0.3268533902680544
0.32685276796588414
0.32685276796588414
0.3268526932079997
0.32685276796588414
0.32687102235128707
0.32685276796588414
0.32685276796588414
0.3268533902680544
0.3268526932079997
0.32685276796588414
0.3268533902680544
0.32685276796588414
0.3268526932079997
0.3268526932079997
0.3268709475934026
0.32685276796588414
0.3268526932079997
0.32685276796588414
0.3268526932079997
0.32691096543041476
0.32685276796588414
0.3274138219305498
0.32685331551016994
0.3268533902680544
1.4414505322587012
0.32685276796588414
0.3268526932079997
0.3268526932079997
0.3268526932079997
0.3268533902680544
0.3268704000491168
0.32685276796588414
0.32685276796588414
0.32685331551016994
0.32685276796588414
0.3268526932079997
0.32685276796588414
0.3268526932079997
0.3268526932079997
0.3268526932079997
0.32839844149697445
0.3268533902680544
0.3268533902680544
0.32685276796588414
0.32685331551016994
0.32685276796588414
0.3268533902680544
0.35474819434337734
0.3268526932079997
0.3268526932079997
0.32685276796588414
0.3268526932079997
0.3268533902680544
0.3268533902680544
0.3268533902680544
0.3268533902680544
0.3285962943236942
0.3268526932079997
0.32685331551016994
0.3268533902680544
0.3268526932079997
0.3268780111096826
0.3268533902680544
0.32685276796588414
0.3285887480021438
0.32685331551016994
0.32685276796588414
0.32685276796588414
0.32685276796588414
0.3268533902680544
0.3268526932079997
0.3268526932079997
0.32685276796588414
0.32685276796588414
0.32685331551016994
0.32687808586756706
0.32685276796588414
0.3268533902680544
0.3268526932079997
0.3268526932079997
0.32685276796588414
0.3268533902680544
0.3268526932079997
0.32685331551016994
0.3268533902680544
0.32687102235128707
0.32685331551016994
0.3268533902680544
0.7957372607177207
0.9504584860621205
0.32685276796588414
0.3268774635653968
0.32685331551016994
0.32685276796588414
0.32685276796588414
0.3268533902680544
0.32685276796588414
0.32685331551016994
0.32685331551016994
0.3268533902680544
0.32685276796588414
0.3268526932079997
0.32685276796588414
0.3268533902680544
0.3268526932079997
0.32685276796588414
0.32685331551016994
0.3268533902680544
0.32687102235128707
0.32685331551016994
0.32685331551016994
0.3268533902680544
0.32685276796588414
0.3385382442396946
0.3268526932079997
0.3268533902680544
0.3268533902680544
0.32685276796588414
0.3268526932079997
0.3268526932079997
0.32685276796588414
0.32685331551016994
0.3268526932079997
0.32685276796588414
0.32685276796588414
0.32685276796588414
0.3268526932079997
0.32685276796588414
0.5239049676172
0.3268533902680544
0.3268526932079997
0.9504584860621205
0.3268526932079997
0.3268533902680544
0.32685276796588414
0.3268533902680544
0.3268526932079997
0.3269108906725303
0.32685276796588414
1.4414405436030535
0.32685331551016994
0.3274138219305498
0.32685276796588414
0.3268533902680544
0.3268526932079997
0.32685276796588414
0.3268526932079997
0.3268526932079997
0.3268526932079997
0.32685276796588414
0.3268533902680544
0.32685276796588414
0.32685276796588414
0.32687102235128707
0.3268709475934026
0.3268703252912324
0.3268526932079997
0.32685331551016994
0.32685331551016994
0.3268533902680544
0.3268703252912324
0.3268709475934026
0.3268526932079997
0.3268533902680544
0.3268703252912324
0.3268526932079997
0.3268533902680544
0.3268533902680544
0.32685331551016994
0.3268533902680544
0.32685331551016994
0.32685276796588414
0.32685276796588414
0.32685276796588414
0.32685331551016994
0.32685331551016994
0.32685331551016994
0.32685276796588414
0.3268533902680544
0.32685331551016994
0.32685331551016994
0.3268533902680544
0.3268533902680544
0.32685276796588414
0.3268526932079997
0.3268533902680544
0.32685331551016994
0.3268533902680544
0.3268526932079997
0.32685276796588414
0.3268526932079997
0.3268526932079997
0.32685276796588414
0.32685331551016994
0.3268704000491168
0.32685276796588414
0.3268533902680544
0.3268533902680544
1.4414501097169305
0.3268533902680544
0.32685276796588414
0.32685276796588414
0.32685276796588414
0.32685276796588414
0.32685276796588414
0.3268709475934026
0.3268533902680544
0.32685331551016994
0.3268533902680544
0.3268533902680544
0.3268533902680544
0.3268704000491168
0.32685276796588414
0.3268526932079997
0.32687808586756706
0.32685276796588414
0.3268533902680544
0.32691096543041476
0.3268526932079997
0.32685331551016994
0.35472349874386466
0.32685276796588414
0.32685331551016994
0.3268704000491168
0.32687102235128707
0.32685331551016994
0.32685331551016994
0.32685331551016994
0.3268533902680544
0.32685331551016994
0.3268533902680544
0.32685276796588414
0.3268533902680544
0.32685331551016994
0.3268533902680544
0.32685276796588414
0.3268533902680544
0.32685276796588414
0.32685276796588414
0.3268526932079997
0.32685276796588414
0.3268533902680544
0.32691151297470056
0.32685276796588414
0.32685331551016994
0.3268533902680544
0.32857866224046145
0.3268533902680544
0.3268533902680544
0.32685276796588414
0.32685331551016994
0.3268526932079997
0.32685331551016994
0.3268526932079997
0.3268533902680544
0.3268774635653968
0.32685276796588414
0.32685276796588414
0.3268526932079997
0.32685331551016994
0.32685276796588414
0.3268526932079997
0.32685276796588414
0.32685276796588414
0.3268533902680544
0.3268533902680544
0.32685276796588414
0.32685276796588414
0.3268533902680544
0.3268533902680544
0.3268526932079997
0.3268526932079997
0.32687102235128707
0.3289574208986534
0.3268533902680544
0.32685331551016994
0.32685276796588414
0.32685331551016994
0.32685331551016994
0.3268533902680544
0.3268526932079997
0.32685331551016994
0.32685276796588414
0.32685276796588414
0.32685331551016994
0.32685276796588414
0.32685331551016994
0.3268709475934026
0.32685331551016994
0.3268533902680544
0.3268526932079997
0.32685331551016994
0.32685276796588414
0.3268526932079997
0.34654913573354695
0.32685276796588414
0.3268533902680544
0.3268526932079997
0.32685331551016994
0.32685276796588414
0.3268526932079997
0.32685276796588414
0.32685331551016994
0.3268533902680544
0.3268533902680544
0.3268526932079997
0.3268526932079997
0.3268526932079997
0.32685276796588414
0.32685331551016994
0.32685331551016994
0.3268533902680544
0.32685331551016994
0.32687808586756706
0.32685331551016994
0.32685276796588414
0.3268533902680544
0.32685276796588414
0.3268533902680544
0.32685276796588414
0.32685276796588414
0.32685276796588414
0.3268526932079997
0.3268526932079997
0.3283978191948042
0.3268526932079997
0.32685331551016994
0.32685276796588414
0.32685276796588414
0.32685331551016994
0.32685276796588414
0.3268526932079997
0.3268533902680544
0.3268526932079997
0.32685276796588414
0.32685276796588414
0.3268533902680544
0.32685331551016994
0.3268526932079997
0.32685276796588414
0.32687102235128707
0.3268533902680544
0.32685276796588414
0.32685331551016994
0.32685276796588414
0.3268533902680544
0.32685276796588414
0.3268533902680544
0.3268526932079997
0.32685276796588414
0.32685276796588414
0.32685331551016994
0.3268533902680544
0.3268526932079997
0.3268526932079997
0.32687102235128707
0.3268533902680544
0.32685331551016994
0.32685331551016994
0.32685331551016994
0.32685276796588414
0.32685331551016994
0.32685276796588414
0.32685331551016994
0.32685331551016994
0.3268533902680544
0.32685331551016994
0.32685331551016994
0.3268526932079997
0.32685276796588414
0.3268533902680544
0.3268526932079997
0.32685276796588414
0.3268533902680544
0.32685276796588414
0.3268526932079997
0.32685331551016994
0.3268526932079997
0.32685331551016994
0.3268533902680544
0.32685331551016994
0.32685331551016994
0.3268526932079997
0.3268526932079997
0.3268526932079997
0.32685331551016994
0.3268526932079997
0.32685276796588414
0.32685331551016994
0.3268533902680544
0.3268533902680544
0.3268533902680544
0.32685276796588414
0.3268526932079997
0.32685276796588414
0.32685331551016994
0.7957640537600177
0.32685331551016994
0.3268526932079997
0.3268533902680544
0.3268526932079997
0.3268526932079997
0.32685331551016994
0.32685331551016994
0.32685276796588414
0.32685331551016994
0.32685331551016994
0.3268526932079997
0.32685276796588414
0.3268526932079997
0.32685276796588414
0.32685276796588414
0.32685331551016994
0.32685331551016994
0.32685331551016994
0.3268533902680544
0.3268533902680544
0.3268526932079997
0.32685276796588414
0.3268526932079997
0.3646408790969924
0.32685276796588414
0.32685331551016994
0.3268533902680544
0.3268704000491168
0.32685276796588414
0.3268533902680544
0.5668306098571383
0.32685276796588414
0.32685331551016994
0.951026691611804
0.8912329417586258
0.3268533902680544
0.3268533902680544
0.32841529444306256
0.3268533902680544
0.32685331551016994
0.3268533902680544
0.3268533902680544
0.32685276796588414
0.3268533902680544
0.32685276796588414
0.3268526932079997
0.32685331551016994
0.32685331551016994
0.32685276796588414
0.32685276796588414
0.3297733210527992
0.3268526932079997
0.32685276796588414
0.3268533902680544
0.3268526932079997
0.3268526932079997
0.3268533902680544
0.3268526932079997
0.7957887493595304
0.3268526932079997
0.3268533902680544
0.32685276796588414
0.3268533902680544
0.3268526932079997
0.3268533902680544
0.3268533902680544
0.32685331551016994
0.3268533902680544
0.3268533902680544
0.32685331551016994
0.32685276796588414
0.3268533902680544
0.32685276796588414
0.32685276796588414
0.3268533902680544
0.3268703252912324
0.3268533902680544
0.32685331551016994
0.7957372607177207
0.32685276796588414
0.32685331551016994
0.3268533902680544
0.3268533902680544
0.32685331551016994
0.3268526932079997
0.3268533902680544
0.3268526932079997
0.32685276796588414
0.32685276796588414
0.32685331551016994
0.32685331551016994
0.32685331551016994
0.3268526932079997
0.32784025507436865
0.3268533902680544
0.32685276796588414
0.32685276796588414
0.3268533902680544
0.3268526932079997
0.3268533902680544
0.3268533902680544
0.3268533902680544
0.3268526932079997
0.3268533902680544
0.32685331551016994
0.32685331551016994
0.3268533902680544
0.32685331551016994
0.3268526932079997
0.3268780111096826
0.32687808586756706
0.3268533902680544
0.3268709475934026
0.32685276796588414
0.32685276796588414
0.32685331551016994
0.3268774635653968
0.3268533902680544
0.3268533902680544
0.32923470799076704
0.32685276796588414
0.3268526932079997
0.3268533902680544
0.32685331551016994
0.3268533902680544
0.32685276796588414
0.3268533902680544
0.3268533902680544
0.3268526932079997
0.3268533902680544
0.32685331551016994
0.32685331551016994
0.3268526932079997
0.3268533902680544
0.32685276796588414
0.3268526932079997
0.3268526932079997
0.32685276796588414
0.32685276796588414
0.3268533902680544
0.3268533902680544
0.3268526932079997
0.32685276796588414
0.3268533902680544
0.3268526932079997
0.3268533902680544
0.3268773888075124
0.3268533902680544
0.32685276796588414
0.32685331551016994
0.3268533902680544
0.32685331551016994
0.9504673604195495
0.3268533902680544
0.3268526932079997
0.32685276796588414
0.3385375471796399
0.32685331551016994
0.32685276796588414
0.32685331551016994
0.3268526932079997
0.3268526932079997
0.32685331551016994
0.3268533902680544
0.32685276796588414
0.32685331551016994
0.32685331551016994
0.32685331551016994
0.3547228764416944
0.32685276796588414
0.32685331551016994
0.3268526932079997
0.32685276796588414
0.3268526932079997
0.32685331551016994
0.3268533902680544
0.3268526932079997
0.32685276796588414
0.32685331551016994
0.3268703252912324
0.32685276796588414
0.32685276796588414
0.3268703252912324
0.32685331551016994
0.32685331551016994
0.3268533902680544
0.3268709475934026
0.3268526932079997
0.32685276796588414
0.3268533902680544
0.3268533902680544
0.3268533902680544
0.3268533902680544
0.32685331551016994
0.3278401803164842
0.3268533902680544
0.3268533902680544
0.3268533902680544
0.32685276796588414
0.3268526932079997
0.32685331551016994
0.32685331551016994
0.32685276796588414
0.32685276796588414
0.3268526932079997
0.3268526932079997
0.3268526932079997
0.3268533902680544
0.32685331551016994
0.3268526932079997
0.3268533902680544
0.3268526932079997
0.8912329417586258
0.32685331551016994
0.3268533902680544
0.3268773888075124
0.32685276796588414
0.3268533902680544
0.32685331551016994
0.32685331551016994
0.3268526932079997
0.32685331551016994
0.3268526932079997
0.3268533902680544
0.3268533902680544
0.3268533902680544
0.3268526932079997
0.32685331551016994
0.32685276796588414
0.32685331551016994
0.32685276796588414
0.3268526932079997
0.32685276796588414
0.32685276796588414
0.3268709475934026
0.3268533902680544
0.3268526932079997
0.3268533902680544
0.32685276796588414
0.32685276796588414
0.32685276796588414
0.32685276796588414
0.32685331551016994
0.3268526932079997
0.32685276796588414
0.32687102235128707
0.32685331551016994
0.3268533902680544
0.32685276796588414
0.32685331551016994
0.32685331551016994
0.3268526932079997
0.7957372607177207
0.3268773888075124
0.3268704000491168
0.32685276796588414
0.8912329417586258
0.32685331551016994
0.32685276796588414
0.32685276796588414
0.32685276796588414
0.3268533902680544
0.3268526932079997
0.3268526932079997
0.3268533902680544
0.32685331551016994
0.32685276796588414
0.3268526932079997
0.3268533902680544
0.32685276796588414
0.32687808586756706
0.32685331551016994
