0.3268526932079997
0.3268526932079997
0.3268533902680544
0.3268703252912324
0.3268526932079997
0.32685276796588414
0.32685276796588414
0.3268773888075124
0.3268703252912324
0.32979087837814747
2.1366487627908177
0.3268526932079997
0.3268703252912324
0.32685276796588414
0.3268526932079997
1.4414395809566978
0.3268773888075124
0.3268704000491168
0.3268709475934026
0.3274385175300625
0.3268704000491168
0.5242272634084331
0.3268526932079997
0.3268709475934026
0.32685276796588414
0.3268704000491168
0.3268704000491168
0.32685276796588414
0.3268533902680544
0.5668554230048553
0.34656676781677964
0.3268526932079997
0.3268526932079997
0.32685331551016994
0.3268526932079997
0.35472295119957886
0.32685276796588414
0.3268526932079997
0.32685276796588414
0.32685276796588414
1.4196541026693754
0.3268703252912324
0.7968920633117413
0.3268533902680544
0.32685276796588414
0.32685276796588414
0.3268704000491168
0.3268703252912324
0.3292347827486515
0.3297909531360319
0.3385388374999326
0.34712774702356086
0.3268533902680544
0.3268704000491168
0.3268703252912324
0.3268703252912324
0.3286210646810913
0.32685276796588414
0.3268526932079997
0.5239048928593155
0.3269108906725303
0.5668718951777003
0.3268526932079997
0.4244934429141387
0.3268774635653968
0.32685331551016994
0.3465497580357172
0.3268704000491168
0.3268709475934026
0.3268703252912324
0.3268950956486295
0.5239515014104698
0.3297915006803177
0.9317396718328186
0.3268773888075124
0.32899896944425416
0.32685276796588414
0.3284153830245242
0.32685276796588414
0.326935586272043
0.3268703252912324
0.5668801186043679
0.8913274480172759
0.3269108906725303
0.32860638008537657
0.3268704000491168
0.3268703252912324
0.32794132776593055
0.3268704000491168
0.32923470799076704
0.3268950956486295
0.3268703252912324
0.3269532931131602
0.79605922833816
0.36464157615704706
0.3268709475934026
0.3268526932079997
0.3268704000491168
0.32685276796588414
0.32685276796588414
0.3268704000491168
0.3268703252912324
0.3268526932079997
0.7960345327386473
0.32923470799076704
0.3268526932079997
0.32687102235128707
0.3268709475934026
1.4414391584149269
0.7958330336030156
0.3268526932079997
0.8912319881690218
0.32685331551016994
0.5668457821478426
0.3298162710377149
0.3268703252912324
0.3268703252912324
0.3268703252912324
0.3268526932079997
0.3268704000491168
0.3268526932079997
1.4414514960420408
0.3268704000491168
0.3292347827486515
0.3268704000491168
0.3268526932079997
0.32857866224046145
0.3268704000491168
0.32685276796588414
0.3268704000491168
0.34656709405584973
0.3268703252912324
0.3268704000491168
1.5579059221511629
0.3297732462949148
0.32685276796588414
0.3268773888075124
0.3268709475934026
0.3268703252912324
0.32687102235128707
0.32691096543041476
0.3268526932079997
0.3268709475934026
0.3268773888075124
0.3268533902680544
0.3268533902680544
0.3268526932079997
0.32741374717266536
0.3292246969869691
0.8912319881690218
0.3268533902680544
0.32685331551016994
0.3268526932079997
0.3268704000491168
0.42430763785325454
0.3268703252912324
0.3268780111096826
0.3268703252912324
0.3381294323199697
0.3286791873877375
0.3268773888075124
0.3268533902680544
0.3268704000491168
0.3268526932079997
0.35474764679909154
0.3268703252912324
0.3286210646810913
0.3471101149403282
0.32685276796588414
0.3268526932079997
0.3297909531360319
0.3268526932079997
0.3268703252912324
0.3268780111096826
0.3268704000491168
0.3268774635653968
0.3268709475934026
0.364642169417285
0.32689571795079975
0.32689502089074507
0.3268703252912324
0.32689571795079975
0.3292423290702018
0.3268956431929153
0.3268526932079997
0.7957640537600177
0.4242862872293302
0.7960345327386473
0.326911587732585
0.3268704000491168
0.32685276796588414
0.32685276796588414
0.3268704000491168
0.32685331551016994
0.32685331551016994
0.7957372607177207
0.3268533902680544
0.3268703252912324
0.3268709475934026
0.3268704000491168
0.32867926214562193
0.3385375471796399
0.3268703252912324
0.3268950956486295
0.3465673901189499
0.32685276796588414
0.32685276796588414
0.32685276796588414
0.32685276796588414
0.3268533902680544
0.3268703252912324
0.3268704000491168
0.32685276796588414
0.3268704000491168
0.32685276796588414
0.3268773888075124
0.3465666930588952
0.3268526932079997
0.3268950956486295
0.3268526932079997
0.32689502089074507
0.3268774635653968
0.3268526932079997
0.32689502089074507
0.32685276796588414
0.32685276796588414
0.3268703252912324
0.3268526932079997
0.32685276796588414
1.557894970849159
0.3268704000491168
0.3460088255378027
0.3268703252912324
1.4414401221982664
0.3297909531360319
0.3268704000491168
0.3268703252912324
0.3268709475934026
0.3268703252912324
0.3268703252912324
0.8913442228489635
0.3268526932079997
0.34660733319807757
1.4414401221982664
0.35474764679909154
0.3268704000491168
0.32685331551016994
0.3268773888075124
0.3465846578855698
0.5240899870365678
0.3268526932079997
0.3268526932079997
0.32685331551016994
0.3268526932079997
0.3269532931131602
0.5239514266525853
0.3268703252912324
0.32689502089074507
0.32689502089074507
0.32922477174485354
0.35472295119957886
0.3268526932079997
0.32687102235128707
0.3268526932079997
0.32689571795079975
0.3268709475934026
0.3268709475934026
0.3268703252912324
0.3268704000491168
0.32691151297470056
0.3268950956486295
0.3289581317822853
0.3268704000491168
0.3268526932079997
0.3292523400739998
0.3268526932079997
0.8186383900841117
0.326935586272043
0.32685276796588414
0.3547228764416944
0.8666020286358831
0.32691151297470056
0.3385375471796399
0.3268703252912324
0.5668283563853936
0.3268709475934026
0.32691151297470056
0.5238745103502453
0.3268709475934026
0.3268526932079997
0.32685276796588414
0.32685331551016994
0.3268533902680544
0.326935586272043
0.32685276796588414
0.3268703252912324
0.3268703252912324
0.3268703252912324
0.3268526932079997
0.3268704000491168
0.3465490609756625
0.3268950956486295
0.32685276796588414
0.3268526932079997
0.3547228764416944
0.32839915238060635
0.3268526932079997
0.32689571795079975
0.32685276796588414
0.3268526932079997
0.3283985300784361
0.3268703252912324
0.35472295119957886
0.45490600279196935
0.32685331551016994
0.3268526932079997
0.3268703252912324
0.3297733210527992
0.3268703252912324
0.3547412055849818
0.3268703252912324
0.3268780111096826
0.3465737565751752
0.32685276796588414
0.5239515014104698
0.3297732462949148
0.3268780111096826
0.3289742738447415
0.32685276796588414
0.7957641285179022
0.32685331551016994
0.3268703252912324
0.32687808586756706
0.3268703252912324
0.3268704000491168
0.328957509480115
0.3268709475934026
0.32689502089074507
0.3285787369983459
0.3268703252912324
0.3268704000491168
0.3268526932079997
0.3268774635653968
0.3268703252912324
0.3268780111096826
0.32685331551016994
0.3268704000491168
0.3268526932079997
0.4242869981129621
0.3268703252912324
0.3268704000491168
0.3268526932079997
0.32685276796588414
0.3268704000491168
0.32685331551016994
0.3268703252912324
0.32685276796588414
0.3268533902680544
0.32685276796588414
1.5571364093021354
0.3268526932079997
0.3268704000491168
0.32685276796588414
0.3268709475934026
0.32687102235128707
0.3268704000491168
0.3268703252912324
0.3268703252912324
0.32685276796588414
0.32685276796588414
0.3268526932079997
0.3268704000491168
0.32687102235128707
0.3268526932079997
0.3268703252912324
0.3268526932079997
0.32685331551016994
0.32863693446287656
1.451975932285245
0.3268709475934026
0.3268526932079997
0.3268703252912324
1.4414395809566978
1.4414395809566978
0.3268526932079997
0.3268526932079997
0.3268526932079997
0.3268533902680544
0.3268526932079997
0.3268704000491168
0.8912329417586258
0.3268703252912324
0.8912240674011968
0.3297909531360319
0.34664958612293856
0.7961303803818267
0.3268703252912324
0.3268703252912324
0.32685276796588414
0.3268704000491168
0.34657383133305963
0.3268703252912324
0.3268526932079997
0.32691151297470056
0.3268704000491168
0.326935586272043
0.3268526932079997
0.32685276796588414
0.3268704000491168
0.3268526932079997
0.3268526932079997
1.4414514960420408
0.3268704000491168
0.32685276796588414
0.3268703252912324
0.3268703252912324
0.3547412055849818
0.3268709475934026
0.32687808586756706
0.3315574127919072
0.32685276796588414
0.3268956431929153
0.3268526932079997
0.3268704000491168
0.3268526932079997
0.3668020975378111
0.3471107372424984
0.6756226872675363
0.3268956431929153
0.32685276796588414
1.1763584751661114
0.3268526932079997
0.3268526932079997
0.3268703252912324
0.32687102235128707
1.4414405447400374
0.32685331551016994
0.3268703252912324
0.3268526932079997
0.3268703252912324
0.3268703252912324
0.3268709475934026
0.3279167069243023
0.3268526932079997
0.3268533902680544
0.8912319881690218
0.3268533902680544
0.32685331551016994
0.3268703252912324
0.3268533902680544
0.3471278217814453
0.3268526932079997
0.3268703252912324
0.35472295119957886
0.32689502089074507
0.3268703252912324
0.3268703252912324
0.32685331551016994
0.3268533902680544
0.3283978191948042
0.3268956431929153
1.4414401221982664
0.32687102235128707
0.3292424038280862
0.3268703252912324
0.7960345327386473
0.3268703252912324
0.3268774635653968
0.3268526932079997
0.3268773888075124
0.3268704000491168
0.3268703252912324
0.3268774635653968
0.3268526932079997
0.32685331551016994
0.3268703252912324
0.32685276796588414
0.3268709475934026
0.3268703252912324
0.32685276796588414
0.3268533902680544
0.35472349874386466
0.32685276796588414
1.4414501097169305
0.32689502089074507
0.32687102235128707
0.32685331551016994
0.3268526932079997
0.32685276796588414
0.3268703252912324
0.3465490609756625
0.3268703252912324
1.4196441151507115
0.3268773888075124
0.32693566102992744
0.3268526932079997
0.3297733210527992
0.3269362085742133
0.32689502089074507
0.32685276796588414
0.3268526932079997
0.3268956431929153
0.32685331551016994
0.32685276796588414
0.32689502089074507
0.5668470820299834
0.32867926214562193
1.4414520288760948
0.32685331551016994
0.326911587732585
0.3292424038280862
0.32685276796588414
0.32685276796588414
0.3268526932079997
0.3268703252912324
0.3268526932079997
0.3268526932079997
0.32685276796588414
0.3268526932079997
0.35472295119957886
0.3268773888075124
0.3268526932079997
0.32693566102992744
0.3268773888075124
0.8912319881690218
0.32685276796588414
0.32685276796588414
0.4245018386735371
0.7957640537600177
0.32685331551016994
0.3268533902680544
0.3269532931131602
0.32685276796588414
0.3268526932079997
0.3268774635653968
0.3268526932079997
0.32685276796588414
0.32687102235128707
0.3268526932079997
0.3268956431929153
0.32685331551016994
0.3268703252912324
0.3285887480021438
0.3268526932079997
0.3268533902680544
0.3268704000491168
0.3268704000491168
0.3268526932079997
0.5239048928593155
0.3268526932079997
0.32685276796588414
0.32685331551016994
0.32857866224046145
0.3297733210527992
0.32689502089074507
0.34654968327783275
0.3268526932079997
0.3268704000491168
0.3268533902680544
0.3268526932079997
0.3268703252912324
0.3268526932079997
0.34654968327783275
0.32685276796588414
0.3268526932079997
0.9504664068299455
0.3268526932079997
0.565134113610527
0.3268704000491168
0.3268774635653968
0.33149929008526097
0.3268703252912324
0.8912487630007094
0.3268703252912324
0.3268703252912324
0.35474058328281155
0.3268709475934026
0.3268950956486295
0.326935586272043
0.32685276796588414
0.3547228764416944
0.3268703252912324
0.3268703252912324
0.3268774635653968
0.32922477174485354
0.32685331551016994
0.3268703252912324
0.3268703252912324
0.3268533902680544
0.3465666930588952
0.32687102235128707
0.32685276796588414
0.3268703252912324
0.32687102235128707
0.32687102235128707
0.32685276796588414
0.3268704000491168
0.3268526932079997
0.3286210646810913
0.3268709475934026
0.3285962943236942
0.3268526932079997
0.3268709475934026
0.32685276796588414
0.3268704000491168
0.3268704000491168
0.3547228764416944
0.32685276796588414
0.32857866224046145
0.3292424038280862
0.3268704000491168
0.3570702859498837
0.3465914634162923
0.3268526932079997
0.3268774635653968
0.32695384065744604
0.3268533902680544
0.32685331551016994
0.3268533902680544
0.5821465560161246
0.3268704000491168
0.3268526932079997
0.32685276796588414
0.3278578123997169
0.32689502089074507
0.3268703252912324
0.3268773888075124
0.32685276796588414
0.3268704000491168
0.3268526932079997
0.3274314540137825
0.3268526932079997
0.32839844149697445
0.3268704000491168
0.32685331551016994
0.3303343750174649
0.3268704000491168
0.3268526932079997
0.3268704000491168
0.7958599761610816
0.32685276796588414
0.3269532931131602
0.3471278217814453
0.3268704000491168
0.34656709405584973
0.32685276796588414
0.32685276796588414
0.7976993835871276
0.3268709475934026
0.3268704000491168
0.32685276796588414
0.32685331551016994
0.32685276796588414
0.3547235735017491
0.32693628333209773
0.3385395345599872
0.3268950956486295
0.8912319881690218
0.32691096543041476
0.3268703252912324
0.3268709475934026
0.32687102235128707
0.3268704000491168
0.3268526932079997
0.32689502089074507
0.3268703252912324
0.3283978191948042
0.3268526932079997
0.32685276796588414
0.35528462746641476
0.3284225147943169
0.32685276796588414
0.32841600532669446
1.4414401137907518
0.5668457821478426
0.32685276796588414
0.326935586272043
0.32981557397766015
0.3268704000491168
0.3268704000491168
0.3268704000491168
0.3268704000491168
0.32687808586756706
0.3268773888075124
0.3268526932079997
0.3268704000491168
1.4414501097169305
0.32687102235128707
0.32687102235128707
0.32689502089074507
1.419643151367372
0.32687102235128707
0.3268773888075124
0.5239515014104698
0.3268533902680544
0.3268773888075124
0.3268704000491168
0.3268703252912324
0.32685276796588414
0.32685276796588414
0.3268703252912324
0.3268703252912324
0.32687808586756706
0.3268780111096826
0.3268703252912324
0.3268526932079997
0.5668457821478426
0.35472295119957886
0.4243083487368864
1.4414401221982664
0.3268526932079997
0.3268704000491168
0.3268950956486295
0.3268709475934026
0.3268526932079997
0.3268703252912324
0.32685331551016994
0.3268709475934026
0.32685276796588414
0.3268526932079997
0.4242862872293302
0.3268526932079997
0.32689502089074507
0.32687102235128707
1.4414520288760948
0.3268526932079997
0.891386388429702
0.32685276796588414
0.3268703252912324
0.3268526932079997
0.32691151297470056
0.32685331551016994
0.3268703252912324
0.3292423290702018
0.32685276796588414
0.3268526932079997
0.32685276796588414
0.32685276796588414
0.3268526932079997
0.3547482691012618
0.3268704000491168
0.3268704000491168
0.8894187176682204
0.3268773888075124
0.3268526932079997
0.3268704000491168
0.34654968327783275
0.32685276796588414
0.32689502089074507
0.7957641285179022
0.3268703252912324
0.3268533902680544
0.32687102235128707
0.3268709475934026
0.3268703252912324
0.3268703252912324
0.32689502089074507
0.3268704000491168
0.32857866224046145
0.32685331551016994
0.3269362085742133
0.3268709475934026
0.32685276796588414
0.3268526932079997
0.3268774635653968
0.3283985300784361
0.3268526932079997
0.3268703252912324
0.3268780111096826
0.3841393871353327
0.3268703252912324
0.32685276796588414
0.3268704000491168
0.3268704000491168
0.3278408773765389
0.3268703252912324
0.3268526932079997
0.7957641285179022
0.32685276796588414
0.32693566102992744
0.3268526932079997
0.3268526932079997
0.3646428664773397
1.5571492786263195
0.32695321835527574
0.3268526932079997
0.3268950956486295
0.3268709475934026
0.3268704000491168
0.3268773888075124
0.3268709475934026
0.32685276796588414
0.3268773888075124
0.3268526932079997
0.32685276796588414
0.3268526932079997
0.3381299798642556
0.553522817810951
0.7957888241174149
0.32685276796588414
0.32687808586756706
0.3268704000491168
0.3268526932079997
0.3268703252912324
0.3646408790969924
0.3268950956486295
0.3268526932079997
0.3268533902680544
0.3268533902680544
0.32687102235128707
0.3268704000491168
0.32691151297470056
0.3268533902680544
0.3268704000491168
1.5796363746463418
0.32687102235128707
0.3385375471796399
0.32685276796588414
0.3385388374999326
0.3268703252912324
0.3268950956486295
0.7958599014031973
0.3268526932079997
0.32685276796588414
0.3268526932079997
0.3268709475934026
0.32687102235128707
0.32685276796588414
0.8811388481176721
0.3268774635653968
0.32743137925589805
0.3268526932079997
0.3268709475934026
0.32685331551016994
0.32685276796588414
0.3268704000491168
0.3268526932079997
0.32685276796588414
0.3268709475934026
0.7957640537600177
0.3268773888075124
0.32685276796588414
0.32685331551016994
0.3268526932079997
0.32693566102992744
0.3268704000491168
0.3268704000491168
0.3268533902680544
0.32685276796588414
0.3269108906725303
0.32685331551016994
0.4468801815064599
0.32685276796588414
0.32685276796588414
1.6422380026758006
0.3268703252912324
0.32685276796588414
0.3268704000491168
0.3465497580357172
0.32685276796588414
0.32687808586756706
1.4414501097169305
0.3268773888075124
0.32923470799076704
0.32695321835527574
0.3268526932079997
0.32685276796588414
0.3268526932079997
0.3268704000491168
0.3268704000491168
0.7957887493595304
0.32689502089074507
0.3465673901189499
0.32685276796588414
0.3268526932079997
0.3268703252912324
0.32685276796588414
0.32685331551016994
0.32685276796588414
0.3268709475934026
0.3268526932079997
0.3268526932079997
0.3268526932079997
0.3292670246697145
0.32685331551016994
0.3268704000491168
0.32689571795079975
0.3268704000491168
0.3268526932079997
0.32860630532749213
0.3268703252912324
0.3268709475934026
0.3471101149403282
0.5668543518670471
0.3268703252912324
0.32687102235128707
0.32689571795079975
0.3268703252912324
0.3268526932079997
0.5668283563853936
0.3268704000491168
0.3268703252912324
0.32859636908157863
0.3465490609756625
0.3268780111096826
0.3268703252912324
0.3268526932079997
0.32685276796588414
0.3268526932079997
0.3268703252912324
0.3286209899232069
0.3269539154153305
0.3283978191948042
0.3268533902680544
0.3268526932079997
0.3268526932079997
0.3268703252912324
0.3268950956486295
0.42425582996237565
0.3268709475934026
0.3292524148318842
0.3268709475934026
0.32685331551016994
0.32839844149697445
0.3465490609756625
0.32685276796588414
0.32685276796588414
0.8912329417586258
0.7961304551397113
0.3268709475934026
0.32685331551016994
0.3268526932079997
0.32689502089074507
0.3268526932079997
0.3268709475934026
0.3268526932079997
0.32685276796588414
0.7976035359439481
0.32685276796588414
0.3268703252912324
0.3269108906725303
0.32685276796588414
0.3268709475934026
0.3268704000491168
0.3268709475934026
0.3268703252912324
0.3268703252912324
0.3268704000491168
0.35610663069989046
0.32685276796588414
0.3268526932079997
0.3268956431929153
0.3268526932079997
0.32687808586756706
0.447095022067035
0.32685331551016994
0.3292523400739998
0.3268526932079997
0.3268950956486295
0.3268526932079997
0.32687808586756706
0.3274138219305498
0.32685276796588414
0.3268533902680544
0.3268709475934026
0.3285962943236942
0.3268956431929153
0.3292424038280862
0.32685276796588414
0.3547412055849818
0.3385375471796399
0.3268526932079997
0.3268526932079997
0.3268703252912324
0.32794078022164475
0.3283985300784361
0.32685276796588414
0.32685276796588414
0.3268526932079997
0.3268526932079997
0.3268533902680544
0.32685331551016994
0.3465666930588952
0.3268526932079997
0.3268526932079997
0.32685276796588414
0.3268774635653968
0.3274314540137825
0.3268533902680544
0.32687102235128707
0.3268526932079997
0.3298156487355446
0.3292246969869691
0.3268703252912324
1.4414501097169305
0.3268703252912324
0.3268526932079997
0.32685276796588414
0.32841467214089237
0.3268703252912324
