0.3268533902680544
0.32685331551016994
0.3268774635653968
0.3268526932079997
0.32685276796588414
0.32685331551016994
0.32685276796588414
0.3268526932079997
0.3268526932079997
0.3268533902680544
0.3268533902680544
0.3268533902680544
0.35472349874386466
0.3268533902680544
0.32685331551016994
0.3268533902680544
0.3268533902680544
0.3268703252912324
0.3268533902680544
0.32685276796588414
0.32685276796588414
0.3268533902680544
0.32685276796588414
0.32685276796588414
0.3268533902680544
0.3268533902680544
0.3268526932079997
0.32685276796588414
0.3268533902680544
0.3268526932079997
0.7957640537600177
0.32685331551016994
0.32685276796588414
0.3268704000491168
0.32685276796588414
0.3268533902680544
0.3381293575620853
0.3268774635653968
0.3268533902680544
0.32687808586756706
0.32685276796588414
0.3268526932079997
0.7957371859598362
0.32685331551016994
0.32685276796588414
0.3268526932079997
0.32685276796588414
0.32685331551016994
0.3268533902680544
0.32685276796588414
0.3268526932079997
0.3268533902680544
0.32685276796588414
0.3268526932079997
0.32685331551016994
0.3268709475934026
0.32685276796588414
0.3268533902680544
0.32685276796588414
0.32685276796588414
0.32685331551016994
0.32685331551016994
0.32685276796588414
0.3268533902680544
0.32685331551016994
0.32685276796588414
0.8914120376188185
0.32685276796588414
0.3268526932079997
0.3547228764416944
0.3268533902680544
0.32685331551016994
0.32685276796588414
0.32685276796588414
0.32685276796588414
0.3268704000491168
0.3268533902680544
0.32685331551016994
0.32685331551016994
0.32685276796588414
0.32685276796588414
0.32685331551016994
0.3268526932079997
0.32685276796588414
0.32685331551016994
0.32685276796588414
0.4250177629522176
0.3268533902680544
0.3268533902680544
0.32685276796588414
0.3268526932079997
0.32685331551016994
0.32685331551016994
0.32685331551016994
0.3268533902680544
0.32685331551016994
0.3268526932079997
0.32685276796588414
0.32685276796588414
0.32685331551016994
0.3268526932079997
0.32685276796588414
0.3268533902680544
0.32685276796588414
0.32685331551016994
0.3285887480021438
0.3268533902680544
0.32685331551016994
0.32685276796588414
0.32685331551016994
0.3268533902680544
0.3268704000491168
0.3268526932079997
0.32685276796588414
0.32839844149697445
0.3268526932079997
0.3268526932079997
0.32685276796588414
0.3268533902680544
0.3278401803164842
0.32685331551016994
0.32685331551016994
0.32685331551016994
0.3268526932079997
0.3268533902680544
0.32687102235128707
0.3268533902680544
0.32685276796588414
0.3268533902680544
0.3268526932079997
0.32685331551016994
0.32895679859648314
0.32685331551016994
0.32685331551016994
0.32685331551016994
0.32685276796588414
0.3268526932079997
0.3268533902680544
0.3268533902680544
0.32685276796588414
0.3268526932079997
0.4476109463457155
0.3268533902680544
0.3268526932079997
0.3268526932079997
0.3268709475934026
0.35472295119957886
0.3268526932079997
0.32685276796588414
0.32685276796588414
0.32685276796588414
0.32685276796588414
0.3268526932079997
0.3268526932079997
0.32685276796588414
0.3268533902680544
0.32685276796588414
0.32685276796588414
0.3268526932079997
0.32685276796588414
0.3268533902680544
0.3268526932079997
0.32685276796588414
0.32685276796588414
0.3268526932079997
0.8912329417586258
0.3268533902680544
0.3268526932079997
0.32685276796588414
0.3268533902680544
0.3268526932079997
0.3268533902680544
0.32685276796588414
0.32685276796588414
0.32685276796588414
0.32685331551016994
0.32685331551016994
0.32685276796588414
0.3268703252912324
0.3268526932079997
0.3268533902680544
0.3268533902680544
0.32685331551016994
0.32685276796588414
0.32685276796588414
0.32685276796588414
0.3268774635653968
0.3268526932079997
0.32685331551016994
0.32685331551016994
0.32685276796588414
0.3268533902680544
0.3268526932079997
0.3268526932079997
0.3268526932079997
0.3268704000491168
0.3268526932079997
0.3268956431929153
0.3268703252912324
0.3268526932079997
0.32687808586756706
0.3268533902680544
0.3274143694748356
0.3268533902680544
0.3268533902680544
0.3268533902680544
0.32685276796588414
0.3268533902680544
0.3268526932079997
0.32685276796588414
0.3268533902680544
0.32685331551016994
0.32685331551016994
0.32685276796588414
0.3268533902680544
0.32685276796588414
0.8912250209908006
0.32685276796588414
0.3268533902680544
0.32685331551016994
0.32685276796588414
0.32687102235128707
0.32685276796588414
0.3268526932079997
0.3268533902680544
0.3268533902680544
0.3268533902680544
0.3268526932079997
0.3268533902680544
0.3268526932079997
0.3268526932079997
0.3268533902680544
0.3268526932079997
0.3268780111096826
0.32685276796588414
0.32685276796588414
0.3268533902680544
0.3268709475934026
0.3268533902680544
0.3268526932079997
0.32685276796588414
0.32685331551016994
0.3268773888075124
0.3268526932079997
0.32685276796588414
0.32685276796588414
0.32685331551016994
0.32685276796588414
0.3268533902680544
0.32685276796588414
0.32685331551016994
0.32687102235128707
0.3268526932079997
0.3268533902680544
0.3268533902680544
0.32685331551016994
0.32685276796588414
0.32685331551016994
0.3268533902680544
0.3268533902680544
0.32685331551016994
0.3268774635653968
0.3268526932079997
0.3268533902680544
0.3268526932079997
0.3268703252912324
0.32685331551016994
0.3268526932079997
0.3268526932079997
0.32685276796588414
0.3268526932079997
0.3268526932079997
0.32685276796588414
0.32685331551016994
0.32685331551016994
0.3268526932079997
0.3268526932079997
0.32685331551016994
0.3268526932079997
0.3268533902680544
0.32685331551016994
0.32685331551016994
0.32685276796588414
0.3268526932079997
0.32685276796588414
0.32685276796588414
0.32839844149697445
0.32685331551016994
0.3268704000491168
0.3268526932079997
0.3268526932079997
0.3268533902680544
0.3268526932079997
0.3268533902680544
0.32685331551016994
0.3274138219305498
0.32685276796588414
0.3268533902680544
1.4414510735002701
0.3268526932079997
0.3268533902680544
0.32685276796588414
0.3268533902680544
0.32685331551016994
0.32685276796588414
0.3268533902680544
0.32685331551016994
0.3268780111096826
0.32685276796588414
0.3268526932079997
0.33853816948181015
0.32685276796588414
0.32685331551016994
0.32685331551016994
0.3268533902680544
0.3268526932079997
0.3268526932079997
0.3268704000491168
0.32685276796588414
0.32687808586756706
0.3268533902680544
0.3268526932079997
1.4414401221982664
0.32685331551016994
0.3268526932079997
0.3268526932079997
0.32685276796588414
0.3268533902680544
0.5668296562675345
0.3268703252912324
0.3268703252912324
0.32685276796588414
0.3268533902680544
0.3268533902680544
0.32685276796588414
0.34711081200038285
0.32685331551016994
0.3268533902680544
0.32685276796588414
0.3268533902680544
0.3268533902680544
0.32685331551016994
0.3268533902680544
0.32685331551016994
0.32685331551016994
0.3268533902680544
0.3268533902680544
0.3268533902680544
0.32685331551016994
0.32685276796588414
0.32685276796588414
0.32685331551016994
0.3547235735017491
0.3268533902680544
0.32685276796588414
0.3268526932079997
0.32685331551016994
1.4414405447400374
0.32685331551016994
0.3268526932079997
0.3268526932079997
0.3268703252912324
0.3268526932079997
0.32685276796588414
0.32685331551016994
0.32685276796588414
0.3268533902680544
0.32685331551016994
0.3268533902680544
0.32685331551016994
0.32685276796588414
0.3268526932079997
0.3268526932079997
0.32685276796588414
0.3385964417042252
0.3268533902680544
0.3268533902680544
0.32685331551016994
0.3268526932079997
0.32685331551016994
0.3268533902680544
0.32685331551016994
0.32685331551016994
0.3268526932079997
0.3268533902680544
0.32685331551016994
0.32685276796588414
0.3268526932079997
0.3268526932079997
0.3268533902680544
0.3268533902680544
0.3268533902680544
0.42501705206858575
0.3268526932079997
0.3268709475934026
0.32685276796588414
0.32685331551016994
0.3268533902680544
0.3268533902680544
0.3268526932079997
0.32685331551016994
0.32685276796588414
0.32685276796588414
0.32685276796588414
0.32685276796588414
0.32685276796588414
0.3268526932079997
0.32687808586756706
0.32687102235128707
0.3268703252912324
0.3268526932079997
0.5239049676172
0.32685331551016994
0.3268533902680544
0.32685276796588414
0.3268526932079997
0.32685331551016994
0.32685331551016994
0.32685276796588414
0.3268533902680544
0.3268533902680544
0.3268526932079997
0.32685276796588414
0.32685331551016994
0.32685276796588414
0.32685276796588414
0.32685276796588414
0.3268533902680544
0.32685276796588414
0.32685276796588414
0.32685331551016994
0.3268526932079997
0.3268533902680544
0.32685276796588414
0.3268533902680544
0.3268526932079997
0.3268526932079997
0.3268704000491168
0.3268526932079997
0.3268533902680544
0.32685276796588414
0.32685331551016994
0.3268533902680544
0.3289581317822853
0.32685276796588414
0.32685276796588414
0.33813072264026245
0.3268533902680544
0.32685331551016994
0.32687102235128707
0.3268533902680544
0.3268533902680544
0.3268526932079997
0.32685276796588414
0.32685331551016994
0.32685331551016994
0.32685276796588414
0.3268526932079997
0.32685276796588414
0.3268533902680544
0.3268526932079997
0.3268533902680544
0.32685276796588414
0.32685276796588414
0.3268533902680544
0.32685331551016994
0.3268703252912324
0.32685276796588414
0.3268704000491168
0.32685331551016994
0.3268533902680544
0.3268533902680544
0.3268526932079997
0.553492285786112
0.32685331551016994
0.3268533902680544
0.32685276796588414
0.32685276796588414
0.3547235735017491
0.3268533902680544
0.32685276796588414
0.3268533902680544
0.32685276796588414
0.3268526932079997
0.3268533902680544
0.32685276796588414
0.32685276796588414
0.3268533902680544
0.32685276796588414
0.32685276796588414
0.32685276796588414
0.3268533902680544
0.3268533902680544
0.3268526932079997
0.7957372607177207
0.3268526932079997
0.3268533902680544
0.32685331551016994
0.32685331551016994
0.3268526932079997
0.32685331551016994
0.3268526932079997
0.32687102235128707
0.32685276796588414
0.32685276796588414
0.32741444423272004
0.32685276796588414
0.3268526932079997
0.35472295119957886
0.3268533902680544
0.3547235735017491
0.3268526932079997
0.3268533902680544
0.3268526932079997
0.3268526932079997
0.32685276796588414
0.3268526932079997
0.32687102235128707
0.3268533902680544
0.3268533902680544
0.3268526932079997
0.32741374717266536
0.3385382442396946
0.32685276796588414
0.3268533902680544
0.3268533902680544
0.3268533902680544
0.32685276796588414
0.3268533902680544
0.32685331551016994
0.3268533902680544
0.3268526932079997
0.3268526932079997
0.3268526932079997
0.8912240674011968
0.3268704000491168
0.32685276796588414
0.3268704000491168
0.3268533902680544
0.3268526932079997
0.3268533902680544
0.32685276796588414
0.3268526932079997
0.32741444423272004
0.3268774635653968
0.3268526932079997
0.32685276796588414
0.3268533902680544
0.32685276796588414
0.3268533902680544
0.3268709475934026
0.32685276796588414
0.3268780111096826
0.32685276796588414
0.3268526932079997
0.3268703252912324
0.32687102235128707
0.32685276796588414
0.3268533902680544
0.3268533902680544
0.3268533902680544
0.32685331551016994
0.3268533902680544
0.3268526932079997
0.32685276796588414
0.3268526932079997
0.32687102235128707
0.3268533902680544
0.3646415013991626
0.3268533902680544
0.32685331551016994
0.3268526932079997
0.3268526932079997
0.3268526932079997
0.3268533902680544
0.32685276796588414
0.32685331551016994
0.32685276796588414
0.3646408790969924
0.3268526932079997
0.3268526932079997
0.32685276796588414
0.32685276796588414
0.32685276796588414
0.3268526932079997
0.3268533902680544
0.3268533902680544
0.32685276796588414
0.32685331551016994
0.32685331551016994
0.3268533902680544
0.3268533902680544
0.3646415013991626
0.3268704000491168
0.3268774635653968
1.4414501097169305
0.3547228764416944
0.3268533902680544
0.32685276796588414
0.3268533902680544
0.3268526932079997
0.3268533902680544
0.32685331551016994
0.32685276796588414
0.3322292744343177
0.3268533902680544
0.3268533902680544
0.3268533902680544
0.3278401803164842
0.3268533902680544
0.3268526932079997
0.3268526932079997
0.3268526932079997
0.3268526932079997
0.32685331551016994
0.32685276796588414
0.3268526932079997
0.7957641285179022
0.3268533902680544
0.3268526932079997
0.3268526932079997
0.3268526932079997
0.3274143694748356
0.32685276796588414
0.32685276796588414
0.3268533902680544
0.32685276796588414
0.32685331551016994
0.3268780111096826
0.32687102235128707
0.32685276796588414
0.32685331551016994
0.32685331551016994
0.35472349874386466
0.32685276796588414
0.32685331551016994
0.32685331551016994
0.3268703252912324
0.3268533902680544
0.32685331551016994
0.3268533902680544
0.3268533902680544
0.32685331551016994
0.3268533902680544
0.32685276796588414
0.32685276796588414
0.32685276796588414
0.32687102235128707
0.32685276796588414
0.32685331551016994
0.3289581317822853
0.3268533902680544
0.3268533902680544
0.3268533902680544
0.3268526932079997
0.32685331551016994
0.3268704000491168
0.32685276796588414
0.3268526932079997
0.3268533902680544
0.3268703252912324
0.32685276796588414
0.34654913573354695
1.4414510735002701
0.32685331551016994
0.32685276796588414
0.32923470799076704
0.32685276796588414
0.32685276796588414
0.7957371859598362
1.4414391584149269
0.32685331551016994
0.3268533902680544
0.32685331551016994
0.3268526932079997
0.3268526932079997
0.32685331551016994
0.3268533902680544
0.3268526932079997
0.32685276796588414
0.32685331551016994
0.32685276796588414
0.32685276796588414
0.3268533902680544
0.7957640537600177
0.3268533902680544
0.3268526932079997
0.3268780111096826
0.32685331551016994
0.3268526932079997
0.32685331551016994
0.32685331551016994
0.3268526932079997
0.32685331551016994
0.32685276796588414
0.32685276796588414
0.32685276796588414
0.32685276796588414
0.3268526932079997
0.32685331551016994
0.5668283563853936
0.32685276796588414
0.32685331551016994
0.3268704000491168
0.3268533902680544
0.3268533902680544
0.3268533902680544
0.3268533902680544
0.32685331551016994
0.32685331551016994
0.32857866224046145
0.32685276796588414
0.32685276796588414
0.32685276796588414
0.7957641285179022
0.34654913573354695
0.32685331551016994
0.3268533902680544
0.3268533902680544
0.32685276796588414
0.3268709475934026
0.3268709475934026
0.3268526932079997
0.3268533902680544
0.32685331551016994
0.3465666930588952
0.32685331551016994
0.32685331551016994
0.32685276796588414
0.3268533902680544
0.32685276796588414
0.3268526932079997
0.3268533902680544
0.3268533902680544
0.32685276796588414
0.3268533902680544
0.32692921981581774
0.3268533902680544
0.3268533902680544
0.32685331551016994
0.32685276796588414
0.3268533902680544
0.32977394335496946
0.3268533902680544
0.3268533902680544
0.32685331551016994
0.3289574208986534
0.32685276796588414
0.32685276796588414
0.32685276796588414
0.3268709475934026
0.3268533902680544
0.32685276796588414
0.32685276796588414
0.3268526932079997
0.32685276796588414
0.32687102235128707
0.32685276796588414
0.32685331551016994
0.3268526932079997
0.329773868597085
0.3268533902680544
0.3268526932079997
0.3381293575620853
0.3268533902680544
0.951113277102629
0.3268533902680544
0.32685276796588414
0.32685331551016994
0.3268533902680544
0.3268533902680544
0.3268533902680544
0.32685331551016994
0.32685276796588414
0.3268533902680544
0.32685276796588414
0.3268533902680544
0.32685331551016994
0.3268533902680544
0.32685331551016994
0.3268526932079997
0.32685331551016994
0.32685276796588414
0.3268526932079997
0.32685331551016994
0.3268533902680544
0.3268709475934026
0.3268526932079997
0.3268533902680544
0.3274138219305498
0.3268526932079997
0.3268533902680544
0.3268533902680544
0.32685331551016994
0.32685331551016994
0.3268526932079997
0.32685331551016994
0.3269285975136475
0.3268703252912324
0.3268526932079997
0.32685331551016994
0.3268526932079997
0.3268533902680544
0.3268533902680544
0.32685331551016994
0.3268704000491168
0.3297909531360319
0.32685331551016994
0.32685276796588414
0.3268526932079997
0.3268533902680544
0.3471107372424984
0.32685331551016994
0.32685276796588414
0.32685331551016994
0.32685276796588414
0.3268703252912324
0.32685331551016994
0.32689571795079975
0.32685331551016994
0.32685276796588414
0.32685331551016994
0.3268780111096826
0.32685276796588414
0.3268533902680544
0.5239048928593155
0.32685331551016994
0.3268526932079997
0.3268533902680544
0.3268533902680544
0.32685276796588414
0.3268533902680544
0.3268526932079997
0.32685276796588414
0.3268533902680544
0.32685276796588414
0.32685276796588414
0.32685276796588414
0.3268526932079997
0.3268704000491168
0.3268533902680544
0.3268533902680544
0.3268526932079997
0.32685276796588414
0.32685331551016994
0.3268533902680544
0.32685276796588414
0.32685276796588414
0.32685276796588414
0.35472295119957886
0.3268533902680544
0.3268703252912324
0.3268526932079997
0.3268533902680544
0.3268533902680544
0.3268526932079997
0.3268533902680544
0.3268533902680544
0.3268526932079997
0.3268533902680544
0.32685331551016994
0.32685276796588414
0.32685276796588414
0.3381294323199697
0.32685276796588414
0.32685276796588414
0.32685331551016994
0.32685276796588414
0.3268533902680544
0.3268526932079997
0.3268533902680544
0.32685276796588414
0.3268526932079997
0.3268703252912324
0.32685331551016994
0.32685276796588414
0.3268533902680544
0.32685331551016994
0.32685331551016994
0.8912250209908006
1.5571483482429058
0.3268533902680544
0.3268526932079997
0.326911587732585
0.32685331551016994
0.3268773888075124
0.3268533902680544
0.3547228764416944
0.32685331551016994
0.3268526932079997
0.3268533902680544
0.34712774702356086
0.32685276796588414
0.33853762193752435
0.32685276796588414
0.3274138219305498
0.32685276796588414
0.3268533902680544
0.3268533902680544
0.3268533902680544
0.3268526932079997
0.32685276796588414
0.32685276796588414
0.3268533902680544
0.3268533902680544
0.3268526932079997
0.32685331551016994
0.32685331551016994
0.3268709475934026
0.32685331551016994
0.3268533902680544
0.32685331551016994
0.3268533902680544
0.3268526932079997
0.3268704000491168
0.3268526932079997
0.3268526932079997
0.32685276796588414
0.3268533902680544
0.32685331551016994
0.32685331551016994
0.32685331551016994
0.3268533902680544
0.3268526932079997
0.32685276796588414
0.32685276796588414
0.3268533902680544
0.3268526932079997
0.32685331551016994
0.8912240674011968
0.3268526932079997
0.3268533902680544
0.3268533902680544
0.32687102235128707
0.32685276796588414
0.3268526932079997
0.3268533902680544
0.3268533902680544
0.32685331551016994
0.3268526932079997
0.32741444423272004
0.32685331551016994
0.32685331551016994
0.3268526932079997
0.3268774635653968
0.3268704000491168
0.32685276796588414
0.3268526932079997
0.32685276796588414
0.3268533902680544
0.3385375471796399
0.32685276796588414
0.3268533902680544
0.32691096543041476
0.32685331551016994
0.3268533902680544
0.329773868597085
0.32923470799076704
0.3268533902680544
0.32685331551016994
0.32685276796588414
0.3381293575620853
0.3268526932079997
0.32685276796588414
0.3268533902680544
0.3547412055849818
0.3268526932079997
0.32685331551016994
0.3268773888075124
0.32685276796588414
0.3268709475934026
0.3268533902680544
0.32685331551016994
0.3268703252912324
0.33853816948181015
0.3268526932079997
0.3268533902680544
0.3268526932079997
0.32685331551016994
0.32685331551016994
0.32685276796588414
0.32685276796588414
0.3268533902680544
0.3268533902680544
0.32685331551016994
0.32685331551016994
0.32685331551016994
0.3268533902680544
0.32685331551016994
0.32685276796588414
0.32685331551016994
0.32685276796588414
0.3268773888075124
0.3268533902680544
0.3268533902680544
0.3268533902680544
0.3268774635653968
0.3268704000491168
0.3268526932079997
0.3268533902680544
