0.3268533902680544
0.32685276796588414
0.3268526932079997
0.3268526932079997
0.3268533902680544
0.3268526932079997
0.34656709405584973
0.3268526932079997
0.32685276796588414
0.32685276796588414
0.3268526932079997
0.32839844149697445
0.3268526932079997
0.32685331551016994
0.32685276796588414
0.3268526932079997
0.3297732462949148
0.32685276796588414
0.3268526932079997
0.32685276796588414
0.32685276796588414
0.3268526932079997
0.3268526932079997
0.3268526932079997
0.3268526932079997
0.3268526932079997
0.3268526932079997
0.32685276796588414
0.3268526932079997
0.32685276796588414
0.3268526932079997
0.32685331551016994
0.3268533902680544
0.32685331551016994
0.3268704000491168
0.32685276796588414
0.5668283563853936
0.32685276796588414
0.32685276796588414
0.4242862872293302
0.7957640537600177
0.3268526932079997
0.3471101149403282
0.3268533902680544
0.3268526932079997
0.3268526932079997
0.3268526932079997
0.3268533902680544
0.3268526932079997
0.32685276796588414
0.3268533902680544
0.3268526932079997
0.3268526932079997
0.8548513934797171
0.32685276796588414
0.32685276796588414
0.3268526932079997
0.7957641285179022
0.3667767796361282
0.3381293575620853
0.36677548931583553
0.3268709475934026
0.3268773888075124
0.32685331551016994
0.32685276796588414
0.32685276796588414
0.32685331551016994
0.32685276796588414
0.3268533902680544
0.3268773888075124
0.3292828944514998
0.32685276796588414
0.32685276796588414
0.3268533902680544
0.3268526932079997
0.3268526932079997
0.32685276796588414
0.32685276796588414
1.4414391584149269
0.3285787369983459
0.4556679357818114
0.3268533902680544
0.7957371859598362
0.523874435592361
0.3268533902680544
0.3268533902680544
0.3268533902680544
0.326935586272043
0.3268526932079997
0.32685331551016994
0.3268526932079997
0.3268526932079997
0.3268526932079997
0.33853762193752435
0.32685276796588414
0.32685331551016994
0.326935586272043
0.3268526932079997
0.7957641285179022
0.32685276796588414
0.3268780111096826
0.3268526932079997
0.3268533902680544
0.3268533902680544
0.32685331551016994
0.32685331551016994
0.326935586272043
0.3268526932079997
0.3465490609756625
0.35472295119957886
0.3268533902680544
0.3268526932079997
0.3285887480021438
0.32685276796588414
0.9504673604195495
0.3268526932079997
0.32685331551016994
0.32685276796588414
0.32685276796588414
0.3268526932079997
0.3292929802131822
0.4556672248981795
0.32685276796588414
0.3268533902680544
0.3268526932079997
0.5535227430530666
0.3268526932079997
0.7957372607177207
0.32685331551016994
0.32685276796588414
0.3268703252912324
0.32685276796588414
0.3268526932079997
0.3268526932079997
0.32685276796588414
0.3268773888075124
0.3268526932079997
0.32685276796588414
0.32685276796588414
0.35472295119957886
0.3268526932079997
0.32685276796588414
0.3667760368601213
0.3268526932079997
0.32685331551016994
0.7310502308655138
0.32685276796588414
0.32685276796588414
0.5596293127212411
0.32685276796588414
0.3646409538548768
0.32685276796588414
0.32685276796588414
0.7957640537600177
0.329773868597085
0.5537078372303189
0.4556672248981795
0.3268533902680544
1.4414391584149269
0.42425582996237565
0.3268704000491168
0.3268526932079997
0.32685276796588414
0.3268526932079997
0.3268526932079997
0.3268526932079997
0.32685276796588414
0.32784080261865445
0.32685331551016994
0.3268526932079997
0.32685276796588414
0.3268526932079997
0.4242862872293302
0.32685276796588414
0.3268526932079997
0.3268526932079997
0.3283985300784361
0.34654968327783275
0.3268526932079997
0.3297733210527992
0.32685276796588414
0.36464157615704706
0.3268533902680544
0.3268703252912324
0.32685331551016994
0.3268526932079997
0.3268526932079997
0.32685331551016994
0.3547235735017491
0.3297732462949148
0.32685276796588414
0.32687102235128707
0.32685331551016994
0.3268526932079997
0.34656709405584973
0.8912319881690218
0.3268526932079997
0.3297733210527992
0.32685276796588414
0.3268533902680544
0.3268526932079997
0.32685276796588414
0.32685276796588414
0.32685276796588414
0.3283985300784361
0.32685331551016994
0.32685276796588414
0.3268773888075124
0.3268526932079997
0.32685276796588414
0.32685331551016994
0.32685276796588414
0.3268533902680544
1.1770440293118192
0.3268526932079997
0.5668283563853936
0.3268526932079997
0.3547228764416944
0.32685331551016994
0.3268704000491168
0.3268526932079997
0.3547405085249271
0.34712774702356086
0.3268526932079997
0.3268533902680544
1.4414401221982664
0.32685276796588414
0.32685276796588414
0.3268526932079997
0.3547228764416944
0.4544042185630948
0.3268526932079997
0.32685276796588414
0.5239049676172
0.3268703252912324
0.32685276796588414
0.32685276796588414
0.32685331551016994
0.3283978191948042
0.8912319881690218
0.3268526932079997
0.4242869981129621
0.32685276796588414
0.32685276796588414
0.32685276796588414
0.3268526932079997
0.32685276796588414
0.32784080261865445
0.3268526932079997
0.3268526932079997
0.3268526932079997
0.32685276796588414
0.32685331551016994
0.3268526932079997
0.4242869981129621
0.3268526932079997
0.3268773888075124
0.32685331551016994
0.3268533902680544
0.3268526932079997
0.3268526932079997
0.3268704000491168
0.3268773888075124
0.32685276796588414
0.32685331551016994
0.32685276796588414
1.4414391584149269
0.3268526932079997
0.3268526932079997
0.3268526932079997
0.3268526932079997
0.32685331551016994
0.3268526932079997
0.3268526932079997
0.32685276796588414
0.3646408790969924
0.7973330569653185
0.32685276796588414
0.3268526932079997
0.3268526932079997
1.1771270266577387
0.32685331551016994
0.3268526932079997
0.32685276796588414
0.3268533902680544
0.3268533902680544
0.3268526932079997
0.36464279171945524
0.32685276796588414
0.32685331551016994
0.32685331551016994
0.3268526932079997
0.32685331551016994
0.32685276796588414
0.32685276796588414
1.4414395809566978
0.36067666858947584
0.3268526932079997
0.32685276796588414
0.4242869981129621
0.32685331551016994
0.3268526932079997
0.3268526932079997
0.36677548931583553
0.32685276796588414
1.2334930033023344
0.3268533902680544
0.32685276796588414
0.3268526932079997
0.3292594035902798
0.36464157615704706
0.4556679357818114
0.32685331551016994
1.4406501690929305
0.3268533902680544
1.4414395809566978
1.2388434060150297
0.32685331551016994
0.3278401803164842
0.3268526932079997
0.32685331551016994
0.32685276796588414
0.3268526932079997
0.3471101896982126
1.4414405447400374
0.32685276796588414
0.3268526932079997
0.32685276796588414
0.3268773888075124
0.3297733210527992
0.3667754145579511
0.3283978191948042
0.7957641285179022
0.5486132719969664
0.32685331551016994
0.32685276796588414
0.3268533902680544
0.3268533902680544
0.32685276796588414
0.3268533902680544
0.3268526932079997
1.4414391584149269
0.3297732462949148
0.32685276796588414
0.3268526932079997
0.3268533902680544
0.3268526932079997
0.3268526932079997
0.3268533902680544
0.3268533902680544
0.3268533902680544
0.3268533902680544
0.32685331551016994
0.3268526932079997
0.35472295119957886
0.3268526932079997
0.3268526932079997
0.3268533902680544
0.3268526932079997
0.3297732462949148
0.3268533902680544
0.3268526932079997
0.3268526932079997
0.3268533902680544
0.32685276796588414
0.32685276796588414
0.33853762193752435
0.3268526932079997
0.32685276796588414
0.3268526932079997
0.45416759855356104
0.32685276796588414
0.32685331551016994
0.32685276796588414
0.3268526932079997
0.33853816948181015
0.3268526932079997
0.32685276796588414
0.3268526932079997
0.32685276796588414
0.3268526932079997
0.32685276796588414
0.32685276796588414
0.32685331551016994
0.3268533902680544
0.3268526932079997
0.32784025507436865
0.3268526932079997
0.3268526932079997
0.32685331551016994
0.32685276796588414
0.7957640537600177
0.32685276796588414
0.32685276796588414
0.32685331551016994
0.3268533902680544
0.3268526932079997
0.32685276796588414
0.3268526932079997
0.32685331551016994
0.32685276796588414
0.32685276796588414
0.32685276796588414
0.3268526932079997
0.3268526932079997
0.3268703252912324
0.32685276796588414
0.32685331551016994
0.36680080721751845
0.3268703252912324
0.3547235735017491
0.3268526932079997
0.36677548931583553
0.32685276796588414
0.3268533902680544
0.5239049676172
0.32685331551016994
0.3268526932079997
0.3667761116180057
0.3667754145579511
0.3268533902680544
0.3471101149403282
0.3268533902680544
0.55965984474608
0.32693566102992744
1.4414405447400374
0.3268526932079997
0.3268533902680544
0.32685276796588414
0.3268526932079997
0.3268526932079997
0.3268526932079997
0.3283985300784361
0.3283985300784361
0.7960323605379784
0.3268526932079997
0.3268526932079997
0.32685331551016994
0.3268526932079997
0.32685276796588414
0.3268526932079997
0.4250177629522176
0.3268526932079997
0.32685331551016994
0.8912329417586258
0.3268780111096826
0.3292246969869691
0.32685276796588414
0.3268526932079997
0.33813005462214
0.3268526932079997
0.3268526932079997
0.3268704000491168
0.3268526932079997
0.32685276796588414
0.3268526932079997
0.3268526932079997
0.326935586272043
0.32685276796588414
0.326935586272043
0.3268526932079997
0.32685276796588414
0.3268526932079997
0.8912319881690218
0.3465490609756625
0.32685331551016994
0.32685276796588414
0.3268526932079997
0.3268526932079997
0.3268533902680544
1.4414391584149269
0.32685276796588414
0.32685331551016994
0.32685331551016994
0.7957371859598362
0.3283985300784361
0.7957640537600177
0.32685276796588414
0.32685276796588414
0.32685276796588414
0.3268526932079997
0.4556672248981795
0.32685276796588414
0.523874435592361
0.3268526932079997
0.3547228764416944
0.34711081200038285
0.32685276796588414
0.3268526932079997
0.32685276796588414
0.3268526932079997
0.3268533902680544
0.5535227430530666
0.5535227430530666
0.3268526932079997
0.3268526932079997
0.32685276796588414
0.7903473621015898
0.32685276796588414
0.32685331551016994
0.3268526932079997
0.32685276796588414
0.32685276796588414
0.4242565408460075
0.32685331551016994
0.3268526932079997
0.32685331551016994
0.3268526932079997
0.3268533902680544
0.7957641285179022
0.32685276796588414
0.3268773888075124
0.3268526932079997
0.3268533902680544
0.3268526932079997
0.5238745103502453
0.5239049676172
0.32685276796588414
0.32685331551016994
0.3268526932079997
0.3268526932079997
0.9504664068299455
0.32685276796588414
0.3278578123997169
0.32685276796588414
0.3268526932079997
1.4180060584760383
0.4242869981129621
1.5676741708112205
0.32685276796588414
0.3268526932079997
0.32685276796588414
0.32685331551016994
0.3381293575620853
0.32685276796588414
0.3268526932079997
0.32685331551016994
0.32685276796588414
0.32685331551016994
0.3268526932079997
0.3268526932079997
0.32685276796588414
0.32685276796588414
0.3465497580357172
0.5239049676172
0.5668283563853936
0.3268526932079997
0.3268533902680544
0.3268526932079997
0.3268526932079997
0.32685276796588414
0.32685276796588414
0.32685331551016994
0.3268526932079997
0.32685276796588414
0.3642618024226971
0.32685276796588414
0.36677548931583553
0.32685276796588414
0.3268526932079997
0.3646409538548768
0.32685331551016994
0.3268533902680544
0.3268526932079997
0.32685276796588414
0.3268526932079997
0.3268703252912324
0.32685276796588414
0.32839844149697445
0.3268526932079997
0.3268526932079997
0.32685276796588414
0.3471107372424984
0.8912329417586258
0.32685276796588414
0.3268533902680544
0.32685276796588414
0.32685276796588414
0.3268533902680544
0.32685276796588414
0.3268533902680544
0.3268526932079997
0.3268526932079997
0.3268526932079997
0.36677548931583553
0.3268526932079997
0.32685276796588414
0.32685276796588414
0.32685331551016994
0.32685276796588414
0.4242862872293302
0.4242565408460075
0.3268526932079997
0.8912329417586258
0.3268526932079997
0.3268533902680544
0.3268526932079997
0.3269362085742133
0.3268526932079997
0.3268533902680544
0.32685276796588414
0.32693628333209773
0.32685276796588414
0.32685331551016994
0.3268526932079997
0.32685276796588414
0.5668283563853936
0.32685276796588414
0.3268526932079997
0.32685331551016994
0.3268533902680544
0.32685331551016994
0.32685331551016994
0.32685276796588414
0.3268526932079997
0.8912240674011968
1.4414401221982664
0.3268526932079997
0.3268526932079997
0.32685331551016994
0.32839915238060635
0.3268533902680544
0.32685276796588414
0.4468497242395054
0.32685276796588414
0.3268533902680544
0.5821300838432796
0.3268526932079997
0.3268526932079997
0.32685276796588414
0.3269362085742133
0.3268533902680544
0.8912240674011968
0.32685276796588414
0.32685276796588414
0.3297732462949148
0.3268526932079997
0.32685331551016994
0.32685331551016994
0.32685276796588414
0.3381294323199697
0.32685276796588414
0.3297733210527992
0.3278401803164842
0.3268526932079997
0.3268526932079997
0.3268526932079997
0.3268526932079997
0.3268526932079997
0.3268526932079997
0.3268526932079997
0.3268526932079997
0.3268526932079997
0.3268526932079997
0.32685276796588414
0.3268526932079997
0.32685331551016994
0.32685276796588414
0.3268533902680544
0.32685331551016994
0.3465490609756625
0.3268533902680544
0.32685276796588414
0.3268703252912324
0.3268526932079997
0.7788247584903022
0.32930766480889695
0.7957640537600177
0.32685276796588414
0.3268526932079997
0.32685276796588414
0.8912319881690218
0.32685276796588414
0.32685276796588414
0.3268526932079997
0.3268526932079997
0.3268526932079997
0.3268526932079997
0.3268526932079997
0.3268526932079997
0.7960593030960443
0.3268526932079997
0.8912329417586258
0.4556885755221038
0.3268526932079997
0.32685276796588414
0.3268526932079997
0.32685276796588414
0.3268526932079997
0.3297733210527992
0.3268533902680544
0.3268526932079997
0.32784080261865445
0.3268526932079997
0.32784080261865445
0.8912319881690218
0.32685276796588414
0.32685276796588414
0.4250177629522176
0.3297980166523119
0.3268533902680544
0.3268526932079997
0.3268526932079997
0.3268526932079997
0.34656709405584973
0.32685276796588414
0.32685276796588414
0.5239049676172
0.32685276796588414
0.4242869981129621
0.32685331551016994
0.32685276796588414
0.32685276796588414
0.3268526932079997
0.32685276796588414
0.32685276796588414
0.7957641285179022
0.32685331551016994
0.3268526932079997
0.3268526932079997
0.32841467214089237
0.32685276796588414
0.32685276796588414
0.3268526932079997
0.7957640537600177
0.32685276796588414
0.3268526932079997
0.3268526932079997
0.32685276796588414
0.32685331551016994
0.32685276796588414
0.32685331551016994
0.3268526932079997
0.3268526932079997
0.3268526932079997
0.32685276796588414
0.3268703252912324
0.32685331551016994
0.6924888977268766
0.7888049491080744
0.3268533902680544
0.3268526932079997
0.3297732462949148
0.3268526932079997
0.32685331551016994
0.42498659480163115
0.4242869981129621
0.32685276796588414
0.3268526932079997
0.32685276796588414
0.3292493925864818
0.32685276796588414
0.32685276796588414
0.3268526932079997
0.32685276796588414
0.3278401803164842
0.3268526932079997
0.32685276796588414
0.34654913573354695
0.3268526932079997
0.7973330569653185
0.3268526932079997
0.3268526932079997
0.3268526932079997
0.32839915238060635
0.8912319881690218
0.32685276796588414
0.329773868597085
0.3268526932079997
0.32685276796588414
0.3292347827486515
0.32685276796588414
0.32977394335496946
0.3268703252912324
0.34654968327783275
0.3268526932079997
0.3268526932079997
0.3283978191948042
0.7957641285179022
0.32685331551016994
0.32687808586756706
0.3268773888075124
1.2950916502000436
1.419643151367372
1.4414401221982664
0.32685331551016994
0.3268533902680544
0.3268526932079997
0.5535227430530666
0.3268774635653968
0.3268526932079997
0.32685331551016994
0.32685276796588414
0.8914110840292147
0.3268526932079997
0.3268526932079997
0.3283978191948042
0.3268526932079997
0.3268526932079997
0.3268526932079997
0.32685331551016994
0.34654968327783275
1.4414501097169305
0.3268526932079997
0.3268526932079997
0.329773868597085
0.32685276796588414
0.3268533902680544
0.3268533902680544
0.3268526932079997
0.3268526932079997
0.32685276796588414
0.3268533902680544
0.32685331551016994
0.3268526932079997
0.3268526932079997
0.32685276796588414
0.3667760368601213
0.3268526932079997
0.3268526932079997
0.32685276796588414
0.32685276796588414
0.9504664068299455
0.3292246969869691
0.5668293099749976
0.3646409538548768
0.3268533902680544
0.32685276796588414
0.32685276796588414
0.3268526932079997
0.5668801186043679
0.3268526932079997
0.3268526932079997
0.32685276796588414
0.3268526932079997
1.4414391584149269
0.3285787369983459
0.32685276796588414
0.7957640537600177
0.32685276796588414
0.4242565408460075
0.3268526932079997
0.3268533902680544
0.32685276796588414
0.3292246969869691
0.32685331551016994
0.32685276796588414
0.32685276796588414
0.32685276796588414
0.3268533902680544
0.3268526932079997
0.32685276796588414
0.32685276796588414
0.3268526932079997
0.3268526932079997
0.3268533902680544
0.32685276796588414
0.32685276796588414
0.32741374717266536
0.3268533902680544
0.3268526932079997
0.32685331551016994
0.32685276796588414
0.3268533902680544
0.42501705206858575
0.34654913573354695
0.5239048928593155
0.3268526932079997
0.32685331551016994
0.32685276796588414
0.32685276796588414
0.3268526932079997
0.32685276796588414
0.32685276796588414
0.36067612104519003
0.3471101896982126
0.32685276796588414
0.32685276796588414
0.32685276796588414
0.3268526932079997
0.3268526932079997
0.3268526932079997
0.3667761116180057
0.32685276796588414
0.3268533902680544
0.3268526932079997
0.32685276796588414
0.3268703252912324
0.3268526932079997
0.4567332568552306
0.3292493925864818
0.32979087837814747
0.3268533902680544
0.32685276796588414
0.3283978191948042
1.177371526481171
0.32685276796588414
0.32685331551016994
0.326935586272043
0.3547482691012618
0.3268526932079997
0.5924470818259978
0.3268526932079997
0.32685276796588414
0.3268526932079997
0.7957640537600177
0.3268526932079997
0.32687102235128707
0.3268526932079997
0.3268526932079997
1.4414391584149269
0.3268526932079997
0.32685331551016994
0.3268526932079997
0.32977394335496946
0.32685276796588414
0.32685276796588414
0.3268526932079997
0.3268526932079997
0.32685276796588414
0.3471101896982126
0.3268526932079997
0.32685276796588414
0.32685331551016994
0.3268526932079997
0.553522817810951
0.3283978191948042
0.32685276796588414
1.4414405447400374
0.32685276796588414
0.32685276796588414
0.3268526932079997
0.32685276796588414
0.3268533902680544
0.3268526932079997
0.32685331551016994
0.3268533902680544
0.8912319881690218
0.32685276796588414
0.32685276796588414
0.3278408773765389
0.32685331551016994
0.32685276796588414
0.32857866224046145
0.32685276796588414
0.3292246969869691
0.3268526932079997
0.3292828944514998
0.32685276796588414
0.3268526932079997
0.32685276796588414
0.32685276796588414
0.3268526932079997
0.32685276796588414
0.3268533902680544
0.3268773888075124
0.3268526932079997
0.3268526932079997
0.42425582996237565
0.3268526932079997
0.32784025507436865
0.36677670487824376
0.3268533902680544
0.3268526932079997
0.35472295119957886
0.3268526932079997
0.3292493925864818
0.3268526932079997
0.6745609686926594
0.32691151297470056
0.35472295119957886
0.32685276796588414
0.32687102235128707
0.32685276796588414
0.3268526932079997
0.35474819434337734
0.3268526932079997
0.5241204443035224
0.3268526932079997
0.3268526932079997
0.32685276796588414
0.32685331551016994
0.32685276796588414
0.32685276796588414
0.3268703252912324
0.34654913573354695
0.32685276796588414
0.5668283563853936
0.32685276796588414
0.3268526932079997
0.4556374785148568
0.3268526932079997
0.7957640537600177
0.3285886732442594
0.32685276796588414
0.3268774635653968
0.32685276796588414
0.4556374785148568
0.32685276796588414
0.3268773888075124
