0.3268533902680544
0.3268526932079997
0.32685331551016994
0.32685331551016994
0.3292246969869691
0.32685331551016994
0.447579778195129
0.3268533902680544
0.8912250209908006
0.3268526932079997
0.3268526932079997
0.32685331551016994
0.32685331551016994
0.3268526932079997
0.3268526932079997
0.3268533902680544
0.32685331551016994
0.32839844149697445
0.3268526932079997
0.7973330569653185
0.32691151297470056
0.32685331551016994
0.3268780111096826
0.32685331551016994
1.6406898438678086
0.3268526932079997
0.4468490133558735
0.33853816948181015
0.7957371859598362
0.3268533902680544
0.32685331551016994
0.3547235735017491
0.32685331551016994
0.32685276796588414
0.32685331551016994
0.3465490609756625
0.3268533902680544
0.3268533902680544
0.3268533902680544
0.3268526932079997
0.3268526932079997
1.4188555483704859
0.3471107372424984
0.32685331551016994
0.3268533902680544
0.32685331551016994
0.32685331551016994
0.32685331551016994
0.3268533902680544
0.32685276796588414
0.3269362085742133
0.32839915238060635
0.3268526932079997
0.32685276796588414
0.3278401803164842
0.3471101149403282
0.32685331551016994
0.4651185691181464
0.42425582996237565
0.3268526932079997
0.32685331551016994
0.32685331551016994
0.32685331551016994
0.3268526932079997
0.3268526932079997
0.5246079338681527
0.32685331551016994
0.32685331551016994
0.32685276796588414
0.32685331551016994
0.32685276796588414
0.32685331551016994
0.32685331551016994
0.3268533902680544
0.32922477174485354
0.3268533902680544
0.33243787093287425
0.3268526932079997
0.32685331551016994
0.3285886732442594
0.32685331551016994
0.32685331551016994
0.32685331551016994
0.3268533902680544
0.3285787369983459
0.4242565408460075
0.3274143694748356
0.3268533902680544
0.3465497580357172
0.3269362085742133
0.3268526932079997
0.3268533902680544
0.3268526932079997
0.3268533902680544
0.3268533902680544
0.5668306098571383
0.3315515540139199
0.3268533902680544
0.32685331551016994
0.32685331551016994
0.32685331551016994
0.32685331551016994
0.5668296562675345
0.32685276796588414
0.3268526932079997
0.3274143694748356
0.7957371859598362
0.3268533902680544
0.32685331551016994
0.32685276796588414
0.32685331551016994
0.3268526932079997
0.8912240674011968
0.3409196367202917
0.32685331551016994
0.32685331551016994
0.3268533902680544
0.32741374717266536
0.32685276796588414
0.32685331551016994
0.5668296562675345
0.32685331551016994
0.3268533902680544
0.3268526932079997
0.32685331551016994
0.3268533902680544
0.32685331551016994
0.3268704000491168
0.32685331551016994
0.32685331551016994
0.3547228764416944
0.3268533902680544
0.32685331551016994
0.32685331551016994
0.55965984474608
0.566879165014764
0.32685331551016994
0.3268526932079997
0.32685331551016994
0.32685331551016994
0.3268533902680544
0.3278408773765389
0.32922477174485354
0.32861344360165656
0.32685331551016994
0.3268533902680544
0.3471107372424984
0.32685331551016994
0.3268526932079997
0.3268533902680544
0.32685331551016994
0.32685331551016994
0.3268533902680544
0.3268533902680544
0.33853816948181015
0.32685276796588414
0.3268533902680544
0.5668296562675345
0.32685331551016994
0.3268526932079997
0.32784025507436865
0.3268526932079997
0.3268533902680544
0.3268533902680544
0.3278408773765389
0.3268526932079997
0.32685331551016994
0.32685331551016994
0.3268533902680544
0.32685331551016994
0.32685331551016994
0.32685331551016994
0.32685331551016994
0.32685331551016994
1.4196545252111463
0.356047209710564
0.32685331551016994
0.8668457145722155
0.32685331551016994
0.32860335783997413
0.32685331551016994
0.32685331551016994
0.7957372607177207
0.32685331551016994
0.3278408773765389
0.34654968327783275
0.32685331551016994
0.32685276796588414
0.32685331551016994
0.3268533902680544
0.329773868597085
0.32687808586756706
0.3268526932079997
0.32693628333209773
0.33813005462214
0.32685331551016994
0.32691151297470056
0.3268526932079997
0.32685331551016994
0.3268526932079997
0.3268533902680544
0.32685276796588414
0.32685331551016994
0.32685331551016994
0.3289574208986534
0.32685331551016994
0.3268780111096826
0.32685331551016994
0.32685331551016994
0.32685331551016994
0.32685331551016994
0.3471107372424984
0.329773868597085
0.32685331551016994
0.3268533902680544
0.32685331551016994
0.3268533902680544
0.32685331551016994
0.3268533902680544
0.32784080261865445
0.32685331551016994
0.3268533902680544
0.32685331551016994
0.3268533902680544
0.33813005462214
0.3268526932079997
0.32685331551016994
0.9418430097426558
0.3268709475934026
0.3268526932079997
0.32685331551016994
0.9510187708439789
0.3268533902680544
0.32685331551016994
0.3268533902680544
0.3471101896982126
0.32685331551016994
0.3547235735017491
0.3268526932079997
0.32685331551016994
0.7957640537600177
0.3268533902680544
0.32693566102992744
0.3268526932079997
0.32685331551016994
0.32685331551016994
0.3268533902680544
0.32685331551016994
0.5246079338681527
0.3268526932079997
0.32685331551016994
0.3268526932079997
0.32685331551016994
0.33853816948181015
0.32685331551016994
0.32685331551016994
0.3268533902680544
0.3268533902680544
0.32685331551016994
0.32685331551016994
0.32685276796588414
0.32685331551016994
0.32685331551016994
0.32685331551016994
0.32685276796588414
0.32685331551016994
0.32685331551016994
0.32685331551016994
0.3268533902680544
0.32685331551016994
0.32685331551016994
0.32685331551016994
0.34654968327783275
0.3268533902680544
0.32784080261865445
0.3268526932079997
0.32685331551016994
0.3268526932079997
0.32685331551016994
0.3307607334033993
0.32685331551016994
0.3268526932079997
0.32685276796588414
0.3381299798642556
0.32685331551016994
0.3268704000491168
0.34663265109976055
0.3278408773765389
0.32685331551016994
1.4414514960420408
0.32685276796588414
0.3268533902680544
0.32784080261865445
0.32839844149697445
0.32685276796588414
0.3285886732442594
0.32685331551016994
0.32685331551016994
0.3268526932079997
0.4242565408460075
0.3268533902680544
0.32685331551016994
0.3547228764416944
0.3268533902680544
0.32685331551016994
0.3268526932079997
0.32685331551016994
0.3268533902680544
0.32685331551016994
0.3268526932079997
0.32685331551016994
0.3268533902680544
0.32685331551016994
0.3465497580357172
0.32685331551016994
0.32685331551016994
0.4252646091167098
0.32685331551016994
0.5668804648969048
0.32685331551016994
0.32693566102992744
0.3268533902680544
0.5111595313612706
0.3268526932079997
0.32741444423272004
0.32685331551016994
0.32685331551016994
0.32685331551016994
0.3268526932079997
1.4414501097169305
0.32685331551016994
0.3286133688437721
0.3268533902680544
0.32685331551016994
0.3268533902680544
0.32685331551016994
0.3268533902680544
0.32685331551016994
0.3268526932079997
0.32685276796588414
0.32685331551016994
0.3385382442396946
0.523874435592361
0.3497889330287446
0.3471101149403282
0.7960323605379784
1.4414501097169305
0.32685331551016994
0.3268533902680544
0.3268526932079997
0.32685331551016994
0.32685331551016994
0.32685331551016994
0.8912250209908006
0.33813005462214
0.5668296562675345
0.32685331551016994
0.35472349874386466
0.3268526932079997
0.3268526932079997
0.32685331551016994
0.3547235735017491
0.32685331551016994
0.32685331551016994
0.32685331551016994
0.32685331551016994
0.32685331551016994
0.32685331551016994
0.3268533902680544
0.8912240674011968
0.32685331551016994
0.3292347827486515
0.32685331551016994
0.34654968327783275
0.32685331551016994
0.3465497580357172
0.3292347827486515
0.32685331551016994
0.32685331551016994
0.32685331551016994
0.32685331551016994
0.3268533902680544
0.32685276796588414
0.3268526932079997
0.34656731536106544
0.32685276796588414
0.3268533902680544
0.5668296562675345
0.32784080261865445
0.32685331551016994
0.3268533902680544
0.32685331551016994
0.32685331551016994
0.32784080261865445
0.3286133688437721
0.3268533902680544
0.42425582996237565
0.32685331551016994
0.34711081200038285
0.3268526932079997
0.3268533902680544
0.32685331551016994
0.32685331551016994
0.3268533902680544
0.3268533902680544
0.3268704000491168
0.3268526932079997
0.33853816948181015
0.3268526932079997
0.7903545786025488
0.32685331551016994
0.32685331551016994
0.3268526932079997
0.5668804648969048
0.3268533902680544
0.3268533902680544
0.32685331551016994
0.4253826704027188
0.3268526932079997
0.3268533902680544
0.32685276796588414
0.32685331551016994
0.32685331551016994
0.3268533902680544
0.3269362085742133
0.32685331551016994
0.32685276796588414
0.32685331551016994
0.523874435592361
0.32687808586756706
0.32685276796588414
0.32685331551016994
0.32685331551016994
0.32685331551016994
0.3268526932079997
0.33853816948181015
0.3268526932079997
0.3268533902680544
0.3268533902680544
0.3547235735017491
1.4414501097169305
0.32685331551016994
0.32685331551016994
0.32685331551016994
0.3268533902680544
0.3268533902680544
0.32685331551016994
0.32685331551016994
0.3268533902680544
0.3268533902680544
0.3268533902680544
0.3268533902680544
0.8912250209908006
0.34654968327783275
0.32685331551016994
0.32685331551016994
0.3268526932079997
0.32685331551016994
0.32839844149697445
0.32685331551016994
0.4242862872293302
0.32685331551016994
0.32685276796588414
0.32685331551016994
0.32685331551016994
0.32685276796588414
0.32685331551016994
0.35472349874386466
0.32685331551016994
0.32685331551016994
0.32685331551016994
0.3268526932079997
0.32923470799076704
0.3471107372424984
0.3268533902680544
0.3285886732442594
0.3268533902680544
0.32685331551016994
0.32685331551016994
0.32685331551016994
0.3268533902680544
0.3268533902680544
0.3268533902680544
0.3268533902680544
0.32685276796588414
0.32977394335496946
0.3268533902680544
0.3268533902680544
0.3268533902680544
0.32685331551016994
0.329773868597085
0.32685331551016994
0.3268533902680544
0.3268526932079997
0.3278408773765389
0.3268533902680544
0.33853816948181015
1.4414501097169305
0.3268526932079997
0.34654968327783275
0.32685331551016994
0.3268526932079997
0.32784080261865445
0.32685331551016994
0.3268533902680544
0.32685331551016994
0.3268526932079997
0.3471283693257311
0.32685331551016994
0.32685331551016994
0.3286133688437721
0.3268526932079997
0.32685331551016994
0.32685276796588414
0.3268526932079997
0.32685331551016994
0.32741374717266536
0.5651496321937681
0.32685331551016994
0.3268533902680544
0.32784025507436865
0.32685331551016994
0.4242565408460075
0.35472349874386466
0.5246080086260372
0.3268533902680544
0.3268533902680544
0.7960324352958629
0.3292246969869691
0.3286133688437721
0.32685331551016994
0.32685276796588414
0.3268533902680544
0.3268533902680544
0.32687102235128707
0.3268533902680544
0.32685276796588414
0.3268526932079997
0.32685331551016994
0.3381299798642556
0.32685331551016994
0.32685276796588414
1.4196545252111463
0.3547235735017491
0.7957372607177207
0.32685276796588414
0.32685276796588414
0.32685331551016994
0.32685331551016994
0.32685331551016994
0.32685331551016994
0.3268709475934026
0.32685331551016994
0.3268533902680544
0.32685331551016994
0.3297915006803177
0.3268533902680544
0.32685331551016994
0.32685331551016994
0.32685331551016994
0.3268533902680544
0.3268533902680544
0.32685331551016994
0.32685331551016994
0.3268533902680544
0.32685331551016994
0.44687947062282807
0.3268780111096826
0.329773868597085
0.7960324352958629
0.34711081200038285
0.32685331551016994
0.3268533902680544
0.32685331551016994
0.32685331551016994
0.32685276796588414
0.32685331551016994
0.32685331551016994
0.32685331551016994
0.79605922833816
0.32685331551016994
0.32685331551016994
0.3268533902680544
0.42425582996237565
0.3268533902680544
1.4511104495379488
0.32685276796588414
0.326935586272043
0.32685331551016994
0.3268773888075124
0.3268533902680544
0.3268526932079997
0.32685331551016994
0.32685276796588414
0.32685331551016994
0.3268533902680544
0.3268533902680544
0.32685331551016994
0.32685331551016994
0.3268533902680544
0.32685331551016994
0.3268526932079997
0.32685331551016994
0.32685331551016994
0.32685331551016994
0.32685331551016994
0.4468497242395054
0.3268533902680544
0.32685331551016994
0.3278401803164842
0.32691151297470056
0.3268533902680544
0.3385382442396946
0.3268533902680544
0.32691151297470056
0.5668804648969048
0.3268533902680544
0.5238745103502453
0.32685331551016994
0.32685331551016994
0.4468497242395054
0.32685331551016994
0.32685331551016994
0.32685331551016994
0.32685331551016994
0.32685331551016994
0.32685331551016994
0.32685331551016994
0.32685331551016994
0.32685331551016994
0.3268526932079997
0.3268533902680544
0.3465497580357172
0.32685331551016994
0.3268533902680544
0.32685331551016994
0.3268533902680544
0.32685331551016994
0.3268533902680544
0.3268533902680544
0.32685331551016994
0.3268533902680544
1.4414501097169305
0.32685276796588414
0.32685331551016994
0.3381299798642556
0.3268533902680544
0.48006786569239035
0.32685331551016994
0.32685276796588414
0.35472349874386466
0.32685331551016994
0.32685331551016994
0.32685331551016994
0.32685331551016994
0.32685331551016994
0.32685276796588414
0.3268526932079997
0.3269362085742133
0.3268773888075124
0.3278401803164842
0.32685331551016994
0.3465497580357172
0.3269362085742133
0.3547235735017491
0.32685331551016994
0.3268533902680544
0.32685331551016994
0.3285886732442594
0.42425582996237565
0.3268533902680544
0.3274143694748356
0.7957372607177207
0.3268533902680544
0.32685331551016994
0.32685331551016994
0.32685331551016994
0.3268533902680544
0.3268533902680544
0.32685331551016994
0.32685276796588414
0.3547235735017491
0.3321553358355666
0.3285886732442594
0.3268533902680544
0.32685331551016994
0.32685331551016994
0.3268533902680544
0.32685331551016994
0.32685331551016994
0.3268533902680544
0.32685331551016994
0.3292246969869691
0.32685331551016994
0.32685331551016994
0.32685331551016994
0.566879165014764
0.32685331551016994
0.3268533902680544
0.32685331551016994
0.32685331551016994
0.7957372607177207
0.32839915238060635
0.32685331551016994
0.34654968327783275
1.5836121723295633
0.32685331551016994
0.3268533902680544
0.32685331551016994
0.32685331551016994
0.329773868597085
0.3268533902680544
0.32685331551016994
0.3268526932079997
0.3268533902680544
0.32685331551016994
0.3268533902680544
0.3268533902680544
0.3268533902680544
0.3268533902680544
0.32839844149697445
0.32685331551016994
0.5668804648969048
0.5596293127212411
1.4420487562430702
0.3274143694748356
0.3268533902680544
0.34654913573354695
0.3268533902680544
0.3268526932079997
0.32685331551016994
0.32685331551016994
0.32687102235128707
0.4242869981129621
0.32685331551016994
0.32861344360165656
0.3268526932079997
1.441452027739111
0.32685331551016994
0.42425582996237565
0.32685331551016994
0.3547235735017491
0.3268533902680544
1.4414505322587012
0.3268526932079997
0.3285886732442594
0.3268526932079997
0.32685331551016994
0.32685331551016994
0.32685331551016994
0.3471283693257311
0.3268533902680544
0.32685331551016994
0.32685331551016994
0.32685331551016994
0.32685331551016994
0.32685331551016994
0.32685331551016994
0.32685331551016994
0.3268533902680544
0.3268526932079997
0.9316372448063432
0.32685331551016994
0.3268533902680544
0.3278401803164842
0.3268533902680544
0.32685276796588414
0.32685331551016994
0.3268533902680544
0.32685276796588414
0.3268526932079997
0.32685331551016994
0.3268533902680544
0.3268526932079997
0.3269362085742133
0.3268533902680544
0.32685331551016994
0.3268533902680544
0.3268533902680544
0.3285886732442594
0.32685331551016994
0.3268526932079997
0.32784025507436865
0.9504584860621205
0.32685276796588414
0.3268526932079997
0.5177911433868929
0.32685331551016994
0.32685331551016994
0.3289581317822853
0.32685331551016994
0.3268526932079997
0.32691151297470056
0.3268533902680544
0.32685331551016994
0.32685331551016994
0.33853762193752435
0.3268526932079997
0.3268533902680544
0.32685276796588414
0.3268533902680544
0.32685331551016994
0.32685331551016994
0.32685276796588414
0.3268533902680544
0.32685331551016994
0.3268526932079997
0.7957371859598362
0.3268533902680544
0.3268533902680544
0.3268526932079997
0.35472349874386466
0.3268533902680544
0.8885124152362023
0.3268709475934026
0.32685331551016994
0.32784080261865445
0.32685331551016994
0.32685276796588414
0.32685331551016994
0.5668283563853936
0.32685331551016994
0.3471107372424984
0.3268526932079997
0.3289581317822853
0.32685331551016994
0.32685331551016994
0.32685331551016994
0.3268533902680544
0.3268526932079997
0.32685331551016994
0.32685331551016994
0.3268526932079997
0.3268526932079997
0.3268709475934026
0.32685331551016994
0.32685331551016994
0.32685331551016994
0.5668804648969048
0.3268526932079997
0.32685331551016994
0.326911587732585
0.33853945980210276
0.3268533902680544
0.7957640537600177
0.32685331551016994
1.4414405447400374
0.3268533902680544
0.32685331551016994
0.3297732462949148
0.3268526932079997
0.3268526932079997
0.32685331551016994
0.32685331551016994
0.32685331551016994
0.32685331551016994
0.32685331551016994
0.3268526932079997
0.7960323605379784
0.3268533902680544
0.3268533902680544
0.32685331551016994
0.32685276796588414
0.3268533902680544
0.32685331551016994
0.32685331551016994
0.32685276796588414
0.32685331551016994
0.32685331551016994
0.32685331551016994
0.3286368597049921
0.3268526932079997
0.3297915006803177
0.32685276796588414
0.3268533902680544
0.3278401803164842
0.32685331551016994
0.32685331551016994
0.32685331551016994
0.32784080261865445
0.3268709475934026
0.32685331551016994
0.34711081200038285
0.32685331551016994
0.3289574208986534
0.32685331551016994
0.3268526932079997
0.32685276796588414
0.3268533902680544
0.34711081200038285
0.3268533902680544
1.4414505322587012
0.3547235735017491
0.32685331551016994
0.32685331551016994
0.32685331551016994
0.3268533902680544
0.32685331551016994
0.32857866224046145
0.7960323605379784
0.3268533902680544
0.3289581317822853
0.32685331551016994
0.3471107372424984
0.32839844149697445
0.3268533902680544
0.32923470799076704
0.3268533902680544
0.32685331551016994
0.32685331551016994
0.32685331551016994
0.3268533902680544
0.3268533902680544
0.3268533902680544
0.32685331551016994
0.32685331551016994
0.3268533902680544
0.3285886732442594
0.3268533902680544
0.32685331551016994
0.32685331551016994
0.32685331551016994
0.42425582996237565
0.3292594035902798
0.32685331551016994
0.3268526932079997
0.3268533902680544
0.3547235735017491
0.32685331551016994
0.32685331551016994
0.32685331551016994
0.3268533902680544
0.3381299798642556
0.3268526932079997
0.32685331551016994
0.8912240674011968
0.32685331551016994
0.32685331551016994
0.32685331551016994
0.5668804648969048
0.32685331551016994
0.32685331551016994
0.3268526932079997
0.3268533902680544
0.32685331551016994
1.4414505322587012
0.32685331551016994
0.32685331551016994
0.3268533902680544
0.3292347827486515
0.32685331551016994
0.32685331551016994
0.3268533902680544
0.3268533902680544
0.32923470799076704
0.3268533902680544
0.3547235735017491
0.3268533902680544
0.4242862872293302
0.3268533902680544
0.3268526932079997
0.3268533902680544
0.32685331551016994
0.3268533902680544
0.32839915238060635
0.32685276796588414
0.3268533902680544
0.32685331551016994
0.32685331551016994
0.32685331551016994
0.35472349874386466
0.567490810300207
0.32685331551016994
0.3268533902680544
0.32685331551016994
0.5668814184865086
0.32691151297470056
0.3268533902680544
0.32685331551016994
0.3268533902680544
0.32685276796588414
0.32685331551016994
0.3547235735017491
0.32685331551016994
0.3274143694748356
0.32685331551016994
0.32685331551016994
0.3268533902680544
0.3268533902680544
0.3465497580357172
0.32685331551016994
0.7957640537600177
0.32685276796588414
0.32685331551016994
0.3268526932079997
0.3268526932079997
0.32685331551016994
0.3268526932079997
0.32685331551016994
0.32685331551016994
