0.32716003584364683
0.32716003584364683
0.32716003584364683
0.3271606581458171
0.32716003584364683
0.9071256902739103
0.3322034475384149
0.32716003584364683
1.620170220404379
0.32716003584364683
0.5625221046311004
0.32716003584364683
0.32716003584364683
0.32716003584364683
0.6891882787211245
0.32716003584364683
0.32717688878973494
0.32717688878973494
0.32717688878973494
0.32716003584364683
0.32716003584364683
0.32716003584364683
0.9880799718928676
0.32716003584364683
0.3638161912663855
0.3271606581458171
0.32716003584364683
0.3271606581458171
0.32716003584364683
0.32717688878973494
0.32716003584364683
0.3271833147707137
0.32715861917120104
0.32717751109190524
0.32716003584364683
0.32716003584364683
0.3271606581458171
0.32717688878973494
0.32716003584364683
0.7279257892779304
0.3271606581458171
0.32716003584364683
0.9668922871757891
0.32716003584364683
0.3271606581458171
0.3271833147707137
0.4252982868439156
0.3271606581458171
0.32716003584364683
0.32716003584364683
0.32716003584364683
0.32716003584364683
0.32716003584364683
0.3271833147707137
0.32716003584364683
0.32716003584364683
0.32716003584364683
0.32716003584364683
1.0432910819298926
0.32716003584364683
0.32716003584364683
0.34560130960177515
0.32716003584364683
0.3276052193034541
0.3271606581458171
0.32716003584364683
0.32716003584364683
0.32715861917120104
0.3271592414733713
0.32716003584364683
0.5625221046311004
1.620170220404379
0.32716003584364683
0.32716003584364683
0.32716003584364683
0.32716003584364683
0.32716003584364683
0.32716003584364683
0.3271606581458171
0.32716003584364683
0.32716003584364683
0.32717688878973494
0.9071256902739103
0.32716003584364683
0.32716003584364683
0.32716003584364683
0.32715861917120104
0.32716003584364683
0.32716003584364683
0.32716003584364683
0.3271606581458171
0.32716003584364683
0.3271606581458171
0.32716003584364683
0.32717751109190524
0.3596379994369149
0.6891544005332516
0.32716003584364683
0.9886389134015385
0.32716003584364683
0.32717688878973494
0.32716003584364683
0.32716003584364683
0.3271833147707137
0.9880799718928676
0.32716003584364683
0.32716003584364683
0.32839923586725006
0.32716074672727874
0.32716003584364683
0.32716003584364683
0.32716003584364683
0.32716003584364683
0.9880799718928676
0.3271606581458171
0.32716003584364683
0.32716003584364683
0.32717688878973494
0.32716003584364683
0.5298714133537277
0.32716003584364683
0.3515735796434961
0.32716003584364683
0.3271606581458171
0.3271606581458171
0.3271606581458171
0.32716003584364683
0.3276052193034541
0.32716003584364683
0.32716074672727874
0.32716003584364683
0.3271606581458171
0.32715861917120104
0.3596394161093607
0.32716003584364683
0.3819749131310204
0.32716003584364683
0.32716003584364683
0.32716003584364683
0.32716003584364683
0.32716003584364683
0.32716003584364683
0.32716003584364683
0.3271606581458171
0.3271606581458171
0.32717688878973494
0.7278997937962769
0.34504153582982067
1.6308598791492002
0.32716003584364683
0.32716003584364683
0.32716003584364683
0.32716003584364683
0.7278997937962769
0.32716003584364683
0.32716003584364683
0.32716003584364683
0.32716003584364683
0.32716003584364683
0.32716003584364683
0.32716003584364683
0.32716003584364683
0.3271592414733713
0.32716003584364683
0.327161369029449
0.32716003584364683
0.32716003584364683
0.3271606581458171
0.32716003584364683
0.32715861917120104
0.6891882787211245
0.3638168135685557
0.7279244893957896
0.33119007657791893
0.32716003584364683
0.32716003584364683
0.32716003584364683
0.3271606581458171
0.32716003584364683
0.32762269455171245
0.32716003584364683
0.3271606581458171
0.36381670244953357
0.3271606581458171
0.32716003584364683
0.32716003584364683
0.32716003584364683
0.32716003584364683
0.32716003584364683
0.3271606581458171
0.32716003584364683
0.32715861917120104
0.32716003584364683
0.3450423302000963
0.32716003584364683
0.32716003584364683
0.32716003584364683
0.33099078019952843
0.32716003584364683
0.7278997937962769
1.6201701943053584
0.32716003584364683
0.32716003584364683
0.32716003584364683
0.32716003584364683
0.33096608460001575
0.32716003584364683
0.3271606581458171
0.32716003584364683
0.32716003584364683
0.32716003584364683
0.32716003584364683
0.32716003584364683
0.32716003584364683
0.32716003584364683
0.32716003584364683
0.32716003584364683
0.32716003584364683
0.32716003584364683
0.32716003584364683
0.32716003584364683
0.32716003584364683
0.32716003584364683
0.3596394161093607
0.3271592414733713
0.32716003584364683
0.3307613557055695
0.32716003584364683
0.36381670244953357
0.350115148421567
0.32717688878973494
0.32716003584364683
0.3450423302000963
0.32716003584364683
0.3271606581458171
0.32716003584364683
0.32716003584364683
0.3271606581458171
0.32716003584364683
0.32716003584364683
0.3638147745939397
0.32716003584364683
0.3271606581458171
0.3276052193034541
0.32716003584364683
0.32716003584364683
0.32716003584364683
0.32716003584364683
0.3272001677168018
0.33096608460001575
0.33119007657791893
0.7279238813831017
0.32717688878973494
0.32716003584364683
0.3271847314431595
0.32716003584364683
0.32717751109190524
0.32716003584364683
0.32716003584364683
0.32983144375944545
0.32716003584364683
0.32717688878973494
0.32716003584364683
0.8911618400217308
0.32716003584364683
0.32716003584364683
0.32716003584364683
0.32716003584364683
0.3271606581458171
0.3271606581458171
0.32717688878973494
0.32716003584364683
0.32716003584364683
0.32716003584364683
0.3271606581458171
1.0432910819298926
0.32716003584364683
0.32716003584364683
0.32716003584364683
0.32716003584364683
0.32716003584364683
0.32716003584364683
0.32716003584364683
0.5298409560867731
0.32716003584364683
0.32716003584364683
0.32716003584364683
0.32716003584364683
0.32715861917120104
0.3271606581458171
0.3638147745939397
0.6954702095361794
0.32716003584364683
0.32716003584364683
0.32716003584364683
0.3450423302000963
0.33119007657791893
0.3271592414733713
0.3271606581458171
1.620170220404379
0.32716003584364683
0.32716003584364683
0.7413585985573289
0.3271606581458171
0.3271606581458171
0.32716003584364683
0.32716003584364683
0.3276052193034541
0.32716003584364683
0.3271606581458171
0.32716003584364683
0.32716003584364683
0.3271606581458171
0.3271606581458171
1.0432910819298926
0.32716003584364683
0.3271606581458171
0.32716003584364683
0.32716003584364683
0.3271606581458171
0.6891028371335574
0.3271606581458171
0.32716003584364683
0.32716003584364683
0.32716003584364683
0.32716003584364683
0.32716003584364683
0.32717688878973494
0.32716003584364683
0.32983144375944545
0.32716003584364683
0.32716003584364683
0.32717688878973494
0.32716003584364683
0.32716003584364683
0.32716003584364683
0.32716003584364683
0.32716003584364683
0.3596407492951629
0.32716003584364683
0.32716003584364683
0.3450423302000963
0.32716003584364683
0.3271606581458171
1.6201698123046004
0.32716003584364683
0.32716003584364683
0.5298714133537277
0.32716003584364683
0.32716003584364683
0.32716003584364683
0.32716003584364683
0.3271606581458171
0.32716003584364683
0.32717547211728915
0.32717688878973494
0.32716003584364683
0.5625221046311004
0.32716003584364683
0.3271606581458171
0.3271606581458171
0.32717688878973494
0.32716003584364683
0.32716074672727874
0.32716003584364683
0.32716003584364683
0.32716003584364683
0.32716003584364683
0.32716003584364683
0.32716003584364683
0.32716003584364683
0.32716003584364683
0.32717688878973494
0.32716003584364683
0.32716003584364683
0.32716003584364683
0.3271847314431595
0.3271592414733713
0.32716003584364683
0.3271606581458171
0.32716003584364683
0.32716003584364683
0.32717547211728915
0.32716003584364683
0.32716003584364683
0.32716003584364683
0.3276052193034541
0.32716003584364683
0.32716003584364683
0.32716003584364683
0.32716003584364683
0.32716003584364683
0.3271606581458171
0.32717688878973494
0.32716003584364683
0.3271606581458171
0.32716003584364683
0.3271592414733713
0.3271606581458171
0.32716003584364683
0.9881240486708842
0.3271606581458171
0.32716003584364683
0.32716003584364683
0.32717688878973494
0.32716003584364683
0.4252982868439156
0.32716003584364683
0.3271606581458171
0.32716003584364683
0.32716003584364683
0.32716003584364683
0.32716003584364683
0.42531963746783985
0.3271606581458171
0.3271606581458171
0.3271833147707137
0.32716003584364683
0.7279154868319774
0.32716003584364683
0.32716003584364683
0.3277364904935841
0.32717688878973494
0.3272015843892476
0.327161369029449
0.32716003584364683
0.3456019319039454
0.32716003584364683
0.3271606581458171
0.7278997937962769
0.32717688878973494
0.32983144375944545
0.8188130214195617
0.3276052193034541
0.32716003584364683
0.32716003584364683
0.32716003584364683
0.32716003584364683
0.3303924977241111
0.32716003584364683
0.32715861917120104
0.7278997937962769
0.32716003584364683
0.32716003584364683
0.3271606581458171
0.32716003584364683
0.32716003584364683
0.33096608460001575
0.3271606581458171
0.32716003584364683
0.32716003584364683
0.3271606581458171
0.32716003584364683
0.32716003584364683
0.32716003584364683
0.7279010936784176
0.32716003584364683
0.32716003584364683
0.32717688878973494
0.9880535381850795
0.3638161912663855
0.32716003584364683
0.32716003584364683
0.32716003584364683
0.32716003584364683
0.32716003584364683
0.3450423302000963
0.327719637547496
0.32716003584364683
0.32715861917120104
0.32716003584364683
0.3271606581458171
0.32716003584364683
0.6891882787211245
0.32716003584364683
0.32716003584364683
0.3819734964585746
0.34560130960177515
0.32716003584364683
0.32715861917120104
0.32716003584364683
0.32774371084483844
0.32717751109190524
0.7278997937962769
0.32716003584364683
0.3312133555049858
0.32716003584364683
0.32716003584364683
0.32715861917120104
0.32716003584364683
0.3271606581458171
0.36381670244953357
0.32716003584364683
0.32716003584364683
0.32716003584364683
0.3271606581458171
0.3271606581458171
0.32716003584364683
0.32716003584364683
0.3271606581458171
0.32716003584364683
0.727899185783589
0.32716003584364683
0.32841679969697
0.32716003584364683
0.3271606581458171
0.32841608881333817
0.32716003584364683
0.32716003584364683
0.32716003584364683
0.32716003584364683
0.32716003584364683
0.32716003584364683
0.32716003584364683
0.32717547211728915
0.32716003584364683
0.32716003584364683
0.3638161912663855
0.32716003584364683
0.3271606581458171
0.3271606581458171
0.32716003584364683
0.32716003584364683
0.32716003584364683
0.32716003584364683
0.32716003584364683
0.5298714133537277
0.32716003584364683
0.32716003584364683
0.32717751109190524
0.32715861917120104
0.32716003584364683
0.32716003584364683
0.32716003584364683
0.3271606581458171
0.32716003584364683
0.3271606581458171
0.3271606581458171
0.32983144375944545
0.32771901524532576
0.3271606581458171
0.32716003584364683
0.32716003584364683
0.3271606581458171
0.3515735796434961
0.32716003584364683
0.3271606581458171
0.32715861917120104
0.32716003584364683
0.32716003584364683
0.3271606581458171
0.3271606581458171
0.32716003584364683
0.5624917221220304
0.32716003584364683
0.32716003584364683
0.32716003584364683
0.3271606581458171
0.32716003584364683
0.32716003584364683
0.32716003584364683
0.3271592414733713
0.32771901524532576
0.32716003584364683
0.32716003584364683
0.32983144375944545
0.32716003584364683
0.32716003584364683
0.3271606581458171
0.32716003584364683
0.32716003584364683
0.32716003584364683
0.32716003584364683
0.3271606581458171
0.32715861917120104
0.32716003584364683
0.32716003584364683
0.32715861917120104
0.32716003584364683
0.3271606581458171
0.32771901524532576
0.3271606581458171
0.727899185783589
0.32716003584364683
0.5298714133537277
0.33119007657791893
0.32716003584364683
0.32717688878973494
0.3309760956038137
0.3276220722495422
0.32716003584364683
0.3276052193034541
0.32716003584364683
0.3309760956038137
0.32716003584364683
0.32716003584364683
0.32716003584364683
0.35230735855501255
0.32983144375944545
0.32716003584364683
0.3271606581458171
0.32716003584364683
0.4252982868439156
0.3271592414733713
0.32716003584364683
0.32716003584364683
0.3271606581458171
0.32716003584364683
0.32771901524532576
0.32716003584364683
0.32716003584364683
0.32716003584364683
0.32716003584364683
1.620180763606604
0.3271606581458171
0.9880720511250425
0.5625221046311004
0.32716003584364683
0.32716003584364683
0.32716003584364683
0.32716003584364683
0.32716003584364683
0.32716003584364683
0.32716003584364683
0.32716003584364683
0.32716003584364683
0.32716003584364683
0.32716003584364683
0.32716003584364683
0.32716003584364683
0.3271606581458171
0.32716003584364683
0.3450423302000963
0.32716003584364683
0.32716003584364683
0.32760584160562434
0.32716003584364683
0.32716003584364683
0.32716003584364683
1.0432910819298926
0.32716003584364683
0.32716003584364683
0.32771901524532576
0.32716003584364683
0.32715861917120104
0.32760584160562434
0.3271606581458171
0.32716003584364683
0.32716003584364683
0.3271606581458171
0.32716003584364683
0.32716003584364683
0.3312147721774316
0.32716003584364683
0.32716003584364683
0.32716003584364683
0.32716003584364683
0.32716003584364683
0.3271606581458171
0.5732307757306851
0.32715861917120104
0.32716003584364683
0.3271606581458171
0.32716003584364683
0.32716003584364683
0.32717688878973494
0.32715861917120104
0.32716003584364683
0.32716003584364683
0.3271606581458171
0.32716003584364683
0.32716003584364683
0.32716003584364683
0.32771901524532576
0.32716074672727874
0.3271606581458171
0.32716003584364683
0.32716003584364683
0.32717688878973494
0.32716003584364683
0.36381670244953357
0.32716003584364683
0.3271606581458171
0.562522179388985
0.32717688878973494
0.33096608460001575
0.32716003584364683
0.3312147721774316
0.32716003584364683
0.3271606581458171
0.32716003584364683
0.33096608460001575
0.32718393707288396
0.32716074672727874
0.32716003584364683
0.32716003584364683
1.0432910819298926
0.32840056905305215
0.9880720511250425
0.32716003584364683
0.32716003584364683
0.32716003584364683
0.32716003584364683
0.32716003584364683
0.32716003584364683
0.32716003584364683
0.32716003584364683
0.32715861917120104
0.32715861917120104
0.3271606581458171
0.32760584160562434
0.3271606581458171
0.32716003584364683
0.5240116372063417
0.32717688878973494
0.32716003584364683
0.3450423302000963
0.32716003584364683
0.32716003584364683
0.32717688878973494
0.32717688878973494
0.32716003584364683
0.32841679969697
0.32716003584364683
0.32716003584364683
0.7762755024040336
0.32716003584364683
0.32716003584364683
0.32716003584364683
0.33096608460001575
0.5625221046311004
0.32716003584364683
0.32716003584364683
0.32716003584364683
0.32716003584364683
0.32716003584364683
0.32716003584364683
0.3271606581458171
1.620170220404379
0.32716003584364683
0.32715861917120104
0.3298320660616157
0.32716003584364683
0.32716003584364683
0.32716003584364683
0.32716003584364683
0.32716003584364683
0.32716003584364683
0.3271606581458171
0.32716003584364683
0.3271606581458171
1.620180763606604
0.32717688878973494
0.32716003584364683
0.32716003584364683
0.3271606581458171
0.32716003584364683
0.36347016046524233
0.3298320660616157
0.4261660805861839
0.3271606581458171
0.32717759967336685
0.32716003584364683
0.32983144375944545
0.34560130960177515
0.32716003584364683
0.32716003584364683
0.3271606581458171
0.32716003584364683
0.3271833147707137
0.3271606581458171
0.32716003584364683
0.3515735796434961
0.32716003584364683
0.35964012699299264
0.32716003584364683
0.32716003584364683
0.32716003584364683
0.3271606581458171
0.3638168135685557
0.32716003584364683
0.32841742199914026
0.7557613849691184
1.6201697862055797
0.3271606581458171
0.32716003584364683
0.3271606581458171
0.3271606581458171
0.32716003584364683
0.32716003584364683
0.32716003584364683
0.6891882787211245
0.32716003584364683
0.32716003584364683
0.32716003584364683
0.32716003584364683
0.32716003584364683
0.32716003584364683
0.32716003584364683
0.3271606581458171
0.32718393707288396
0.32716074672727874
0.32716003584364683
0.32984907584267814
0.32716003584364683
0.3271606581458171
0.3271606581458171
0.32983144375944545
0.32716074672727874
0.32716003584364683
0.32716003584364683
0.32716003584364683
0.32718535374532975
0.32716003584364683
0.32716003584364683
0.3596394161093607
0.5298714133537277
0.3638161912663855
0.32716003584364683
0.32716003584364683
0.3272015843892476
0.3271606581458171
0.32716003584364683
0.3271606581458171
0.3271606581458171
0.32716003584364683
0.32716003584364683
0.32716003584364683
0.32716003584364683
0.3303924977241111
0.32716003584364683
0.32716003584364683
0.3271606581458171
0.32716003584364683
0.3309746789313679
0.32716003584364683
0.3271592414733713
0.32839985816942024
0.6902182913087973
0.32716003584364683
0.32771901524532576
0.3271606581458171
0.32716003584364683
0.32716003584364683
0.32716003584364683
0.562522179388985
0.32716003584364683
0.32717688878973494
0.32716003584364683
0.5314884015734749
0.5409061531051524
0.32717688878973494
0.32716003584364683
0.32716003584364683
1.6201698123046004
0.32716003584364683
0.32716003584364683
0.32716003584364683
0.32716003584364683
0.32716003584364683
0.32715861917120104
0.3271606581458171
0.32716003584364683
1.0432910819298926
0.3596394161093607
0.32716003584364683
0.32716003584364683
0.32716003584364683
0.32716003584364683
0.32716003584364683
0.32716003584364683
0.32716003584364683
0.32716003584364683
0.32716003584364683
0.32716003584364683
0.32715861917120104
0.32716003584364683
0.32716003584364683
0.32715861917120104
0.32716003584364683
0.32716003584364683
0.33119007657791893
0.32716003584364683
0.32716003584364683
0.32716003584364683
0.3271833147707137
0.32716003584364683
0.3271606581458171
0.32716003584364683
0.32716003584364683
0.32716003584364683
0.3271606581458171
0.32716003584364683
0.3271606581458171
0.32716003584364683
0.32716003584364683
0.32716003584364683
0.32716074672727874
0.3271833147707137
0.3450423302000963
0.32716003584364683
0.32983144375944545
0.32716003584364683
0.32716003584364683
0.32716003584364683
0.32716003584364683
0.32715861917120104
0.32716003584364683
0.727899185783589
0.562522179388985
0.3271606581458171
0.32716003584364683
0.32716003584364683
0.32716003584364683
0.32716003584364683
0.32716003584364683
0.32983144375944545
0.32716003584364683
0.32716003584364683
0.32716003584364683
0.36073424375183627
0.32716003584364683
0.9071256902739103
0.32716003584364683
0.32716003584364683
0.9880799718928676
0.32716003584364683
0.32716003584364683
0.32716003584364683
0.3303924977241111
0.6891882787211245
0.32716003584364683
0.32716003584364683
0.32716003584364683
0.32716003584364683
0.32717688878973494
0.32716003584364683
0.32716003584364683
0.6892591770018546
0.3638161912663855
0.32716003584364683
0.32983144375944545
0.32717688878973494
0.32716003584364683
0.3288457525128594
0.32716003584364683
0.3271606581458171
0.32716003584364683
0.9880799718928676
0.32716003584364683
0.32716003584364683
1.620180763606604
0.32716003584364683
0.32716003584364683
0.32716003584364683
0.7419514034777435
0.3638161912663855
0.32716003584364683
0.32716003584364683
0.3607348660540065
0.32716003584364683
0.32716003584364683
0.32716003584364683
0.3638161912663855
0.32716003584364683
0.32715861917120104
0.32716003584364683
0.32715861917120104
0.32716003584364683
0.32716003584364683
0.32983144375944545
0.32716003584364683
0.32716003584364683
0.3271606581458171
0.3450423302000963
0.32716003584364683
0.32716003584364683
0.3271606581458171
0.32717688878973494
0.3271833147707137
0.5625221046311004
0.32716003584364683
0.32716003584364683
0.32716003584364683
0.3638173247517038
0.32716003584364683
0.32716003584364683
0.32715861917120104
0.32716003584364683
0.727899185783589
0.32716003584364683
0.32716003584364683
0.3271606581458171
0.33096608460001575
0.32716003584364683
0.3271606581458171
0.32716003584364683
0.32716003584364683
0.3271606581458171
0.5298714133537277
