0.3268533902680544
0.32685331551016994
0.3268526932079997
0.3268526932079997
0.32685331551016994
0.3268526932079997
0.32685331551016994
0.3268526932079997
0.3268526932079997
0.32685331551016994
0.32685331551016994
0.3268526932079997
0.32685331551016994
0.3268703252912324
0.3268526932079997
0.7957640537600177
0.32685276796588414
0.8912240674011968
0.3269362085742133
0.3268526932079997
0.3268526932079997
0.3293075900510125
0.32685331551016994
0.32685331551016994
0.32685331551016994
0.3268526932079997
0.3268526932079997
0.8912240674011968
0.3268526932079997
0.32685331551016994
0.4251366616915573
0.32685331551016994
0.32784080261865445
0.3268526932079997
0.7957372607177207
0.3268526932079997
0.3303519323428131
0.32685331551016994
0.3268526932079997
0.32685331551016994
0.3268533902680544
0.32685331551016994
0.32685331551016994
0.32685276796588414
0.3268526932079997
0.3268709475934026
0.32685276796588414
0.32685331551016994
0.3268526932079997
0.32685276796588414
0.32741374717266536
0.3268526932079997
0.32895679859648314
0.32685331551016994
0.3268526932079997
0.32685331551016994
0.3269108906725303
0.32685276796588414
0.32685331551016994
0.5407994835160106
0.3268526932079997
0.3268533902680544
0.3268526932079997
0.32685331551016994
0.3268526932079997
0.3268526932079997
0.3471101149403282
0.32685331551016994
0.3268526932079997
0.3269108906725303
0.33853816948181015
0.3268526932079997
0.8912319881690218
0.3274143694748356
0.34654968327783275
0.3268526932079997
0.32685331551016994
1.4414505322587012
0.32685276796588414
0.32685331551016994
0.3268526932079997
0.3268533902680544
0.32685331551016994
0.32685331551016994
0.3268526932079997
0.32784080261865445
0.3268526932079997
0.3268526932079997
0.3268526932079997
0.3268526932079997
0.3268526932079997
0.42498659480163115
0.32685331551016994
0.3283978191948042
0.32685331551016994
0.3268526932079997
0.3268526932079997
0.3268703252912324
0.3268526932079997
0.3268526932079997
0.32685276796588414
0.32685331551016994
0.350758875938492
0.32741374717266536
0.3268780111096826
0.3268526932079997
0.3268526932079997
0.32685276796588414
0.3385375471796399
0.329773868597085
0.32685331551016994
0.3268526932079997
0.3268703252912324
0.32685331551016994
0.3268526932079997
0.3268533902680544
0.3268533902680544
0.9510504336217127
0.32685331551016994
0.7957640537600177
1.4414501097169305
0.32685331551016994
0.3268526932079997
0.32685331551016994
1.4414401137907518
0.3268533902680544
0.3268526932079997
0.32685331551016994
0.32685331551016994
0.5239048928593155
0.32685331551016994
0.3278401803164842
0.32685331551016994
0.32685331551016994
0.32685331551016994
0.32685331551016994
0.3268533902680544
0.32784080261865445
0.32685331551016994
0.5822696523853095
0.7960346074965317
0.32685331551016994
0.32685331551016994
0.3268526932079997
0.32685331551016994
0.4556374785148568
0.35472349874386466
0.3293075900510125
0.3268526932079997
0.3268780111096826
0.3268526932079997
0.3268526932079997
0.32685331551016994
0.3278401803164842
0.32685331551016994
0.32685276796588414
0.3268526932079997
0.3268526932079997
0.3268526932079997
0.32685331551016994
0.32685331551016994
0.32685331551016994
0.3268526932079997
0.3268533902680544
0.32685331551016994
0.32685331551016994
0.3268709475934026
0.3268526932079997
0.33853816948181015
0.32685331551016994
0.32685331551016994
0.3385375471796399
0.32685331551016994
0.3268526932079997
0.3268526932079997
0.3268526932079997
0.32685276796588414
0.3268533902680544
0.3268526932079997
0.32839844149697445
0.32685331551016994
0.32685331551016994
0.329773868597085
0.3268526932079997
1.4414844856254427
0.32685331551016994
0.32685331551016994
0.3268533902680544
0.3471101149403282
0.32691096543041476
0.32685276796588414
0.3268526932079997
0.32860335783997413
0.32685331551016994
0.32685331551016994
0.32685276796588414
0.3268526932079997
0.32685276796588414
0.32685331551016994
0.7957618815593489
0.3268526932079997
0.3268773888075124
0.3268526932079997
0.3268526932079997
0.32685276796588414
0.8666021033937675
0.32685331551016994
0.3268526932079997
0.3268533902680544
0.3268526932079997
0.32685331551016994
0.32685331551016994
0.3268526932079997
0.32685331551016994
0.3268526932079997
0.3268526932079997
0.3471107372424984
0.3268533902680544
0.32685331551016994
0.3268526932079997
0.32685331551016994
0.3268526932079997
1.5571364331575628
0.32685331551016994
0.3268526932079997
0.32685331551016994
0.32685331551016994
0.32685331551016994
0.3268526932079997
0.3268526932079997
0.3268703252912324
0.32685331551016994
0.32685331551016994
0.35472349874386466
0.3297732462949148
0.3268526932079997
0.32685331551016994
0.3268526932079997
0.32685331551016994
0.3274143694748356
0.32931760105481045
0.3268526932079997
0.3268533902680544
0.32685331551016994
0.3268526932079997
0.32685331551016994
0.3268526932079997
0.32687102235128707
0.32685331551016994
0.3268533902680544
0.3268526932079997
0.7960323605379784
0.3268526932079997
0.32685331551016994
0.3268526932079997
0.32685331551016994
0.3268533902680544
0.32691151297470056
0.32685331551016994
0.3274143694748356
0.3268526932079997
0.32685331551016994
0.3268526932079997
1.4414501097169305
0.3268526932079997
0.32685331551016994
0.3268526932079997
0.4242862872293302
0.3268526932079997
0.32685331551016994
0.3268709475934026
0.32685331551016994
0.32685331551016994
0.3268526932079997
0.32685331551016994
0.3268703252912324
0.32979087837814747
0.3268526932079997
0.32685331551016994
0.32685331551016994
0.3268526932079997
0.329773868597085
0.32685276796588414
0.3268526932079997
0.32685331551016994
0.3268526932079997
0.32685331551016994
0.3381313449424327
0.3278401803164842
0.32685331551016994
0.35472349874386466
0.32685331551016994
0.32685331551016994
0.32685331551016994
0.32685331551016994
0.3268526932079997
0.3268526932079997
0.32685331551016994
0.32685331551016994
0.32685276796588414
0.32685331551016994
0.3547235735017491
0.3471101149403282
0.3268526932079997
0.3268709475934026
0.3268526932079997
0.3268709475934026
0.3268526932079997
0.3268526932079997
0.32839915238060635
0.8665773330363704
0.32784080261865445
0.33909860114430557
0.32685331551016994
0.3278408773765389
0.32685331551016994
0.3268533902680544
0.32685331551016994
0.3268526932079997
0.3268526932079997
0.3268526932079997
0.3269108906725303
0.32685276796588414
0.5239048928593155
0.32685331551016994
0.3268526932079997
0.8917833985934511
0.32693566102992744
0.3268703252912324
1.4414501097169305
0.5822696523853095
0.35472349874386466
0.32685331551016994
0.32685331551016994
0.3268526932079997
0.32741374717266536
0.3268533902680544
0.32685331551016994
0.3268526932079997
0.32685276796588414
0.32685331551016994
1.4196441151507115
0.3268526932079997
0.3268526932079997
0.3274143694748356
0.3268526932079997
0.3268533902680544
0.3268526932079997
0.3268526932079997
0.32685331551016994
0.32685331551016994
1.4196541026693754
0.3268526932079997
0.32685331551016994
0.32685331551016994
0.3268526932079997
0.523874435592361
0.32685331551016994
0.3268526932079997
0.32695384065744604
0.32685331551016994
0.32685331551016994
0.32685331551016994
0.3268533902680544
0.32685331551016994
0.32685331551016994
0.32864687070879006
0.32895679859648314
0.32685331551016994
0.42586742653081283
0.3268526932079997
0.3268703252912324
0.3268526932079997
0.32685331551016994
0.32685331551016994
0.32685331551016994
0.32685331551016994
0.32685331551016994
0.3268526932079997
0.3268526932079997
0.32685331551016994
0.3284018565833201
0.3268526932079997
0.34654968327783275
0.3268703252912324
0.3268533902680544
0.3268526932079997
0.3278401803164842
0.32685331551016994
0.3385375471796399
0.3268526932079997
0.3268526932079997
0.3268526932079997
0.3268526932079997
0.3268709475934026
0.3268533902680544
0.34711081200038285
0.32685331551016994
0.5239048928593155
0.3268526932079997
0.32784080261865445
0.32685331551016994
0.32685331551016994
0.3278401803164842
0.5668296562675345
0.32685331551016994
0.32685331551016994
0.32685331551016994
0.3268526932079997
0.34654913573354695
0.3268526932079997
0.32685331551016994
0.3268526932079997
0.32685276796588414
0.3268526932079997
0.3465490609756625
0.3268526932079997
0.32685276796588414
0.3268526932079997
0.3268526932079997
0.3268526932079997
0.3268526932079997
0.8919457196219563
0.3268533902680544
0.3268526932079997
0.32839915238060635
0.3268526932079997
0.3268773888075124
0.3268526932079997
0.3268526932079997
0.3268526932079997
0.3268526932079997
0.8912319881690218
0.32685331551016994
0.3268526932079997
0.32685331551016994
0.32685331551016994
0.32685331551016994
0.3268526932079997
0.32857866224046145
0.3268526932079997
0.32685276796588414
0.3268526932079997
0.32685276796588414
0.3268709475934026
0.3471107372424984
0.3547228764416944
0.3268526932079997
0.3471101896982126
0.3268703252912324
1.4414391584149269
0.3297732462949148
0.32685331551016994
0.553492285786112
0.32685331551016994
0.32685331551016994
0.3268526932079997
0.3268526932079997
0.3268709475934026
0.3268533902680544
0.7957371859598362
0.3471107372424984
0.32685331551016994
0.3268526932079997
0.3268526932079997
0.32685331551016994
0.3268526932079997
0.3268526932079997
0.32685331551016994
0.3471107372424984
0.32685331551016994
0.32685331551016994
0.3268526932079997
0.3268533902680544
0.32685331551016994
0.3268526932079997
0.3268526932079997
0.3268526932079997
0.3268533902680544
0.32685331551016994
0.3268526932079997
0.3268526932079997
0.3268526932079997
0.3283978191948042
0.3268526932079997
0.32685331551016994
0.32685331551016994
0.8912250209908006
0.3268526932079997
0.32685331551016994
0.32685331551016994
0.32685331551016994
0.32685276796588414
0.3268526932079997
0.3268533902680544
0.32685331551016994
0.3381293575620853
0.32685331551016994
0.42501705206858575
0.32685331551016994
0.32685276796588414
0.3268526932079997
0.3268526932079997
0.33853945980210276
0.32685331551016994
0.3268526932079997
0.7785283023080611
0.3286615553045048
0.32685276796588414
0.3268533902680544
0.32685331551016994
0.3268526932079997
0.3268533902680544
0.32685331551016994
0.32685331551016994
0.3268703252912324
0.32685331551016994
0.3268533902680544
0.32685331551016994
0.32685331551016994
0.32685331551016994
0.33853816948181015
0.32685331551016994
0.3268526932079997
0.32685331551016994
0.32747256693936627
0.32685276796588414
0.32685331551016994
0.32685331551016994
0.32685331551016994
0.3268526932079997
0.32685331551016994
0.3268526932079997
0.3268526932079997
0.3268526932079997
0.32741444423272004
0.32685331551016994
0.32685331551016994
0.3268526932079997
0.3268526932079997
0.32685331551016994
0.32685331551016994
0.3268526932079997
0.3268526932079997
0.32685331551016994
0.3268526932079997
0.3268526932079997
0.3268526932079997
0.5822706059749134
0.79605922833816
0.32685331551016994
0.32685276796588414
0.3268526932079997
0.3268526932079997
0.32685331551016994
0.3268703252912324
0.3285887480021438
0.4242862872293302
0.3268526932079997
0.3268526932079997
0.32685276796588414
0.3268526932079997
0.3381299798642556
0.32691151297470056
0.3268709475934026
0.32685276796588414
0.3268533902680544
0.326935586272043
0.32685331551016994
0.7957372607177207
0.3268526932079997
0.32685331551016994
0.32685331551016994
0.32685276796588414
0.42430763785325454
0.3268526932079997
0.3268526932079997
0.3268526932079997
0.3268526932079997
0.32685331551016994
0.3471101896982126
0.3268526932079997
0.32685331551016994
0.32685276796588414
0.3268526932079997
0.32685331551016994
0.3268526932079997
0.3268526932079997
0.32685331551016994
0.5239048928593155
0.3268526932079997
0.3268709475934026
0.3268533902680544
0.3268526932079997
1.451990611214583
0.3268533902680544
0.3268526932079997
0.32685276796588414
0.3268526932079997
0.3268526932079997
0.32685331551016994
0.3268533902680544
0.3268526932079997
0.3268709475934026
0.3268526932079997
0.3268526932079997
0.3268533902680544
0.32685331551016994
0.42498659480163115
0.32685331551016994
0.32685331551016994
0.3268526932079997
0.3268533902680544
0.3268773888075124
0.3268526932079997
0.32685276796588414
0.3268526932079997
0.32685276796588414
0.3268526932079997
0.32685331551016994
0.3268526932079997
0.32685331551016994
0.3268709475934026
0.3268533902680544
0.34654968327783275
0.7973599247655
0.3268526932079997
0.3268780111096826
0.3268533902680544
0.32685331551016994
0.3292829692093842
0.7957618815593489
0.3268533902680544
0.32685331551016994
0.42498659480163115
0.3268526932079997
0.8912329417586258
0.3268526932079997
0.3268780111096826
0.32691096543041476
0.3268526932079997
1.4414395809566978
0.32685331551016994
0.3268526932079997
0.3268526932079997
0.3381293575620853
0.32685331551016994
0.3268526932079997
0.32685331551016994
0.3268533902680544
0.3268526932079997
0.3268526932079997
0.32685331551016994
0.3297915006803177
0.3268526932079997
0.3268526932079997
0.32685276796588414
0.3268526932079997
0.32685331551016994
0.3268526932079997
0.32685331551016994
0.3292246969869691
0.32685276796588414
0.5534923605439964
0.3268526932079997
0.32685276796588414
0.32685331551016994
0.3471101896982126
0.8912319881690218
0.3278401803164842
0.3268526932079997
0.3268526932079997
0.32685331551016994
0.3268526932079997
0.3268533902680544
0.3268526932079997
0.326935586272043
1.4414395809566978
0.32685331551016994
0.32685331551016994
0.32685331551016994
0.3268780111096826
0.3268533902680544
0.3268526932079997
0.34654913573354695
0.32685276796588414
0.3278401803164842
0.32685331551016994
0.32685331551016994
0.3268533902680544
0.3268526932079997
0.3268526932079997
0.32685331551016994
0.3268526932079997
0.32685276796588414
0.523874435592361
0.3269362085742133
0.3268526932079997
0.32685331551016994
1.4414505322587012
0.7957641285179022
0.523874435592361
0.32685331551016994
0.3403317994383147
0.32685331551016994
0.32685276796588414
0.3268533902680544
0.32685331551016994
0.3283978191948042
1.4414395809566978
0.3268533902680544
0.32685331551016994
0.32685331551016994
0.32685331551016994
0.3269362085742133
0.32685276796588414
0.32685331551016994
0.32867156630830274
0.32685331551016994
0.32685331551016994
0.3268526932079997
1.4414501097169305
0.3465490609756625
0.32685331551016994
0.3268526932079997
0.32685331551016994
0.32685331551016994
0.32685331551016994
0.32685276796588414
0.32685331551016994
0.3285886732442594
0.3268526932079997
0.32685331551016994
0.3268533902680544
0.3268526932079997
0.3268526932079997
0.32685331551016994
0.3286615553045048
0.3268526932079997
0.3268526932079997
0.32839844149697445
0.3385375471796399
0.3465490609756625
0.32685331551016994
0.3268526932079997
0.32685331551016994
0.32685331551016994
0.3268526932079997
0.3268526932079997
0.3268526932079997
1.4414395809566978
0.3268526932079997
0.3268526932079997
0.7957371859598362
0.3268526932079997
0.3268526932079997
0.3268526932079997
0.32685331551016994
0.32685276796588414
0.7957887493595304
0.32685331551016994
0.32685331551016994
0.3268526932079997
0.32685331551016994
0.3268526932079997
0.34654968327783275
0.32685331551016994
0.3268533902680544
0.3268526932079997
0.3268533902680544
0.5668296562675345
0.3465737565751752
0.32691151297470056
0.32685331551016994
0.3268533902680544
0.32895679859648314
0.7957618815593489
0.32691151297470056
0.32685331551016994
0.32685276796588414
0.3268526932079997
0.3268526932079997
0.3268526932079997
0.3268533902680544
0.32685331551016994
0.32685331551016994
0.3268526932079997
0.32685331551016994
0.3268533902680544
0.32685331551016994
0.32685331551016994
0.32685331551016994
0.32691151297470056
0.3268526932079997
1.3957572300977155
0.3268703252912324
0.3381293575620853
0.3285886732442594
0.32685331551016994
0.3268526932079997
0.3268526932079997
0.3268526932079997
0.32685331551016994
0.3268526932079997
0.3268526932079997
0.32685331551016994
0.3268533902680544
0.3471107372424984
0.45515201150313084
0.32685331551016994
1.4196541026693754
0.5239048928593155
0.3268526932079997
0.32685331551016994
0.3268526932079997
0.32685331551016994
0.3268533902680544
0.3268526932079997
0.3268526932079997
0.3268526932079997
0.32685276796588414
0.3268526932079997
0.3268526932079997
0.32685331551016994
0.32685331551016994
0.3292828944514998
0.3268526932079997
0.32685276796588414
0.3268526932079997
0.3285886732442594
0.32685331551016994
0.32685331551016994
0.4250177629522176
0.3268709475934026
0.3268526932079997
0.3268526932079997
1.4414510735002701
0.3268526932079997
0.3268526932079997
0.3268533902680544
0.3268526932079997
0.523874435592361
0.32685331551016994
0.32685331551016994
0.523874435592361
0.3268533902680544
0.5535227430530666
0.3268526932079997
0.3268526932079997
0.32685331551016994
0.32685331551016994
0.32685331551016994
0.32685331551016994
0.3268709475934026
0.32685331551016994
0.32685331551016994
0.3268526932079997
0.32685331551016994
0.32685331551016994
0.3381299798642556
0.32685331551016994
0.3268526932079997
0.32685331551016994
0.32741374717266536
0.7957640537600177
0.3268526932079997
0.32685276796588414
0.3268526932079997
0.32685331551016994
0.32685331551016994
0.5668296562675345
0.32685331551016994
0.32685331551016994
0.32685276796588414
0.3268526932079997
0.32685331551016994
0.3268526932079997
0.32784080261865445
0.3268526932079997
0.3278408773765389
0.32685331551016994
0.3268526932079997
0.32685276796588414
0.33853816948181015
0.32685331551016994
0.7957618815593489
0.33853816948181015
0.3465666930588952
0.3385375471796399
0.3268533902680544
0.32685331551016994
0.3268526932079997
0.32784080261865445
0.32685331551016994
0.7957371859598362
1.1763572540262464
0.3268709475934026
0.3268526932079997
0.3268526932079997
0.32685331551016994
0.42498659480163115
0.32685331551016994
0.3268533902680544
0.3268526932079997
0.3268526932079997
1.4414391584149269
0.32685331551016994
0.3268533902680544
0.32691151297470056
0.3268533902680544
0.9510257380222
0.35472349874386466
0.32685331551016994
0.32864687070879006
0.3297732462949148
0.9741309250982539
0.3268526932079997
0.5239048928593155
0.32685331551016994
0.32685331551016994
0.3465490609756625
0.3268533902680544
1.4414501097169305
0.32685331551016994
0.32685331551016994
0.32929290545529777
0.32685331551016994
0.32685331551016994
0.42498659480163115
0.32685331551016994
0.3274143694748356
0.32685331551016994
0.32685331551016994
0.32685331551016994
0.32685331551016994
0.3278401803164842
0.3268526932079997
0.7957371859598362
0.3268526932079997
0.3268526932079997
0.3268526932079997
0.3268526932079997
0.32685331551016994
0.3268533902680544
0.32687808586756706
0.3268526932079997
0.32685276796588414
0.32685331551016994
0.8912240674011968
0.3268526932079997
0.32784080261865445
0.32685331551016994
0.32685331551016994
0.32685331551016994
0.3268526932079997
0.32685331551016994
0.32685331551016994
0.3268703252912324
0.3268533902680544
0.5239049676172
0.32685331551016994
0.32685331551016994
0.32685331551016994
0.32685331551016994
0.3268526932079997
0.32685331551016994
0.32685331551016994
0.32685331551016994
0.32685276796588414
0.3268526932079997
0.3268526932079997
0.3465497580357172
0.32685331551016994
0.32685331551016994
0.5668283563853936
0.3269108906725303
0.32685331551016994
0.3268526932079997
0.3268526932079997
0.32685331551016994
0.32685276796588414
1.4301922636030768
0.32685331551016994
0.3268526932079997
0.33813005462214
0.32685276796588414
0.3268526932079997
0.32685276796588414
0.3268526932079997
0.32685331551016994
0.32685331551016994
0.3297733210527992
0.3268526932079997
0.326935586272043
0.9806735408067124
0.3268526932079997
0.32685331551016994
0.3268526932079997
0.3268526932079997
0.32685331551016994
