0.32685331551016994
0.32685331551016994
0.32685331551016994
0.32685331551016994
0.3547228764416944
0.3268526932079997
0.3268526932079997
0.7957640537600177
0.3268526932079997
0.32685331551016994
0.35472349874386466
0.32691151297470056
0.32685331551016994
0.32685331551016994
0.32860335783997413
0.3268526932079997
0.553492285786112
0.3268526932079997
0.3268526932079997
0.3268526932079997
0.3560585189970421
0.32685331551016994
0.3268526932079997
0.32685331551016994
0.32685331551016994
0.3268526932079997
0.3292246969869691
0.3268526932079997
0.32685331551016994
0.32685331551016994
0.3268526932079997
0.32685331551016994
0.3268526932079997
0.32685331551016994
0.3268526932079997
0.32685331551016994
0.3268526932079997
0.3268526932079997
0.3268526932079997
0.3268526932079997
0.32685331551016994
0.32685331551016994
0.32685331551016994
0.32685331551016994
0.32685331551016994
0.4242862872293302
0.7957640537600177
0.3268526932079997
0.32895679859648314
0.3268526932079997
0.3268526932079997
0.3268526932079997
0.3269108906725303
0.32685331551016994
0.3268526932079997
0.32685331551016994
0.32685331551016994
0.3268526932079997
0.32685331551016994
0.32685331551016994
0.32857866224046145
0.3268526932079997
0.3268526932079997
0.3268526932079997
0.5239048928593155
1.4414391584149269
0.8914110840292147
0.3268526932079997
0.32685331551016994
0.42501705206858575
0.32685331551016994
0.3268526932079997
0.32685331551016994
0.32685331551016994
0.32685331551016994
0.35604843323535973
0.4242862872293302
0.3268526932079997
0.3268526932079997
0.3268526932079997
0.3268526932079997
0.3268526932079997
0.32685331551016994
0.3274143694748356
0.33853816948181015
0.32685331551016994
0.32691151297470056
0.3381299798642556
0.32685331551016994
0.32685331551016994
0.3268526932079997
0.32685331551016994
0.32685331551016994
0.3268526932079997
0.3268526932079997
0.3268526932079997
0.8912319881690218
0.3268526932079997
0.32685331551016994
0.33813127018454825
0.3268526932079997
0.3268526932079997
0.3268526932079997
0.3297732462949148
0.3268526932079997
0.32685331551016994
0.3268526932079997
0.32685331551016994
0.32685331551016994
0.32685331551016994
0.329773868597085
0.32685331551016994
0.32685331551016994
0.32685331551016994
0.3268526932079997
0.3268526932079997
0.3268526932079997
0.3268526932079997
0.3268526932079997
0.32685331551016994
0.32685331551016994
0.32685331551016994
0.32685331551016994
0.3268773888075124
0.3268526932079997
0.32685331551016994
0.32685331551016994
0.32685331551016994
0.32685331551016994
0.3268526932079997
0.3268526932079997
0.3268526932079997
0.42501705206858575
0.32923470799076704
0.3268526932079997
0.3268526932079997
0.32691151297470056
0.32685331551016994
0.32685331551016994
0.32741374717266536
0.32685331551016994
0.32685331551016994
0.32685331551016994
0.5240116372063417
0.5668283563853936
0.3268703252912324
0.32685331551016994
0.32685331551016994
0.3268526932079997
0.3268703252912324
0.32685331551016994
0.32741374717266536
0.3268526932079997
0.3268526932079997
0.32685331551016994
0.32685331551016994
0.32685331551016994
0.32685331551016994
0.32685331551016994
0.32685331551016994
0.329773868597085
0.7957371859598362
0.3268526932079997
0.32685331551016994
0.32685331551016994
0.32685331551016994
0.3285886732442594
0.32685331551016994
0.32685331551016994
0.3268526932079997
0.32685331551016994
0.3268526932079997
0.32685331551016994
0.3268526932079997
0.3268526932079997
0.3268526932079997
0.3297733210527992
0.3268526932079997
0.32685331551016994
0.32685331551016994
0.32685331551016994
0.3268526932079997
0.3268526932079997
0.3268526932079997
0.32685331551016994
0.3268526932079997
0.3268526932079997
0.32685331551016994
0.3274143694748356
0.3268526932079997
0.32685331551016994
0.32685331551016994
0.32685331551016994
0.3268526932079997
0.32685331551016994
0.3268526932079997
0.3268526932079997
0.3268526932079997
0.32685331551016994
1.4528457219801654
0.3268526932079997
0.3268526932079997
0.3268526932079997
0.32685331551016994
0.32685331551016994
0.32685331551016994
0.32685331551016994
0.3268526932079997
0.32685331551016994
0.3268703252912324
0.3268526932079997
0.3292246969869691
0.32685331551016994
0.3268526932079997
0.3268526932079997
0.326935586272043
0.3268526932079997
0.32685331551016994
0.33853816948181015
0.32685331551016994
0.32685331551016994
0.3268526932079997
0.3268526932079997
0.32685331551016994
0.3268526932079997
0.32685331551016994
0.3268526932079997
0.32685331551016994
0.3268526932079997
0.3268526932079997
0.3268526932079997
0.3381299798642556
0.3268773888075124
0.3268526932079997
0.3268526932079997
0.3268526932079997
0.3268526932079997
0.3268526932079997
0.32685331551016994
0.3268526932079997
0.32685331551016994
0.32685331551016994
0.3268526932079997
0.32685331551016994
0.3268526932079997
0.32685331551016994
0.3268526932079997
0.3268526932079997
0.553492285786112
0.32685331551016994
0.3268526932079997
0.3297732462949148
0.32685331551016994
0.3268526932079997
0.3268526932079997
0.32685331551016994
0.32685331551016994
0.32685331551016994
0.35472295119957886
0.3268526932079997
0.3268526932079997
0.3268526932079997
0.32685331551016994
0.3268526932079997
0.3268526932079997
0.3385375471796399
0.3268526932079997
0.3268526932079997
0.5239049676172
0.32685331551016994
0.32685331551016994
0.553492285786112
0.32685331551016994
0.3268533902680544
0.32685331551016994
0.3471107372424984
0.32685331551016994
0.32685331551016994
0.32923470799076704
0.5822696523853095
0.3385375471796399
0.32685331551016994
1.6051868181082334
0.3268526932079997
0.3268526932079997
0.3268526932079997
0.3268526932079997
0.32685331551016994
0.3268526932079997
0.36677548931583553
0.3268526932079997
0.32685331551016994
0.3268526932079997
0.3268526932079997
0.7957640537600177
0.32685331551016994
0.3268526932079997
0.32685331551016994
0.32685331551016994
0.32685331551016994
0.3268526932079997
1.4511104495379488
0.3269108906725303
0.553492285786112
0.3268526932079997
0.32685331551016994
1.417286082243743
0.32685331551016994
0.32685331551016994
0.32685331551016994
0.3268526932079997
0.32685331551016994
0.3268526932079997
0.3268526932079997
0.3268773888075124
0.3268526932079997
0.32685331551016994
0.3268703252912324
0.32685331551016994
0.3268526932079997
0.32685331551016994
0.3268526932079997
1.4414395809566978
0.3268526932079997
0.3268526932079997
0.32685331551016994
0.3268526932079997
0.3268526932079997
0.5668296562675345
0.3268526932079997
0.32685331551016994
0.3268526932079997
0.3268526932079997
0.3268526932079997
0.32685331551016994
0.3268526932079997
0.32685331551016994
0.3268526932079997
0.3268526932079997
0.3268526932079997
0.3269108906725303
0.32685331551016994
0.3268526932079997
0.3268526932079997
0.32857866224046145
0.3268526932079997
0.32685331551016994
0.3268526932079997
0.32685331551016994
0.3268526932079997
0.32685331551016994
0.326935586272043
0.3268526932079997
0.3268526932079997
0.3268526932079997
0.32685331551016994
0.32685331551016994
0.32685331551016994
0.3268526932079997
0.32685331551016994
0.32685331551016994
0.3268526932079997
0.7960323605379784
0.3268526932079997
0.32685331551016994
0.3268526932079997
0.32685331551016994
0.3471107372424984
0.32685331551016994
0.33853816948181015
0.32685331551016994
0.32685331551016994
0.32685331551016994
0.3268526932079997
0.3268526932079997
0.3268526932079997
0.32685331551016994
0.553492285786112
0.3268526932079997
0.32895679859648314
0.32685331551016994
0.3268526932079997
0.32685331551016994
0.3268526932079997
0.32685331551016994
0.32685331551016994
0.3268526932079997
0.553492285786112
0.32685331551016994
0.3268526932079997
0.3268526932079997
0.32685331551016994
0.5668804648969048
0.3268703252912324
0.32685331551016994
0.3268956431929153
0.3268526932079997
0.3268526932079997
0.32685331551016994
0.3268526932079997
0.3268526932079997
0.3268526932079997
0.3268526932079997
0.3268526932079997
0.32685331551016994
0.32685331551016994
0.3268526932079997
0.3268526932079997
0.32685331551016994
0.32685331551016994
0.42498659480163115
0.32685331551016994
0.32685331551016994
0.32685331551016994
0.3268526932079997
0.3268526932079997
0.3268526932079997
0.32685331551016994
0.3268526932079997
0.3274143694748356
0.3268526932079997
0.32685331551016994
0.32685331551016994
0.3268526932079997
0.3268526932079997
0.32685331551016994
0.8912240674011968
0.3268526932079997
0.32685331551016994
0.3268526932079997
0.32685331551016994
0.32685331551016994
0.3268526932079997
0.3268526932079997
0.5177656034010656
0.3268526932079997
0.3268526932079997
0.32685331551016994
0.32685331551016994
0.3268526932079997
0.3268526932079997
0.32685331551016994
0.3285886732442594
0.3268526932079997
0.32685331551016994
0.32685331551016994
0.32685331551016994
0.3268526932079997
0.3268526932079997
0.32685331551016994
0.3268526932079997
0.32685331551016994
0.32685331551016994
0.32685331551016994
0.3268526932079997
0.32685331551016994
0.32685331551016994
0.5239048928593155
0.3268526932079997
0.32685331551016994
0.32685331551016994
0.7957640537600177
0.32685331551016994
0.3289574208986534
0.35472349874386466
0.32685331551016994
0.32685331551016994
0.32685331551016994
1.639674178834666
0.3268526932079997
0.32685331551016994
0.3268526932079997
0.5822696523853095
0.32685331551016994
0.32685331551016994
0.3268526932079997
0.3268526932079997
0.3268526932079997
0.3268526932079997
0.32685331551016994
0.3268526932079997
0.3268526932079997
0.326935586272043
0.32685331551016994
0.3268526932079997
0.32685331551016994
0.3268703252912324
0.3268526932079997
0.32685331551016994
0.3268526932079997
0.7960323605379784
0.3274143694748356
0.3268526932079997
0.3268526932079997
0.42498659480163115
0.32685331551016994
0.32685331551016994
0.32685331551016994
0.32685331551016994
0.3268526932079997
0.32685331551016994
0.32685331551016994
0.32685331551016994
0.3268526932079997
0.3268526932079997
0.3268526932079997
0.3268526932079997
0.3268526932079997
0.3268526932079997
0.3268526932079997
0.32685331551016994
0.3268703252912324
0.3268526932079997
0.3268526932079997
0.32685331551016994
0.3268526932079997
0.3268526932079997
0.3465490609756625
0.5535227430530666
0.32685331551016994
0.32685331551016994
0.32685331551016994
0.32685331551016994
0.32685331551016994
0.3268526932079997
0.32685331551016994
0.3268526932079997
0.32685331551016994
0.32685331551016994
0.32685331551016994
0.329773868597085
0.32685331551016994
0.32685331551016994
0.3268526932079997
0.3268526932079997
0.3268526932079997
0.3268526932079997
0.32685331551016994
0.3268526932079997
0.32685331551016994
0.3268526932079997
0.32685331551016994
0.32685331551016994
0.3268526932079997
0.32685331551016994
0.3268526932079997
1.4414501097169305
0.3268526932079997
0.32685331551016994
0.32860335783997413
0.32685331551016994
0.3268526932079997
0.3268703252912324
0.32685331551016994
0.3268526932079997
0.32685331551016994
0.32685331551016994
0.3278401803164842
0.32685331551016994
0.3268526932079997
0.3268526932079997
0.3268526932079997
0.3268526932079997
0.3268526932079997
0.3268526932079997
0.3268526932079997
0.3268526932079997
0.32685331551016994
0.3268526932079997
0.3268526932079997
0.3268526932079997
0.32685331551016994
0.32685331551016994
0.3292246969869691
0.32685331551016994
0.32685331551016994
0.3268526932079997
0.79605922833816
0.3268526932079997
0.32685331551016994
0.32685331551016994
0.3268526932079997
0.3268526932079997
0.32685331551016994
0.326935586272043
0.32685331551016994
0.3283978191948042
0.3385375471796399
0.32685331551016994
0.32685331551016994
0.3268526932079997
0.79605922833816
0.32685331551016994
0.3268526932079997
0.32685331551016994
0.32685331551016994
0.3268526932079997
0.32685331551016994
0.32685331551016994
0.32685331551016994
0.3268709475934026
0.32685331551016994
0.3268526932079997
0.32784080261865445
0.3268526932079997
0.3268526932079997
0.3268526932079997
0.32685331551016994
0.3268526932079997
0.32685331551016994
0.32685331551016994
0.3268526932079997
0.3268526932079997
0.3268526932079997
0.32691151297470056
0.3268526932079997
0.32685331551016994
0.32685331551016994
0.3268526932079997
0.3268773888075124
0.32685331551016994
0.553492285786112
0.3268526932079997
0.3268526932079997
0.32685331551016994
0.3268526932079997
0.32685331551016994
0.32685331551016994
0.3269362085742133
0.32685331551016994
0.32685331551016994
0.3268526932079997
0.5239049676172
0.42498659480163115
0.3283978191948042
0.3269362085742133
0.32685331551016994
0.3268526932079997
0.3268526932079997
0.32685331551016994
0.3268526932079997
0.32685331551016994
0.3268526932079997
1.4414391584149269
0.3268526932079997
0.7903545038446643
0.32685331551016994
0.32685331551016994
0.3268526932079997
0.32685331551016994
0.3268526932079997
0.3268526932079997
0.3268526932079997
0.32685331551016994
0.3268526932079997
0.32685331551016994
0.3268526932079997
0.3268526932079997
0.3268526932079997
1.4414524502808819
0.32685331551016994
0.32685331551016994
0.3268526932079997
0.3268526932079997
0.3268526932079997
0.32857866224046145
0.32685331551016994
0.3268526932079997
0.3268526932079997
0.32685331551016994
0.32685331551016994
0.3268526932079997
0.8912319881690218
0.3268526932079997
0.32685276796588414
0.3268526932079997
0.3268526932079997
0.32685331551016994
0.3268780111096826
0.32685331551016994
0.3268526932079997
0.32685331551016994
0.32685331551016994
0.32685331551016994
0.32685331551016994
0.32685331551016994
0.3268526932079997
0.32685331551016994
0.3268526932079997
0.3268526932079997
0.3268526932079997
0.3268526932079997
0.3268526932079997
0.3268526932079997
0.32685331551016994
0.32860335783997413
0.32685331551016994
0.32857866224046145
0.32685331551016994
0.3269362085742133
0.32743844277217804
0.9504584860621205
0.32685331551016994
0.3268526932079997
0.3268526932079997
0.3268526932079997
0.32685331551016994
0.3268526932079997
0.32685331551016994
0.32685331551016994
0.32685331551016994
0.3268526932079997
0.32685331551016994
0.3268526932079997
0.32685331551016994
0.32685331551016994
0.3268526932079997
0.32685331551016994
0.32685331551016994
0.32685331551016994
0.3268526932079997
0.32685331551016994
0.35472295119957886
0.42498659480163115
0.32685331551016994
0.329773868597085
0.3268526932079997
0.3268526932079997
0.422281250562892
0.3268526932079997
0.3268526932079997
0.32685331551016994
0.3268526932079997
0.3268526932079997
0.3283978191948042
0.3268526932079997
0.3268526932079997
0.32685331551016994
0.3268526932079997
0.32685331551016994
0.3268526932079997
0.3268526932079997
0.32685331551016994
0.3268526932079997
0.32685331551016994
0.3292246969869691
0.32685331551016994
0.36464157615704706
0.33813127018454825
0.3268526932079997
0.3268709475934026
0.3471107372424984
0.32685331551016994
0.32685331551016994
0.7957371859598362
0.3268526932079997
0.3268526932079997
0.32685331551016994
0.3268526932079997
0.3268526932079997
0.32685331551016994
0.3381299798642556
0.3268526932079997
0.326935586272043
0.32685331551016994
0.3268526932079997
0.3268703252912324
0.32685331551016994
0.3268526932079997
0.32685331551016994
0.3268526932079997
0.3268526932079997
0.3268526932079997
0.3268526932079997
0.32685331551016994
0.3268526932079997
0.8912319881690218
0.32685331551016994
0.3268526932079997
0.3268703252912324
0.32685331551016994
0.3292246969869691
0.3268526932079997
0.32685331551016994
0.32685331551016994
0.3268526932079997
0.3268526932079997
0.3268526932079997
0.3268526932079997
0.32685331551016994
0.7957371859598362
0.32685331551016994
0.3268526932079997
0.3268526932079997
0.32685331551016994
0.32685331551016994
0.3268526932079997
0.3268526932079997
0.3268526932079997
0.3268526932079997
0.3268526932079997
0.32685331551016994
0.32685331551016994
0.3268526932079997
0.32685331551016994
0.32685331551016994
0.32685331551016994
0.32685331551016994
0.32685331551016994
0.7957371859598362
0.3268526932079997
0.3268526932079997
0.3268526932079997
0.32685331551016994
0.3268780111096826
0.3268526932079997
0.32685331551016994
0.3268526932079997
0.3268526932079997
0.32685331551016994
0.32685331551016994
0.3268526932079997
0.3268526932079997
0.3268526932079997
0.326935586272043
0.32685331551016994
0.32685331551016994
0.3268526932079997
0.32685331551016994
0.3268526932079997
0.32685331551016994
0.32685331551016994
0.32685331551016994
0.32685331551016994
0.3268526932079997
0.3268526932079997
0.32685331551016994
0.32685331551016994
0.32685331551016994
0.3268526932079997
0.3285886732442594
0.32685331551016994
0.3268526932079997
0.32685331551016994
0.3268526932079997
0.32685331551016994
0.32685331551016994
0.3268526932079997
0.32685331551016994
0.32685331551016994
0.3268526932079997
0.32923470799076704
0.32685331551016994
0.32685331551016994
0.3268526932079997
0.7958599014031973
0.3268526932079997
0.3289574208986534
0.3268526932079997
0.3268526932079997
0.3268526932079997
0.3268526932079997
0.3268780111096826
0.3268526932079997
0.3381293575620853
0.32685331551016994
0.32685331551016994
0.32685331551016994
0.3268526932079997
0.3268526932079997
0.3268526932079997
0.32685331551016994
0.3268526932079997
0.32685331551016994
0.32685331551016994
0.3268526932079997
0.32685331551016994
0.553492285786112
0.3268526932079997
0.32741374717266536
0.32685331551016994
0.32685331551016994
0.7957371859598362
0.3385375471796399
0.32685331551016994
0.3268526932079997
0.3268526932079997
0.3385375471796399
0.3268526932079997
0.3268526932079997
0.32685331551016994
0.3268526932079997
0.3268526932079997
0.32685331551016994
0.32685331551016994
0.3268526932079997
0.3268526932079997
0.3268526932079997
0.32857866224046145
0.3268526932079997
0.3268526932079997
0.32685331551016994
0.32685331551016994
0.3292246969869691
0.3268526932079997
0.3268526932079997
0.32685331551016994
0.3268526932079997
0.32685331551016994
0.3268526932079997
0.3268526932079997
0.32923470799076704
0.3268526932079997
0.3268526932079997
0.32685331551016994
0.32685331551016994
0.3268526932079997
0.5668283563853936
0.3268526932079997
0.3268526932079997
0.3268709475934026
0.32857866224046145
0.3268526932079997
0.32685331551016994
0.3268526932079997
0.32685331551016994
0.3268526932079997
0.32685331551016994
0.5407994087581262
0.3268526932079997
0.32685331551016994
0.32685331551016994
0.3268526932079997
0.3268526932079997
0.3268526932079997
0.32685331551016994
0.32685331551016994
0.3268773888075124
0.523874435592361
0.32685331551016994
0.32685331551016994
0.3381299798642556
1.4414395809566978
0.3268526932079997
0.3268526932079997
1.4414501097169305
0.36067612104519003
0.3268526932079997
0.32685331551016994
0.3268526932079997
0.32685331551016994
0.32685331551016994
0.32685331551016994
0.32685331551016994
0.3268526932079997
0.3381293575620853
0.7960323605379784
0.3268526932079997
0.3268526932079997
0.3269362085742133
0.3268526932079997
0.3268526932079997
0.3268526932079997
0.32685331551016994
0.3268526932079997
0.32685331551016994
0.32685331551016994
0.8914110840292147
0.3268526932079997
0.32685331551016994
0.32685331551016994
0.3268780111096826
0.32685331551016994
0.3274143694748356
0.3268526932079997
0.32685331551016994
0.326935586272043
0.3268526932079997
0.32685331551016994
0.3268526932079997
0.3268526932079997
0.3268526932079997
0.3268526932079997
0.3268526932079997
0.3268526932079997
0.3268526932079997
0.32685331551016994
0.3268526932079997
0.3268526932079997
0.3268526932079997
0.3268526932079997
0.33869103382892124
0.3268526932079997
0.32685331551016994
0.3268780111096826
0.32923470799076704
0.32685331551016994
0.3268526932079997
0.3268526932079997
0.32685331551016994
