0.32716003584364683
0.3271606581458171
0.3271606581458171
0.32716003584364683
0.32716003584364683
0.3271593300548329
0.32716074672727874
0.32716003584364683
0.727899185783589
0.35157420194566635
0.32716003584364683
0.32716074672727874
0.32716074672727874
0.327161369029449
0.6891882787211245
0.32716074672727874
0.3271599523570031
0.32839985816942024
0.327161369029449
0.32715861917120104
0.3271592414733713
0.32716003584364683
0.3271592414733713
0.32715861917120104
0.3271606581458171
0.32716003584364683
0.3271606581458171
0.3271593300548329
0.32760584160562434
0.32716003584364683
0.327161369029449
0.3271606581458171
0.327161369029449
0.327161369029449
0.32716074672727874
0.3271592414733713
0.32715861917120104
0.32716003584364683
0.32716074672727874
0.32716003584364683
0.32716003584364683
0.3271599523570031
0.32716003584364683
0.3271606581458171
0.3271606581458171
0.3515735796434961
0.3271606581458171
0.32716003584364683
0.327161369029449
0.32716074672727874
0.32716003584364683
0.32716003584364683
0.3271593300548329
0.327161369029449
0.32716003584364683
0.3271606581458171
0.3271592414733713
0.32716003584364683
0.32715861917120104
0.3271606581458171
0.32718606462896166
0.3271606581458171
0.32718393707288396
0.327161369029449
0.3271599523570031
0.327161369029449
0.3271606581458171
0.3271606581458171
0.3271592414733713
0.3271592414733713
0.32716074672727874
0.32716003584364683
0.327161369029449
0.3309753898149998
0.3271606581458171
0.32716003584364683
0.3638174133331655
0.3271606581458171
0.32716003584364683
0.32716003584364683
0.32716074672727874
0.327161369029449
0.32716003584364683
0.32716003584364683
0.32715861917120104
0.32716003584364683
0.3271606581458171
0.327161369029449
0.3271606581458171
0.32716003584364683
0.327161369029449
0.3271606581458171
0.3271606581458171
0.32716074672727874
0.32716074672727874
0.327161369029449
0.32716003584364683
0.3271606581458171
0.3271592414733713
0.3271606581458171
0.32716003584364683
0.327161369029449
0.3271593300548329
0.3271606581458171
0.3271606581458171
0.32715861917120104
0.32715861917120104
0.32716074672727874
0.3271606581458171
0.32716003584364683
0.32715861917120104
0.3271592414733713
0.3271606581458171
0.3271606581458171
0.3271606581458171
0.3271606581458171
0.32716003584364683
0.3271606581458171
0.3271592414733713
0.3271592414733713
0.327161369029449
0.32716003584364683
0.3271592414733713
0.3271606581458171
0.3271606581458171
0.32716003584364683
0.32716003584364683
0.32717751109190524
0.32716003584364683
0.327161369029449
0.32716003584364683
0.3271606581458171
0.32715861917120104
0.327161369029449
0.3271606581458171
0.3271606581458171
0.3271606581458171
0.327161369029449
0.32715861917120104
0.32716003584364683
0.327161369029449
0.327161369029449
0.32718464795651586
0.32715861917120104
0.32716074672727874
0.3271606581458171
0.3271599523570031
0.32715861917120104
0.32717751109190524
0.32716003584364683
0.3271592414733713
0.3271606581458171
0.32716003584364683
0.3271606581458171
0.32716003584364683
0.32716003584364683
0.32716003584364683
0.327161369029449
0.3271606581458171
0.3271592414733713
0.3271606581458171
0.327161369029449
0.3271606581458171
0.3271606581458171
0.3271593300548329
0.32716003584364683
0.3271606581458171
0.32715861917120104
0.3271606581458171
0.327161369029449
0.3271606581458171
0.3271606581458171
0.32841679969697
0.32716074672727874
0.32716003584364683
0.32716074672727874
0.3271606581458171
0.3271606581458171
0.327161369029449
0.3271592414733713
0.32716003584364683
0.3271592414733713
1.0432910819298926
0.32715861917120104
0.3271606581458171
0.3596386217390852
0.3271592414733713
0.32715861917120104
0.32716074672727874
0.727899185783589
0.3271606581458171
0.32715861917120104
0.327161369029449
0.42526854046059287
0.3271606581458171
0.3271592414733713
0.32716003584364683
0.32716003584364683
0.32716003584364683
0.327161369029449
0.327161369029449
0.3271606581458171
0.327161369029449
0.3271606581458171
0.327161369029449
0.327161369029449
0.32716003584364683
0.32715861917120104
0.32716003584364683
0.32716074672727874
0.3271606581458171
0.33096608460001575
0.3271606581458171
0.3271606581458171
0.32716074672727874
0.36381539689610987
0.32841608881333817
0.3309760956038137
0.3271599523570031
0.32716003584364683
0.3271592414733713
0.327161369029449
0.32716074672727874
0.32718535374532975
0.327161369029449
0.3271606581458171
0.3271592414733713
0.3271606581458171
0.3271606581458171
0.3596394161093607
0.32716003584364683
0.32716003584364683
0.327161369029449
0.3271606581458171
0.32717688878973494
0.327161369029449
0.3271606581458171
0.34504295250226646
0.32716003584364683
0.3271606581458171
0.32983144375944545
0.3271592414733713
0.3271592414733713
0.32716003584364683
0.3271606581458171
0.32716003584364683
0.327161369029449
0.32716003584364683
0.3271606581458171
0.32716003584364683
0.3271606581458171
0.32841679969697
0.327161369029449
0.3271606581458171
0.3271606581458171
0.32716003584364683
0.32716003584364683
0.32717688878973494
0.327161369029449
0.32716074672727874
0.32716074672727874
0.3271606581458171
0.3271606581458171
0.3271606581458171
0.3271606581458171
0.3271593300548329
0.32716074672727874
0.32716003584364683
0.327161369029449
0.327161369029449
0.32716003584364683
0.32716003584364683
0.3271606581458171
0.3271606581458171
0.3271593300548329
0.32716003584364683
0.3271606581458171
0.3271593300548329
0.5624916473641459
0.3271606581458171
0.3271606581458171
0.32715861917120104
0.3271606581458171
0.3596387103205468
0.36381670244953357
0.3271606581458171
0.32716003584364683
0.3271592414733713
0.3271592414733713
0.32716074672727874
0.3271599523570031
0.3271599523570031
0.3271606581458171
0.3271592414733713
0.3271606581458171
0.3303931200262814
0.3271599523570031
0.32716003584364683
0.3271606581458171
0.32716003584364683
0.32716003584364683
0.3271606581458171
0.327161369029449
0.327161369029449
0.32715861917120104
0.3271592414733713
0.3271592414733713
0.3271606581458171
0.327161369029449
0.327161369029449
0.32715861917120104
0.327161369029449
0.32716074672727874
0.32717688878973494
0.3271592414733713
0.3276051358168104
0.3271606581458171
0.68912753273307
0.32716003584364683
0.32716003584364683
0.32716003584364683
0.9880732722649073
0.32718464795651586
0.3515734961568524
0.3271606581458171
0.327161369029449
0.3271606581458171
0.3276052193034541
0.32716003584364683
0.3298320660616157
0.3271768053030913
0.32716003584364683
0.3271606581458171
0.3271606581458171
0.3271606581458171
0.3271606581458171
0.32716003584364683
0.3271606581458171
0.3271606581458171
0.32716074672727874
0.3271599523570031
0.3271606581458171
0.3271592414733713
0.3271606581458171
0.32716003584364683
0.3515749128292982
0.32716003584364683
0.3271606581458171
0.3271593300548329
0.327161369029449
0.3271606581458171
0.3271606581458171
0.3271606581458171
0.3271606581458171
0.32716003584364683
0.32715861917120104
0.3271606581458171
0.3271592414733713
0.3271606581458171
0.3271606581458171
0.3271847314431595
0.32716003584364683
0.3298315185173299
0.32716003584364683
0.32716074672727874
0.327161369029449
0.32718535374532975
0.32718393707288396
0.32716003584364683
1.6201698123046004
0.32715861917120104
1.0432843823019322
0.327161369029449
0.3271592414733713
0.32715861917120104
0.3271606581458171
0.32716003584364683
0.3271606581458171
0.3271606581458171
0.3271606581458171
0.3303931200262814
0.3271592414733713
0.32716074672727874
0.327161369029449
0.3271593300548329
0.32716074672727874
0.32716003584364683
0.32716003584364683
0.45058982831978306
0.3271606581458171
0.3271592414733713
0.3271606581458171
0.3271606581458171
0.32716003584364683
0.32716003584364683
0.32716074672727874
0.32716003584364683
0.327161369029449
0.327161369029449
0.32716074672727874
0.327161369029449
0.3271592414733713
0.327161369029449
0.32716003584364683
0.3271606581458171
0.3515735796434961
0.32715861917120104
0.3271606581458171
0.3271606581458171
0.3271592414733713
0.327161369029449
0.32716003584364683
0.4505807216767528
0.3271606581458171
0.3271606581458171
0.32716074672727874
0.3271592414733713
0.327161369029449
0.3596393326227171
0.32716074672727874
0.32716074672727874
0.3271592414733713
0.3271593300548329
0.32716003584364683
0.32715861917120104
0.3271592414733713
0.32716003584364683
0.3271606581458171
0.3271606581458171
0.32716003584364683
0.32716003584364683
0.32716003584364683
0.3271606581458171
0.3272022066914179
0.3271606581458171
0.32715861917120104
0.3271606581458171
0.327161369029449
0.32716003584364683
0.32716003584364683
0.3271606581458171
0.3271833147707137
0.32716003584364683
0.3271592414733713
0.32716074672727874
0.3271606581458171
0.32715861917120104
0.32716003584364683
0.3271592414733713
0.3271606581458171
0.3271606581458171
0.32716074672727874
0.3271606581458171
0.3271606581458171
0.32716074672727874
0.3298320660616157
0.3515749128292982
0.32716074672727874
0.45056008193646035
0.35039117467687847
0.7278997937962769
0.327161369029449
0.32716003584364683
0.32716003584364683
0.3271606581458171
0.327161369029449
0.327161369029449
0.3271606581458171
0.3271606581458171
0.32716003584364683
0.3271606581458171
0.3271606581458171
0.3271592414733713
0.32716074672727874
0.32716003584364683
0.3596394161093607
0.32716003584364683
0.45058982831978306
0.32716003584364683
0.327161369029449
0.3271606581458171
0.3303924977241111
0.32716003584364683
0.3271606581458171
0.3515735796434961
0.3515749128292982
1.6201710342351152
0.32716003584364683
0.32716003584364683
0.32716074672727874
1.6201811717063825
0.3271606581458171
0.3271592414733713
0.3271606581458171
0.3271606581458171
0.32716003584364683
0.32716003584364683
0.3271592414733713
0.32715861917120104
0.3271592414733713
0.9880456174172543
0.3271606581458171
0.32718393707288396
0.327161369029449
0.32716003584364683
0.3515749128292982
0.3271606581458171
0.3271854423267914
0.32762269455171245
0.3271592414733713
0.32716003584364683
0.3271606581458171
0.32718535374532975
0.7557860805686311
0.32716003584364683
0.32716003584364683
1.620181296440658
0.32716003584364683
0.327161369029449
0.3271606581458171
0.32715861917120104
0.327161369029449
0.327161369029449
0.327161369029449
0.3271593300548329
0.3271606581458171
0.3271606581458171
0.3271592414733713
0.3271606581458171
0.3271606581458171
0.32716003584364683
0.32716003584364683
0.32716003584364683
0.3271592414733713
0.32716074672727874
0.3271606581458171
0.3271606581458171
0.3271606581458171
0.32716003584364683
0.32716003584364683
0.3271592414733713
0.3271606581458171
0.327161369029449
0.6891544005332516
0.3271606581458171
0.32716003584364683
0.3271592414733713
0.32715861917120104
0.3271606581458171
0.32716003584364683
0.32716003584364683
0.32716003584364683
0.3271606581458171
0.3450416244112824
0.3271606581458171
0.3271606581458171
0.3271606581458171
0.327161369029449
0.3271606581458171
0.327161369029449
0.32716003584364683
0.32716074672727874
0.32715861917120104
0.3271606581458171
0.3271606581458171
0.3271592414733713
0.3271606581458171
0.32716003584364683
0.32716003584364683
0.3271606581458171
0.32716074672727874
0.3271592414733713
0.32716003584364683
0.35157420194566635
0.32716074672727874
0.32716003584364683
0.3271606581458171
0.3271606581458171
0.32760584160562434
0.327161369029449
0.32716003584364683
0.32715861917120104
0.32977394335496946
0.32715861917120104
0.3271606581458171
0.3271606581458171
0.3271606581458171
0.3271606581458171
0.32715861917120104
0.327161369029449
0.3271833147707137
0.3271847314431595
0.3271606581458171
0.3271606581458171
0.32716003584364683
0.3271760944194594
0.3271606581458171
0.3271606581458171
0.3271606581458171
0.32716003584364683
0.3271592414733713
0.32716003584364683
0.3271606581458171
0.32716074672727874
0.32716074672727874
0.3271606581458171
0.3312000875817169
0.3271593300548329
0.3271606581458171
0.3271593300548329
0.32715861917120104
0.3271593300548329
0.32716003584364683
0.327161369029449
0.351574290527128
0.3271592414733713
0.32715861917120104
0.32716003584364683
0.32716003584364683
0.32716003584364683
0.3271606581458171
0.3271592414733713
0.32715861917120104
0.327161369029449
0.3271606581458171
0.327161369029449
0.32716003584364683
0.32716003584364683
0.3271592414733713
0.3515749128292982
1.0432831611620674
0.32716003584364683
0.3271606581458171
0.327161369029449
0.3271599523570031
0.327161369029449
0.32716003584364683
0.32716074672727874
0.3271606581458171
0.3271599523570031
0.3271592414733713
0.42526782957696097
0.32715861917120104
0.327161369029449
0.3271606581458171
0.32716074672727874
0.3271593300548329
0.327161369029449
0.3271606581458171
0.3271606581458171
0.327161369029449
0.32716003584364683
0.3271847314431595
0.32716003584364683
0.32716074672727874
0.32715861917120104
0.32716003584364683
0.3271606581458171
0.3596379994369149
0.32716003584364683
0.327161369029449
0.7419527033598842
0.3271606581458171
0.327161369029449
0.3271606581458171
0.689161410920943
0.3271606581458171
0.32716003584364683
0.32716003584364683
0.327161369029449
0.359640038411531
0.3271606581458171
0.32716003584364683
0.3271606581458171
0.3271606581458171
0.327161369029449
0.32716003584364683
0.3271606581458171
0.3271606581458171
0.3271606581458171
0.32716003584364683
0.35157420194566635
0.32716074672727874
0.3271606581458171
0.327161369029449
0.32716003584364683
0.3312147721774316
0.32715861917120104
0.3271606581458171
0.4252943555000325
1.6201811717063825
0.4255099069442394
0.327161369029449
0.3271599523570031
0.3271606581458171
0.32716074672727874
0.32716003584364683
0.32716003584364683
0.32716003584364683
0.32715861917120104
0.32716003584364683
0.32716074672727874
0.32716003584364683
0.32716003584364683
0.3271606581458171
0.3298320660616157
0.32716074672727874
0.3271599523570031
0.32717688878973494
0.32716003584364683
0.32716074672727874
0.3271592414733713
0.327161369029449
0.32716003584364683
0.3271606581458171
0.32716003584364683
0.32716003584364683
0.3271606581458171
0.327161369029449
0.3271606581458171
0.32716003584364683
0.32716003584364683
0.32716003584364683
0.32716074672727874
0.32716003584364683
0.3271606581458171
0.6891028371335574
0.3271592414733713
0.3596393326227171
0.3271606581458171
0.3271592414733713
0.3271599523570031
0.32716003584364683
0.32716003584364683
0.3271606581458171
0.3271606581458171
0.7419514034777435
0.327161369029449
0.32716074672727874
0.3271606581458171
0.32716003584364683
0.32716003584364683
0.3271606581458171
0.3271592414733713
0.327161369029449
0.32716003584364683
0.327161369029449
0.3303931200262814
0.32715861917120104
0.32716074672727874
0.32716003584364683
0.34504295250226646
0.32716003584364683
0.32716003584364683
0.32716003584364683
0.3271606581458171
0.3271606581458171
0.32716003584364683
0.32715861917120104
0.3271606581458171
0.36381590807925795
0.327161369029449
0.32716003584364683
0.3271606581458171
0.32715861917120104
0.32716003584364683
0.32716003584364683
0.3271606581458171
0.3271599523570031
0.3271606581458171
0.327161369029449
0.3271606581458171
0.327161369029449
0.3271606581458171
0.32718393707288396
0.3271606581458171
0.3271592414733713
0.32716003584364683
0.32716003584364683
0.32716074672727874
0.3271606581458171
0.32716074672727874
0.3271606581458171
0.3271606581458171
0.3271606581458171
0.3271606581458171
0.327161369029449
0.3271606581458171
0.3271606581458171
0.3271599523570031
0.3271599523570031
0.3515749128292982
0.32716003584364683
0.3271606581458171
0.3271606581458171
0.32715861917120104
0.32716003584364683
0.3277182208750502
0.32716003584364683
0.3271606581458171
0.3271599523570031
0.327161369029449
0.3271599523570031
0.3271606581458171
0.3271606581458171
0.32716003584364683
0.3271606581458171
0.3271606581458171
0.3271592414733713
0.3271593300548329
0.6891035480171892
0.32716074672727874
0.32716003584364683
0.3271606581458171
0.32716003584364683
0.3271606581458171
0.327161369029449
0.3271599523570031
0.32716074672727874
0.3271606581458171
0.3450430410837282
0.32716003584364683
0.3271606581458171
0.32716003584364683
0.3271606581458171
0.32715861917120104
0.32716003584364683
0.32716003584364683
0.3271606581458171
0.3271606581458171
0.32716003584364683
0.327161369029449
0.3271592414733713
0.3271606581458171
0.32715861917120104
0.32716003584364683
0.32716074672727874
0.32716003584364683
0.3271592414733713
0.327161369029449
0.3271592414733713
0.3271592414733713
0.32715861917120104
0.34504295250226646
0.3271606581458171
0.3271606581458171
0.32716074672727874
0.32715861917120104
0.3271606581458171
0.327161369029449
0.3271593300548329
0.3271592414733713
0.32716003584364683
0.32716003584364683
0.32716003584364683
0.3271606581458171
0.3271606581458171
0.32716003584364683
0.32716003584364683
0.32715861917120104
0.327161369029449
0.3271606581458171
0.3271592414733713
0.32718535374532975
0.3271606581458171
0.32716074672727874
0.327161369029449
0.3271593300548329
0.32718606462896166
0.327161369029449
0.3271599523570031
0.327161369029449
0.32716003584364683
0.3271606581458171
0.3271606581458171
0.327161369029449
0.32716003584364683
0.32716003584364683
0.327161369029449
0.3271599523570031
0.3271599523570031
0.3271606581458171
0.3271606581458171
0.3271606581458171
0.3271599523570031
0.3271606581458171
0.3271606581458171
0.32716003584364683
0.32716003584364683
0.3271606581458171
0.3271606581458171
0.3271593300548329
0.327161369029449
0.3271606581458171
0.32716003584364683
0.3271592414733713
0.32716074672727874
0.32716003584364683
0.327161369029449
0.32716003584364683
0.3271599523570031
0.3271606581458171
0.327161369029449
0.689161410920943
0.3271606581458171
0.3271606581458171
0.32716003584364683
0.3271606581458171
0.3271599523570031
0.32715861917120104
0.32716074672727874
0.32716074672727874
0.3271606581458171
0.3271606581458171
0.3271833147707137
0.3271606581458171
0.327161369029449
0.3271592414733713
0.3450436633858984
0.3271592414733713
0.32716003584364683
0.32715861917120104
0.327161369029449
0.3271593300548329
0.3271606581458171
0.32716003584364683
0.3271606581458171
0.3271606581458171
0.3271599523570031
0.3271606581458171
0.32715861917120104
0.3271606581458171
0.32716003584364683
0.32716003584364683
0.32716003584364683
0.3271592414733713
0.32839985816942024
0.32716003584364683
0.3271599523570031
0.327161369029449
0.3271606581458171
0.32716003584364683
0.327161369029449
0.32715861917120104
0.32716003584364683
0.327161369029449
0.3271606581458171
0.3271592414733713
0.3271592414733713
0.3271592414733713
0.3271593300548329
0.32715861917120104
0.3271606581458171
0.327161369029449
0.3271606581458171
0.3271606581458171
0.32716003584364683
0.3312000875817169
0.3271592414733713
0.3271606581458171
0.32716003584364683
0.327161369029449
0.32716003584364683
0.32716003584364683
0.3271606581458171
0.32716003584364683
0.32716003584364683
0.32715861917120104
0.689161410920943
0.327161369029449
0.3271593300548329
0.3271606581458171
0.7279010936784176
0.327161369029449
0.32716003584364683
0.3271606581458171
0.3271606581458171
0.3271606581458171
0.3271593300548329
0.3271606581458171
0.3271593300548329
0.3271606581458171
0.3271592414733713
0.327161369029449
0.3271606581458171
0.3271606581458171
0.3271606581458171
0.3271606581458171
0.3271606581458171
0.32716003584364683
0.3271847314431595
0.32715861917120104
0.3271593300548329
0.3271606581458171
0.3271840256543456
0.3271606581458171
0.3271606581458171
0.327161369029449
0.3271606581458171
0.3271606581458171
