0.32857866224046145
0.32784080261865445
0.8912240674011968
0.42425582996237565
0.3268526932079997
0.33221387895497106
0.32685331551016994
0.32685331551016994
0.32685331551016994
0.7961550759813394
0.32685331551016994
0.3268526932079997
0.32685331551016994
0.32685331551016994
0.32685331551016994
0.3268526932079997
0.3268526932079997
0.32685331551016994
0.3268526932079997
0.32685331551016994
0.32685331551016994
0.3268709475934026
0.32685331551016994
0.32685331551016994
0.32685331551016994
0.3268526932079997
0.338130647882378
0.3268526932079997
0.32685331551016994
0.3268780111096826
0.32685331551016994
0.32784080261865445
0.3547235735017491
0.32685331551016994
0.7957371859598362
0.32685331551016994
0.32685331551016994
0.32685331551016994
0.32685331551016994
0.32685331551016994
0.32685331551016994
0.35472349874386466
0.32685331551016994
0.34656771635802
0.3268703252912324
0.3268709475934026
0.3268526932079997
0.32685331551016994
0.3285886732442594
0.32685331551016994
0.32685331551016994
0.32685331551016994
0.32685331551016994
0.32685331551016994
0.32979087837814747
0.32685331551016994
0.32685331551016994
0.32685331551016994
0.3268780111096826
0.8608708059833636
0.32685331551016994
0.3268526932079997
0.32685331551016994
0.3268526932079997
0.32923470799076704
0.3268780111096826
0.32685331551016994
0.32685331551016994
0.34600873695634105
0.3269108906725303
0.32685331551016994
0.32685331551016994
0.3268709475934026
0.32685331551016994
0.32685331551016994
0.3268526932079997
0.329773868597085
0.35480646656579246
0.3268526932079997
0.3269362085742133
0.32857866224046145
0.32685331551016994
0.3268780111096826
0.3268709475934026
0.32685331551016994
0.3268533902680544
1.4511223653615646
0.3268780111096826
0.3268526932079997
0.32685331551016994
0.4242862872293302
0.3268533902680544
0.3381293575620853
0.3481991955238801
0.32923470799076704
0.32685331551016994
0.32685331551016994
0.32685331551016994
0.3268780111096826
0.3268526932079997
0.3268533902680544
0.32685331551016994
0.32685331551016994
0.3268533902680544
0.32685331551016994
0.32685331551016994
0.3269362085742133
0.32685331551016994
0.32685331551016994
0.32685331551016994
0.3268526932079997
0.3269362085742133
0.9504831816616331
0.32685331551016994
0.32685331551016994
0.7957371859598362
0.32685276796588414
0.3268526932079997
0.3471107372424984
0.32685331551016994
0.35472295119957886
0.32685331551016994
0.32685331551016994
0.3268526932079997
0.326935586272043
0.3268526932079997
0.32685331551016994
0.3268709475934026
0.3268773888075124
0.3268709475934026
0.9504911024294584
0.3381299798642556
0.3284225147943169
0.32685331551016994
0.9504594396517244
0.32685331551016994
0.36464157615704706
0.3268780111096826
0.3268780111096826
0.3268526932079997
0.3268526932079997
0.3268780111096826
0.3278648759159969
0.3471107372424984
0.32685331551016994
0.32685331551016994
0.32685331551016994
0.32685331551016994
0.32685276796588414
0.32685331551016994
0.32685331551016994
1.4414501097169305
0.3269362085742133
0.42425582996237565
0.32685331551016994
0.32685331551016994
0.32685331551016994
0.44687947062282807
0.32685331551016994
0.32685331551016994
0.32685331551016994
0.3482238911233928
0.32685331551016994
0.32839915238060635
0.34883530715108546
0.32685331551016994
0.32685331551016994
0.32685331551016994
0.32685331551016994
0.32685331551016994
0.3268526932079997
0.553492285786112
0.45567115624206256
0.32685331551016994
0.3268526932079997
0.3297915006803177
0.32685331551016994
0.3268526932079997
0.3268526932079997
0.3268526932079997
0.32685331551016994
0.3381553434818907
0.32685331551016994
0.32685331551016994
0.3268526932079997
0.5668296562675345
0.32685331551016994
0.32685331551016994
0.32685331551016994
0.3465737565751752
0.32685331551016994
0.3268526932079997
0.3268780111096826
0.32685331551016994
0.32685331551016994
0.32685331551016994
2.16257108983618
0.3268526932079997
0.3268526932079997
0.32685331551016994
0.32923470799076704
0.32685331551016994
0.33813127018454825
0.3268526932079997
0.3268526932079997
0.32685331551016994
0.32685331551016994
0.3268780111096826
0.3268526932079997
0.3268526932079997
0.523874435592361
0.32685331551016994
0.32685331551016994
0.3268526932079997
0.32685331551016994
0.32857866224046145
0.3268533902680544
0.32685331551016994
0.3268533902680544
0.32685331551016994
0.3268533902680544
0.3286133688437721
0.33853816948181015
0.32685331551016994
0.32685331551016994
0.3268533902680544
0.3274143694748356
0.9504584860621205
0.42447138140658247
0.32685331551016994
0.32685331551016994
0.32685331551016994
0.32685331551016994
0.3268526932079997
0.32685331551016994
0.32685331551016994
0.32685331551016994
0.32685331551016994
0.32685331551016994
0.32685331551016994
0.32685331551016994
0.9504584860621205
0.32685331551016994
0.3268533902680544
0.3268526932079997
0.7960323605379784
0.3268533902680544
0.32685331551016994
0.3292246969869691
0.3268526932079997
0.3268526932079997
0.3285886732442594
0.3385375471796399
0.32685331551016994
0.7960323605379784
0.32685331551016994
0.3268526932079997
0.3268526932079997
0.4242862872293302
0.32685276796588414
0.32685331551016994
0.32685331551016994
0.32685331551016994
1.4414501097169305
0.42447138140658247
0.32685331551016994
0.32685331551016994
0.32685331551016994
0.4558523190754318
0.32685331551016994
0.7957371859598362
0.3268526932079997
0.32685331551016994
0.32685331551016994
0.32842384798011903
0.32685331551016994
0.4468490133558735
0.32685331551016994
0.32685331551016994
0.3268526932079997
0.32685331551016994
0.3381299798642556
0.32685331551016994
0.32685331551016994
0.32685331551016994
0.3381299798642556
0.3268526932079997
0.32685331551016994
0.32685331551016994
0.32685331551016994
1.4414391584149269
0.3268526932079997
0.3268526932079997
0.32685331551016994
0.3268526932079997
0.32685331551016994
0.32685331551016994
0.32685331551016994
0.32685331551016994
0.3471283693257311
0.3268526932079997
0.32685331551016994
0.3269362085742133
0.32685331551016994
0.32691151297470056
0.3268703252912324
0.32685331551016994
0.3268526932079997
0.3268780111096826
0.3293075900510125
0.32685331551016994
0.32860335783997413
0.32685331551016994
0.3268526932079997
0.32685331551016994
0.3268526932079997
0.3268526932079997
0.3268526932079997
0.32685331551016994
0.32864687070879006
0.32685331551016994
0.32685331551016994
0.3268526932079997
0.32685331551016994
0.32685331551016994
0.34654968327783275
0.7960323605379784
0.3268526932079997
0.32685331551016994
0.32685331551016994
0.32685331551016994
0.32685331551016994
0.32685331551016994
0.3268526932079997
0.32685331551016994
0.338130647882378
0.32923470799076704
0.3268780111096826
0.3268526932079997
0.32860335783997413
0.3268709475934026
0.32685331551016994
0.42425582996237565
0.32685331551016994
0.32685331551016994
0.32685331551016994
0.3268773888075124
0.32685331551016994
0.3268709475934026
0.3268703252912324
0.3268526932079997
0.32685331551016994
0.8912240674011968
0.3268526932079997
0.34939958732759935
1.4414501097169305
0.32685331551016994
0.32685331551016994
0.7957371859598362
0.3268526932079997
0.3297915006803177
0.32685331551016994
0.32685331551016994
0.32685331551016994
0.3292246969869691
0.3292594035902798
0.32685331551016994
0.3268709475934026
0.32685331551016994
0.3268780111096826
0.32691151297470056
0.32685331551016994
0.32685331551016994
0.3268780111096826
0.32685331551016994
0.32685331551016994
0.8912240674011968
0.3268526932079997
0.32685331551016994
0.3268780111096826
0.32693628333209773
0.32685331551016994
0.32685331551016994
0.3284231370964871
0.32685331551016994
0.32685331551016994
0.32685331551016994
0.3278401803164842
0.32685331551016994
0.32685331551016994
0.3268780111096826
0.32685331551016994
0.3269362085742133
0.32685331551016994
0.3268526932079997
1.4414505322587012
0.3268780111096826
0.32685331551016994
0.32685331551016994
0.3471107372424984
0.3268526932079997
0.32685331551016994
0.3268709475934026
0.32685331551016994
0.34654968327783275
0.7957371859598362
0.32839844149697445
0.32685331551016994
0.3268773888075124
0.523874435592361
0.32685331551016994
0.32685331551016994
0.32685331551016994
0.32685331551016994
0.3297915006803177
0.32860335783997413
0.3547235735017491
1.4196541026693754
0.3268526932079997
0.32685331551016994
0.3268526932079997
0.32685331551016994
0.32685331551016994
0.33856286508132283
0.3269362085742133
0.32685331551016994
0.329773868597085
0.3385622427791526
0.32685331551016994
0.44687947062282807
0.338538912257817
0.32685331551016994
0.33853816948181015
0.32685331551016994
0.32685331551016994
0.32685331551016994
0.3268526932079997
1.4414501097169305
0.32685331551016994
0.32685331551016994
0.32923470799076704
0.32685331551016994
0.32685331551016994
0.3268526932079997
0.32685331551016994
0.32685331551016994
0.3547235735017491
0.32685331551016994
0.32685331551016994
0.7957371859598362
0.32685331551016994
0.32685331551016994
0.32687808586756706
0.32685331551016994
0.3268526932079997
0.3274143694748356
0.32685331551016994
0.32685331551016994
0.3268526932079997
1.4414505322587012
0.32839844149697445
0.32685331551016994
0.3547235735017491
0.32685331551016994
0.3268709475934026
0.7960076649384658
0.32685331551016994
0.32864687070879006
0.32685331551016994
0.32685331551016994
0.3268709475934026
0.3283978191948042
0.7960323605379784
0.3268709475934026
0.32685331551016994
0.42425582996237565
0.32685331551016994
0.32685331551016994
0.32685331551016994
0.3268533902680544
0.32685331551016994
0.32685331551016994
0.32685331551016994
0.523874435592361
0.32685331551016994
0.32685331551016994
0.3268956431929153
0.3481991955238801
0.36464157615704706
0.32685331551016994
0.3547235735017491
0.3268526932079997
0.3268526932079997
0.3268526932079997
0.3268526932079997
0.32685331551016994
0.32685331551016994
0.5535227430530666
0.32685331551016994
0.5821313837254203
0.32685331551016994
0.8551486655006437
0.3268526932079997
0.36464157615704706
0.3278401803164842
0.3268526932079997
0.3268526932079997
0.32685331551016994
0.3269108906725303
0.7957640537600177
0.32685331551016994
0.32685331551016994
0.32685331551016994
0.3268526932079997
0.3268526932079997
0.32685331551016994
0.32685331551016994
0.3285886732442594
0.32685331551016994
0.32685331551016994
0.32685331551016994
0.32685331551016994
0.32685331551016994
0.3268526932079997
0.32685331551016994
1.0342719325708842
0.32685331551016994
0.32741374717266536
0.32691151297470056
1.4414409661448242
0.32685331551016994
0.3268526932079997
0.5239514266525853
0.32685331551016994
0.42425582996237565
0.32685331551016994
0.32839844149697445
0.3268526932079997
0.32685331551016994
0.3268780111096826
0.32685331551016994
0.32685331551016994
0.3268533902680544
0.3292493925864818
0.7957371859598362
0.32685331551016994
0.3268780111096826
0.32685331551016994
0.3547235735017491
0.32685331551016994
0.32923470799076704
0.3268526932079997
0.32685331551016994
0.32685331551016994
0.3268526932079997
0.32685331551016994
0.32685331551016994
0.32685331551016994
0.33856286508132283
0.32685331551016994
0.32685331551016994
0.7957887493595304
0.3381293575620853
0.3315092263311745
0.33818817732878625
0.3268526932079997
0.3268526932079997
0.3268526932079997
0.32685331551016994
0.32687102235128707
0.32685331551016994
0.32685331551016994
0.32685331551016994
0.32685331551016994
0.32685331551016994
0.32685331551016994
0.32839844149697445
0.3268526932079997
0.32685331551016994
0.3268526932079997
0.34654968327783275
0.32685331551016994
0.3268526932079997
0.32685331551016994
0.34656771635802
0.3268780111096826
0.32685331551016994
0.3268780111096826
0.32685331551016994
0.3268526932079997
0.32685331551016994
0.32685331551016994
0.3268533902680544
0.32685331551016994
0.32685331551016994
0.32685331551016994
0.32685331551016994
0.3268780111096826
0.32685331551016994
0.35083056913308786
0.3268526932079997
0.7957371859598362
0.3268526932079997
0.32685331551016994
0.3268526932079997
0.32685331551016994
0.3269362085742133
0.32685331551016994
0.32685331551016994
0.32685331551016994
0.32685331551016994
0.3268526932079997
0.32685331551016994
0.32685331551016994
0.32685331551016994
0.5239209693856308
0.9504584860621205
0.32685331551016994
0.3268526932079997
0.32685331551016994
0.3268780111096826
0.32685331551016994
0.32685331551016994
0.32685331551016994
0.3297915006803177
0.3268526932079997
0.32685331551016994
0.3268526932079997
0.32685331551016994
0.32685331551016994
0.4242862872293302
0.3268780111096826
0.32685331551016994
0.3268526932079997
0.4242565408460075
0.32685331551016994
0.3268780111096826
0.32923470799076704
0.3268709475934026
0.32685331551016994
0.32685331551016994
0.32792307338052756
0.3292828944514998
0.32685331551016994
0.4242862872293302
0.3269362085742133
0.32685331551016994
0.3268703252912324
0.3547235735017491
0.32857866224046145
0.32895679859648314
0.3501136431676596
0.32685331551016994
0.32685331551016994
0.32685331551016994
0.3269362085742133
0.32685331551016994
0.32685331551016994
0.32685331551016994
0.32685331551016994
0.35472349874386466
0.32685331551016994
0.32685331551016994
0.32923470799076704
1.4414505322587012
0.32685331551016994
0.32685331551016994
0.34654968327783275
0.32691151297470056
0.3268780111096826
0.36763154523773844
0.34654968327783275
0.32685331551016994
0.32685331551016994
0.3268526932079997
0.32685331551016994
0.32685331551016994
0.32685331551016994
0.32685331551016994
0.32685331551016994
0.3268533902680544
0.32685331551016994
0.32685331551016994
0.3268956431929153
0.32685331551016994
0.7957640537600177
0.3268526932079997
0.32685331551016994
0.32685331551016994
0.3268526932079997
0.32685331551016994
0.32685331551016994
0.3268526932079997
1.4414505322587012
0.32685331551016994
0.32685331551016994
0.3269362085742133
0.5668296562675345
0.32685331551016994
0.32685331551016994
0.32685331551016994
0.32685331551016994
0.3268526932079997
0.32685331551016994
0.32685331551016994
0.32685331551016994
0.3268526932079997
0.32685331551016994
0.32685331551016994
0.34654968327783275
0.3292246969869691
0.32857866224046145
0.32685331551016994
0.32685331551016994
0.3268526932079997
0.3268526932079997
0.4242862872293302
0.3268533902680544
0.32685331551016994
0.3285886732442594
0.32685331551016994
0.32685331551016994
0.3268773888075124
0.3268533902680544
0.32685331551016994
0.3268780111096826
0.32685331551016994
0.32685331551016994
0.3269362085742133
0.32685331551016994
0.3268526932079997
0.32685331551016994
0.3268526932079997
0.32685331551016994
0.523874435592361
0.3292246969869691
0.32685331551016994
0.32685331551016994
0.32685331551016994
0.33853816948181015
0.32685331551016994
1.4414505322587012
0.32685331551016994
0.3268780111096826
0.9317406254224225
1.4519886931924026
0.32685331551016994
0.32685331551016994
0.32685331551016994
0.32685331551016994
0.32685331551016994
0.32685331551016994
0.32691151297470056
0.32685331551016994
0.3268526932079997
0.32685331551016994
0.4470859154240047
0.3268703252912324
0.3268780111096826
0.9504584860621205
0.3268526932079997
1.4414505322587012
0.32685331551016994
0.32685331551016994
0.3269108906725303
0.32685331551016994
0.32685331551016994
0.32685331551016994
0.33853816948181015
0.32685331551016994
0.32923470799076704
0.3268773888075124
0.32687102235128707
0.32685331551016994
0.32685331551016994
0.32685331551016994
1.5796477568976308
0.32685331551016994
0.329773868597085
0.3268709475934026
0.32923470799076704
0.3268526932079997
0.32685331551016994
0.3386210625458535
0.3268526932079997
0.523874435592361
0.32685331551016994
0.32685331551016994
1.4414501097169305
1.4414501097169305
0.32685331551016994
0.32685331551016994
0.3268526932079997
1.5571473844595665
0.32685331551016994
0.3268773888075124
0.32685331551016994
0.32685331551016994
0.3268526932079997
0.33952565659029466
0.32685331551016994
0.3268526932079997
1.4414505322587012
0.32685331551016994
0.32685331551016994
0.32685331551016994
0.32685331551016994
0.42425582996237565
0.32685331551016994
0.32685331551016994
0.32685331551016994
0.3268526932079997
0.32685331551016994
0.5588958144454492
0.32685331551016994
0.9504664068299455
0.5239048928593155
0.523874435592361
0.33853816948181015
0.3268526932079997
0.5239048928593155
0.32685331551016994
0.32685331551016994
0.32685331551016994
0.3471107372424984
0.3268526932079997
0.3268526932079997
0.32685331551016994
0.3268526932079997
0.32685331551016994
0.3268526932079997
0.32685331551016994
0.5821313837254203
0.4242869981129621
0.3268709475934026
0.32685331551016994
0.3381299798642556
0.32685331551016994
0.3268780111096826
0.32685331551016994
0.3268780111096826
0.32685331551016994
0.3465490609756625
0.32685331551016994
0.32685331551016994
0.3278990000831851
0.32839915238060635
1.4414501097169305
0.3268526932079997
0.4229146569204527
0.32685331551016994
0.3268526932079997
0.32685331551016994
0.32685331551016994
0.32685331551016994
0.4468490133558735
0.32685331551016994
0.3268533902680544
0.32685331551016994
0.32685331551016994
0.32685331551016994
0.7960323605379784
0.32685331551016994
0.329773868597085
0.32685331551016994
0.3481991955238801
0.32839844149697445
0.32685331551016994
0.3268526932079997
0.32685331551016994
0.3268774635653968
0.32685331551016994
0.3268526932079997
0.32685331551016994
0.32685331551016994
0.32685331551016994
0.32685331551016994
0.327471944637196
0.7957618815593489
0.32685331551016994
0.32685331551016994
0.32685331551016994
0.34600944783997295
0.32685331551016994
0.32691151297470056
0.3268533902680544
0.3268526932079997
0.3268526932079997
0.32839844149697445
0.32685331551016994
0.32685331551016994
0.32685331551016994
0.32685331551016994
0.3268526932079997
0.32685331551016994
0.33853816948181015
0.32685331551016994
0.32685331551016994
0.326911587732585
0.8912240674011968
0.32685331551016994
0.32685331551016994
0.34656709405584973
0.3278401803164842
0.32685331551016994
0.3385375471796399
0.32685331551016994
1.4420387687244058
0.32685331551016994
0.32685331551016994
0.523874435592361
0.3269291450579333
0.32685331551016994
0.3268526932079997
0.32857866224046145
0.3268526932079997
0.32685331551016994
0.32685331551016994
0.3268533902680544
0.6638471938422467
0.32685331551016994
0.3471107372424984
0.32685331551016994
0.32685331551016994
0.32685331551016994
0.32685331551016994
0.3268526932079997
0.3268526932079997
0.32685331551016994
0.32685331551016994
0.32685331551016994
0.32685331551016994
0.7957371859598362
0.32685331551016994
0.32685331551016994
0.32685331551016994
0.32839985816942024
0.32685331551016994
0.3268526932079997
0.32685331551016994
0.3268526932079997
0.32685331551016994
0.32685331551016994
0.32685331551016994
0.32685331551016994
0.32685331551016994
0.33813127018454825
0.3268526932079997
0.3268709475934026
0.32685331551016994
0.32839844149697445
0.3547482691012618
0.32857866224046145
0.32685331551016994
0.32685331551016994
0.3268526932079997
0.32685331551016994
0.32685331551016994
0.32685331551016994
0.32685331551016994
0.32741374717266536
1.4414501097169305
0.32685331551016994
0.523874435592361
0.32685331551016994
0.3268780111096826
0.3268526932079997
0.3268526932079997
0.32685331551016994
0.3638161077797418
1.4196545252111463
0.32691151297470056
0.33813127018454825
0.32685331551016994
0.32685331551016994
0.32839915238060635
0.32685331551016994
0.32685331551016994
0.32685331551016994
0.32685331551016994
0.32685331551016994
0.7900593292665221
0.32685331551016994
0.32685331551016994
0.32685331551016994
0.32685331551016994
0.3268780111096826
0.32685331551016994
0.32685331551016994
0.32685331551016994
0.7957371859598362
0.32685331551016994
0.3274320015580683
0.7957371859598362
0.32685331551016994
0.32685331551016994
0.32685331551016994
0.3297915006803177
0.3268526932079997
0.3268780111096826
