0.327161369029449
0.35229183879472653
0.32716003584364683
0.3271606581458171
0.3271606581458171
0.3271606581458171
0.327161369029449
0.9880720511250425
0.34560130960177515
0.33100150208695833
0.32716074672727874
0.32716074672727874
0.33096608460001575
0.3271606581458171
0.32716003584364683
0.3638169021500174
0.32715861917120104
0.34504091352765043
0.327161369029449
0.3271606581458171
0.32715861917120104
0.32715861917120104
0.3271592414733713
0.32716003584364683
0.32716003584364683
0.32716003584364683
0.3271606581458171
0.32718606462896166
0.3271592414733713
0.32716003584364683
0.32716074672727874
0.32716074672727874
0.32716003584364683
1.0432831611620674
0.32715861917120104
0.32717751109190524
0.3271606581458171
0.3271606581458171
0.3271606581458171
0.3271593300548329
0.3271593300548329
0.3271606581458171
0.327161369029449
0.3271599523570031
0.3276065524892562
0.32716003584364683
0.32716003584364683
0.32716003584364683
0.327161369029449
0.32716074672727874
0.327161369029449
0.3271606581458171
0.32715861917120104
0.3271606581458171
0.327161369029449
0.3271606581458171
0.3271606581458171
0.3271606581458171
0.3271606581458171
0.3271606581458171
0.32715861917120104
0.3271599523570031
0.3450436633858984
0.3271606581458171
0.35157278527322056
0.327161369029449
0.3312147721774316
0.3271606581458171
0.3271593300548329
0.3271606581458171
0.35157420194566635
0.3271606581458171
0.32716003584364683
0.3271606581458171
0.32715861917120104
0.689161410920943
0.3271606581458171
0.32716003584364683
0.3271606581458171
0.3271592414733713
0.32716003584364683
0.3271606581458171
0.32716003584364683
0.3271606581458171
0.3271606581458171
0.32716003584364683
0.32716074672727874
0.3271606581458171
0.3271606581458171
0.32716003584364683
0.3271606581458171
0.32716003584364683
0.33121694052780504
0.3450423302000963
0.32715861917120104
1.620180763606604
0.327161369029449
0.327161369029449
0.3271606581458171
0.3271606581458171
0.32718464795651586
0.32716003584364683
0.3271593300548329
0.3271606581458171
0.3271606581458171
0.3271592414733713
0.327161369029449
0.32715861917120104
0.32717688878973494
0.32716003584364683
0.9880456174172543
0.7279004069234539
0.689161410920943
0.327161369029449
0.327161369029449
0.3271606581458171
0.5297342117397468
0.32716003584364683
0.327161369029449
0.3271593300548329
0.3271599523570031
0.3271606581458171
0.3271606581458171
0.32715861917120104
0.3271606581458171
0.32716003584364683
0.3271606581458171
0.32716003584364683
0.32716003584364683
0.3271606581458171
0.32716074672727874
0.32716003584364683
0.5623849777750042
0.32716003584364683
0.32716003584364683
0.3271606581458171
0.3271599523570031
0.32716003584364683
0.3271606581458171
0.327161369029449
0.3284167111155084
0.32716003584364683
0.3271833147707137
0.3596394161093607
0.3271592414733713
0.32716003584364683
0.32716003584364683
0.32715861917120104
0.3271606581458171
0.32715861917120104
0.359640038411531
0.32716003584364683
0.32716003584364683
0.327161369029449
0.327161369029449
0.327161369029449
0.3271606581458171
0.3596394161093607
0.32840056905305215
0.32716003584364683
0.32716003584364683
0.3271606581458171
0.3271606581458171
0.32716074672727874
0.3271606581458171
0.327161369029449
0.3271606581458171
0.3271606581458171
0.3515735796434961
0.32715861917120104
0.3271606581458171
1.6201698123046004
0.32715861917120104
0.32716003584364683
0.3271606581458171
0.3271847314431595
0.3271606581458171
0.3271593300548329
0.3271606581458171
0.32716003584364683
0.3271593300548329
0.32716003584364683
0.32715861917120104
0.32977394335496946
0.7340983774869481
0.32716003584364683
0.3271606581458171
0.32716074672727874
0.32716074672727874
0.32716003584364683
0.3271606581458171
0.3271592414733713
0.3271606581458171
0.35157278527322056
0.32771972612895767
0.32716074672727874
0.3271606581458171
0.3271606581458171
0.3271606581458171
0.3271606581458171
0.32716003584364683
0.3271606581458171
0.3271606581458171
0.327719637547496
0.327161369029449
0.32716003584364683
0.32716003584364683
0.32715861917120104
0.32716003584364683
0.3271606581458171
0.3271592414733713
0.3596407492951629
0.68912753273307
0.3271592414733713
0.3309760956038137
0.32716003584364683
0.3271606581458171
0.32716003584364683
0.32715861917120104
0.3271592414733713
1.619324506202587
0.3271847314431595
0.3271592414733713
0.3312000875817169
0.3271606581458171
0.3271606581458171
0.3271606581458171
0.3271593300548329
0.32716003584364683
0.32716003584364683
0.32716003584364683
0.3271606581458171
0.3271606581458171
0.3271606581458171
0.32716003584364683
0.32716003584364683
0.7413578876736969
0.3271606581458171
0.3596394161093607
0.3271606581458171
0.32715861917120104
0.3271592414733713
0.3271606581458171
0.32716003584364683
0.32716003584364683
0.32716003584364683
0.3271606581458171
0.3271606581458171
0.3271593300548329
0.32716003584364683
0.3276052193034541
0.3271606581458171
0.3271592414733713
0.32716003584364683
0.3271593300548329
0.32716074672727874
0.327161369029449
0.32716003584364683
0.3297732462949148
0.32716003584364683
0.32715861917120104
0.32716003584364683
0.32715861917120104
0.3271592414733713
0.32716074672727874
0.3271606581458171
0.3271854423267914
0.32716003584364683
0.3271606581458171
0.32716003584364683
0.32716003584364683
0.3271593300548329
0.3271606581458171
0.32716003584364683
0.32715861917120104
0.6891882787211245
0.327161369029449
0.3271593300548329
0.32716003584364683
0.32716074672727874
0.3271592414733713
0.327161369029449
0.327161369029449
0.32716074672727874
0.327161369029449
0.32716003584364683
0.3271606581458171
0.32716003584364683
0.3271606581458171
0.3271606581458171
0.5624153602840742
0.7419527033598842
0.327161369029449
0.3271606581458171
0.32716003584364683
0.3271606581458171
0.32716074672727874
0.327161369029449
0.3271606581458171
0.32716003584364683
0.3271606581458171
0.32716003584364683
0.32716003584364683
0.32716074672727874
0.32772034843112785
0.3271606581458171
0.32716074672727874
0.3271606581458171
0.5298714133537277
0.3271606581458171
0.3271606581458171
0.32716003584364683
0.327161369029449
0.327161369029449
0.32716074672727874
0.689161410920943
1.0432910819298926
0.32716003584364683
0.32716074672727874
0.32716003584364683
0.32716003584364683
0.3271599523570031
0.35157420194566635
0.32716074672727874
1.6201697862055797
0.32983144375944545
0.32716003584364683
0.3271606581458171
0.3271606581458171
0.3271606581458171
0.32716003584364683
0.3271592414733713
1.0894774541903447
0.3271592414733713
0.3271592414733713
0.32716003584364683
0.32716003584364683
0.32715861917120104
0.3271606581458171
0.32716003584364683
0.32718535374532975
0.32717751109190524
0.3271592414733713
0.3271606581458171
0.3271606581458171
0.32716003584364683
0.3271606581458171
0.32716003584364683
0.3271606581458171
0.34504295250226646
0.32716003584364683
0.33099078019952843
0.32716074672727874
0.3271606581458171
0.3271593300548329
0.3271592414733713
0.4505561505925773
0.3271606581458171
0.32715861917120104
0.359640038411531
0.3271592414733713
0.32715861917120104
0.5298714881116121
0.327161369029449
0.3271606581458171
0.3271592414733713
0.3271606581458171
0.32716074672727874
1.6201698123046004
0.327161369029449
0.32717759967336685
0.3271606581458171
0.351574290527128
0.3271592414733713
0.36381590807925795
0.3271606581458171
0.32715861917120104
0.32716003584364683
0.32716003584364683
0.32716003584364683
0.3271606581458171
0.3271606581458171
0.7279023148182826
0.3271606581458171
0.32716003584364683
0.327161369029449
0.689161410920943
0.32715861917120104
0.3271599523570031
0.32715861917120104
0.327161369029449
0.3271606581458171
0.32716003584364683
0.3271592414733713
0.32716074672727874
0.32716003584364683
0.3271592414733713
0.35159114347321613
0.3638175244521876
0.3271606581458171
0.3271606581458171
0.32716003584364683
0.32716003584364683
0.6891028371335574
0.32715861917120104
1.0432910819298926
0.3271599523570031
0.32716003584364683
0.32716003584364683
0.32716003584364683
0.3271606581458171
0.32716074672727874
0.32716003584364683
0.32716074672727874
0.3271606581458171
0.32716003584364683
0.35157278527322056
0.32716074672727874
0.32716074672727874
0.32716003584364683
0.3271593300548329
0.3271606581458171
0.32715861917120104
0.327161369029449
0.3271606581458171
0.32716003584364683
0.32716003584364683
0.3298320660616157
0.32716003584364683
0.32983214081950013
0.3271606581458171
0.32716074672727874
0.32716074672727874
0.3271592414733713
0.32716074672727874
0.32716003584364683
0.327161369029449
0.327161369029449
0.32716003584364683
0.45056008193646035
0.3271606581458171
0.3271606581458171
0.3271599523570031
0.32716003584364683
0.3271606581458171
0.3271847314431595
0.3596379994369149
0.3271606581458171
0.3271606581458171
0.3271592414733713
0.327161369029449
0.32716003584364683
0.3271593300548329
0.6891028371335574
0.32717751109190524
0.32716003584364683
0.327161369029449
0.3298320660616157
0.359640038411531
0.3271606581458171
0.3271606581458171
0.32716003584364683
0.3271606581458171
0.3271606581458171
0.3271606581458171
0.3271606581458171
0.3271606581458171
0.9880811930327325
0.3271592414733713
0.32715861917120104
0.32716003584364683
0.327161369029449
0.35964012699299264
0.3456019319039454
0.3271606581458171
0.3271606581458171
0.32716003584364683
0.32716003584364683
0.3271606581458171
0.3271606581458171
0.32715861917120104
0.6891621218045748
0.327161369029449
0.3271606581458171
0.3271606581458171
0.32716074672727874
0.3271606581458171
0.32716003584364683
0.3271592414733713
0.327161369029449
0.32717751109190524
0.32716003584364683
0.3271606581458171
0.3271592414733713
0.3271606581458171
0.327161369029449
0.32716003584364683
0.3456019319039454
0.3271606581458171
0.3271606581458171
0.32715861917120104
0.9880720511250425
0.32717759967336685
0.42526782957696097
0.689161410920943
0.3271606581458171
0.3271606581458171
0.32716003584364683
0.32716003584364683
0.32718393707288396
0.3271606581458171
0.32716003584364683
0.3271606581458171
0.32715861917120104
0.3271606581458171
0.32715861917120104
0.3271599523570031
0.3271606581458171
0.3309760956038137
0.3271592414733713
0.32716003584364683
0.3271592414733713
0.3271606581458171
0.3271593300548329
0.3271593300548329
0.327161369029449
0.3271606581458171
0.32715861917120104
0.32717751109190524
0.3271592414733713
0.32716003584364683
0.3271606581458171
0.3271592414733713
0.3271599523570031
0.32716074672727874
0.327161369029449
0.327161369029449
0.32716003584364683
0.3271606581458171
0.3271599523570031
0.3271592414733713
0.3271606581458171
0.3271592414733713
0.327161369029449
0.327161369029449
0.3271606581458171
0.327161369029449
0.3271606581458171
0.32716003584364683
0.3271606581458171
0.3271606581458171
0.3271606581458171
0.3276052193034541
0.32716003584364683
0.3271606581458171
0.3271592414733713
0.327161369029449
0.32716074672727874
0.32715861917120104
0.32716003584364683
0.3271593300548329
0.3271606581458171
0.3271606581458171
0.32716074672727874
0.3271606581458171
0.3271606581458171
0.3271606581458171
0.327161369029449
0.32716074672727874
0.32716003584364683
0.32716003584364683
0.33119007657791893
0.32716003584364683
0.327161369029449
0.33122478318122955
0.3271606581458171
0.3271593300548329
0.32715861917120104
0.3271606581458171
0.9880456174172543
0.3271606581458171
0.32716003584364683
0.3271606581458171
0.3271606581458171
0.32716074672727874
0.3271606581458171
0.32716003584364683
0.327161369029449
0.3271592414733713
0.32771972612895767
0.32716003584364683
0.3271606581458171
0.32716074672727874
0.3276065524892562
0.32716003584364683
0.3271592414733713
0.3271606581458171
0.3271606581458171
0.32983144375944545
0.327161369029449
0.32839923586725006
0.32716003584364683
0.3271606581458171
0.3271593300548329
0.32716003584364683
0.3638175244521876
0.32715861917120104
0.327161369029449
0.3271599523570031
0.32716003584364683
0.32716003584364683
0.3271606581458171
0.327161369029449
0.32716003584364683
0.3271606581458171
0.32716074672727874
0.32716074672727874
0.32716003584364683
0.32716003584364683
0.3271593300548329
0.32716003584364683
0.32716003584364683
0.32715861917120104
0.327161369029449
0.32716003584364683
0.3271847314431595
0.327161369029449
0.3271599523570031
0.32716074672727874
0.32716074672727874
0.32715861917120104
0.3271606581458171
0.32716074672727874
0.32715861917120104
0.32715861917120104
0.3271606581458171
0.32716003584364683
0.3271592414733713
0.32716003584364683
0.3271592414733713
0.3271840256543456
0.32716003584364683
0.3271599523570031
0.3271606581458171
0.3271606581458171
0.32983144375944545
0.3271592414733713
0.32716003584364683
0.32715861917120104
0.689161410920943
0.32716003584364683
0.3271606581458171
0.32716003584364683
0.32716074672727874
0.3271593300548329
0.3271592414733713
0.3271768053030913
0.32715861917120104
0.3271606581458171
0.327161369029449
0.32716074672727874
0.3271606581458171
0.3271606581458171
0.3303349225617507
0.32716074672727874
0.3271606581458171
0.32716003584364683
0.3271782219755371
0.3271599523570031
0.3271606581458171
0.3271606581458171
0.3271606581458171
0.34506560912716316
0.3271606581458171
0.32716074672727874
0.3271599523570031
0.32716003584364683
0.3271760944194594
0.32715861917120104
0.32716003584364683
0.3271599523570031
1.6201819594380982
0.3271606581458171
0.3271606581458171
0.3271592414733713
0.3271606581458171
0.3271592414733713
0.3638168135685557
0.32715861917120104
0.32715861917120104
0.327161369029449
0.32715861917120104
0.35964012699299264
0.3271606581458171
0.3271592414733713
0.3271606581458171
0.32716003584364683
0.3271606581458171
0.3271599523570031
0.32716003584364683
0.3271592414733713
0.32716074672727874
0.327161369029449
0.3271592414733713
0.3271606581458171
0.3271606581458171
0.3271593300548329
0.3271606581458171
0.32716003584364683
0.3271606581458171
0.5625221046311004
0.32716074672727874
0.32716003584364683
0.3271847314431595
0.3271606581458171
0.32716074672727874
0.3271606581458171
0.32715861917120104
0.351574290527128
0.3271606581458171
0.32716003584364683
0.3271606581458171
0.327161369029449
0.3271606581458171
0.3271592414733713
0.3271782219755371
0.3271592414733713
0.327161369029449
0.3271599523570031
0.3271606581458171
0.3271606581458171
0.3271606581458171
0.3271606581458171
0.32717688878973494
0.3271592414733713
0.3276052193034541
0.3271782219755371
0.3271606581458171
0.3271592414733713
0.3271606581458171
0.3271592414733713
0.3271606581458171
0.3271606581458171
0.3271606581458171
0.32716074672727874
0.327161369029449
0.327161369029449
0.359640038411531
0.3271606581458171
0.3271606581458171
0.3271606581458171
0.327161369029449
0.3271592414733713
0.3271606581458171
0.32715861917120104
0.32716003584364683
0.327161369029449
0.32716003584364683
0.3271606581458171
0.32716074672727874
0.3271593300548329
0.3271606581458171
0.3309746789313679
0.42526854046059287
0.3271606581458171
1.6193249143023656
0.9880720511250425
0.32716003584364683
0.3271599523570031
0.327161369029449
0.3271606581458171
0.3271606581458171
0.3276044249331785
0.351574290527128
0.32716074672727874
0.3271606581458171
0.3271606581458171
0.32716003584364683
0.32716003584364683
0.3271606581458171
0.3271606581458171
0.327161369029449
0.35157420194566635
0.3271606581458171
0.3271593300548329
0.3271606581458171
0.32716003584364683
0.3271606581458171
0.3271592414733713
0.327161369029449
0.32760584160562434
0.3271606581458171
0.3271592414733713
0.3271606581458171
0.32760584160562434
0.36381528577708777
0.3271593300548329
0.327161369029449
0.3271606581458171
0.32716003584364683
0.3271606581458171
0.3271606581458171
0.3271606581458171
0.32716074672727874
0.32716003584364683
0.32716003584364683
0.32716003584364683
0.32716074672727874
0.3271606581458171
0.327161369029449
0.32716074672727874
0.4252638982330779
0.3271606581458171
0.32716003584364683
0.32718464795651586
0.3271606581458171
0.3271606581458171
0.3298320660616157
0.3271606581458171
0.327161369029449
0.327161369029449
0.3271592414733713
0.32715861917120104
0.3271606581458171
0.3271606581458171
0.327161369029449
0.42526782957696097
0.3271592414733713
0.3271833147707137
0.7278997937962769
0.327161369029449
0.32716074672727874
0.32716003584364683
0.32716003584364683
0.32716003584364683
0.3271606581458171
0.32715861917120104
0.3271606581458171
0.32716003584364683
0.32715861917120104
0.3271606581458171
0.32716003584364683
0.331752993075078
0.3271606581458171
0.32716074672727874
0.3271606581458171
0.3271599523570031
0.3271606581458171
0.6891882787211245
0.3271592414733713
0.32715861917120104
0.327161369029449
0.32716003584364683
0.3271606581458171
0.3271606581458171
0.32716003584364683
0.6891889896047564
0.327161369029449
0.3271592414733713
0.32839923586725006
0.32716074672727874
0.32716003584364683
0.32715861917120104
0.3271606581458171
0.3638161912663855
0.327161369029449
0.327161369029449
0.32715861917120104
0.32716074672727874
0.3271606581458171
0.3271606581458171
0.3271592414733713
0.327161369029449
0.32716003584364683
0.32716003584364683
0.3271606581458171
0.3271606581458171
0.3638168135685557
0.327161369029449
0.32715861917120104
0.3271606581458171
0.45058982831978306
0.3271606581458171
0.32716074672727874
0.3271599523570031
0.32717688878973494
0.32715861917120104
0.327161369029449
0.3271606581458171
0.35157420194566635
0.3271592414733713
0.32715861917120104
0.3303343750174649
0.32716074672727874
0.3271606581458171
0.32716074672727874
0.32716003584364683
0.3271606581458171
0.32716003584364683
0.32760380263100825
0.32716074672727874
0.327161369029449
0.32716074672727874
0.32715861917120104
0.32716003584364683
0.3271592414733713
0.327719637547496
0.3271592414733713
0.3271606581458171
0.3271592414733713
1.0432658693619694
0.32716003584364683
0.5298409560867731
0.3271854423267914
0.32716003584364683
0.3271606581458171
0.32716003584364683
0.3271606581458171
0.3515749128292982
0.32716003584364683
0.3271593300548329
0.32716003584364683
1.0432843823019322
0.32716003584364683
0.32716003584364683
0.3271606581458171
0.33122478318122955
0.3269108906725303
0.32716003584364683
0.35039117467687847
0.42526782957696097
0.32715861917120104
0.3271606581458171
0.32715861917120104
0.327161369029449
0.32716003584364683
0.3271593300548329
0.32716003584364683
0.32716003584364683
0.3271606581458171
0.32771901524532576
0.327161369029449
0.327161369029449
0.3271592414733713
0.3271606581458171
0.32717751109190524
0.32716074672727874
0.3271592414733713
0.3271606581458171
0.3271606581458171
0.32716003584364683
0.32760584160562434
0.32716003584364683
0.32716003584364683
0.32716003584364683
0.32716003584364683
0.32716074672727874
0.327161369029449
0.3271592414733713
0.327161369029449
0.3271606581458171
0.32716003584364683
0.32716003584364683
0.32716003584364683
0.3271606581458171
0.3271606581458171
0.32716003584364683
0.32716003584364683
0.327161369029449
0.3271592414733713
0.3271606581458171
0.32715861917120104
0.3271592414733713
0.34504295250226646
0.32716074672727874
0.3271606581458171
0.34504295250226646
0.9880720511250425
0.32716003584364683
0.327161369029449
0.32716003584364683
0.32716003584364683
0.3271606581458171
0.33039257248199555
0.32716003584364683
0.3271593300548329
0.32715861917120104
0.3271606581458171
0.32716003584364683
0.327161369029449
0.3271593300548329
0.32715861917120104
0.3271606581458171
0.327161369029449
0.32839923586725006
0.32715861917120104
0.3271606581458171
0.3271606581458171
0.3271833147707137
0.327161369029449
