0.3268526932079997
0.3268526932079997
0.32685331551016994
0.3268526932079997
0.3292246969869691
0.32685331551016994
0.32685331551016994
0.32685331551016994
0.3268526932079997
0.32685331551016994
0.32685331551016994
0.3268533902680544
0.32685331551016994
0.3278648759159969
0.3268526932079997
0.3268526932079997
0.4242862872293302
0.32685331551016994
0.32685331551016994
0.7957640537600177
0.3268526932079997
0.32685331551016994
0.3268526932079997
0.5239048928593155
0.3398553265945471
0.32685331551016994
0.3268526932079997
0.5239049676172
0.5104866076248786
0.7900768083650759
0.3268526932079997
0.3283978191948042
0.32685331551016994
0.32685331551016994
1.4414395809566978
0.32685331551016994
0.3297733210527992
0.3268526932079997
0.5668283563853936
0.3268533902680544
0.32685331551016994
0.32685331551016994
0.5313511252016097
0.44394280107071915
0.3268526932079997
0.5668283563853936
0.3268533902680544
0.3268526932079997
0.3268709475934026
0.3268526932079997
0.3268526932079997
0.32685331551016994
0.3268526932079997
0.32685331551016994
0.3268526932079997
0.3268526932079997
0.3268526932079997
0.3268526932079997
0.3268526932079997
0.3268526932079997
0.523874435592361
0.3268526932079997
0.32792307338052756
0.3268533902680544
0.32685331551016994
0.3268526932079997
0.32857866224046145
0.3285886732442594
1.4414849081672136
0.32693566102992744
0.32685331551016994
0.42425582996237565
0.32685331551016994
0.32685331551016994
0.3268526932079997
0.7957371859598362
0.3268526932079997
0.32685331551016994
1.4519882706506317
0.3268526932079997
0.3269362085742133
0.3268780111096826
0.3268533902680544
0.32685331551016994
0.3268780111096826
0.32685331551016994
0.32857866224046145
0.3268526932079997
0.32685331551016994
0.5668283563853936
0.3268526932079997
0.3268526932079997
0.4242862872293302
0.4426849806091377
0.3268526932079997
0.32685331551016994
0.3268526932079997
0.3268526932079997
0.3268526932079997
0.3268526932079997
0.32685331551016994
0.3292594035902798
0.3268526932079997
0.3268533902680544
0.3268526932079997
0.3268533902680544
0.5246383911351074
0.3268526932079997
0.3268533902680544
1.4414391584149269
0.32685331551016994
0.3268526932079997
0.3268703252912324
0.3268526932079997
0.3268526932079997
0.7957640537600177
0.3268526932079997
0.32685331551016994
0.4250079454255554
0.42501705206858575
0.3385375471796399
0.32685331551016994
0.523874435592361
0.32685331551016994
0.3268780111096826
0.32685331551016994
0.32792369568269786
0.32685331551016994
0.32685276796588414
0.3268526932079997
0.3268526932079997
0.32685331551016994
0.3465490609756625
0.32685331551016994
0.3465490609756625
0.32685331551016994
0.32685331551016994
0.3268526932079997
0.3285886732442594
0.32685331551016994
0.3278990000831851
0.3285886732442594
0.5668283563853936
0.3465490609756625
0.3471107372424984
0.32685331551016994
0.3547228764416944
0.32685331551016994
0.32685331551016994
0.32685331551016994
0.3268526932079997
0.3268526932079997
0.32685331551016994
0.32685331551016994
0.5246079338681527
0.3268526932079997
0.3268526932079997
0.32685331551016994
0.3268526932079997
0.5668283563853936
0.7960076649384658
0.3268526932079997
0.7957371859598362
0.32685331551016994
0.32685331551016994
0.32685331551016994
0.5668296562675345
0.3268526932079997
0.32685331551016994
0.3268526932079997
0.32685276796588414
0.35474819434337734
0.32685331551016994
0.3268526932079997
0.3268526932079997
0.32685331551016994
0.3268526932079997
0.32685331551016994
0.32685331551016994
0.3283978191948042
0.3268526932079997
0.5239048928593155
0.3268703252912324
0.42498730568526305
0.35613010277460744
0.32685331551016994
0.3278401803164842
0.3268526932079997
0.32685331551016994
0.32685331551016994
0.32685331551016994
0.32685331551016994
0.3268526932079997
0.4242862872293302
0.3268526932079997
0.32685331551016994
0.356047209710564
0.5822696523853095
0.3547235735017491
0.3268526932079997
0.5829074985851057
0.3268526932079997
0.3268526932079997
0.7957640537600177
0.3268526932079997
0.3268703252912324
0.32685331551016994
0.3268526932079997
0.5668296562675345
0.7957371859598362
0.3268533902680544
0.3268526932079997
0.3268526932079997
0.3268526932079997
0.553492285786112
0.32685331551016994
0.3268526932079997
0.3268526932079997
0.32685331551016994
0.3268526932079997
1.4414395809566978
0.7957640537600177
0.3385375471796399
0.3268703252912324
0.3268526932079997
0.3268526932079997
0.3268526932079997
0.3268526932079997
0.3278401803164842
0.3385375471796399
0.3268526932079997
0.3268526932079997
0.3268709475934026
0.33952565659029466
0.3283978191948042
0.32685331551016994
0.5668296562675345
0.3268526932079997
0.32923470799076704
0.32685331551016994
0.5469619727906934
0.3268526932079997
0.32685331551016994
0.3268526932079997
0.32685331551016994
0.553492285786112
0.32685331551016994
0.36472446922109036
0.32685331551016994
0.32685276796588414
0.6745919637962314
0.32685331551016994
0.3268526932079997
0.4242862872293302
0.32685331551016994
0.3268526932079997
0.32685331551016994
0.3268526932079997
0.32685331551016994
0.32685276796588414
0.3547228764416944
0.3269362085742133
0.7960076649384658
0.3547228764416944
0.32685331551016994
0.523874435592361
0.32685331551016994
0.3285887480021438
0.33853816948181015
0.32685331551016994
0.3292246969869691
0.3268526932079997
0.5535227430530666
0.32685331551016994
0.32685331551016994
0.32685331551016994
1.4414391584149269
0.32685331551016994
0.32685331551016994
0.3268526932079997
0.32685331551016994
0.3268526932079997
0.3268703252912324
0.32784080261865445
0.3268526932079997
0.5668296562675345
0.3268526932079997
0.3268533902680544
0.32685331551016994
0.3268526932079997
0.3268526932079997
0.3268526932079997
0.5668283563853936
0.32784080261865445
0.3268773888075124
0.3268526932079997
0.3268526932079997
0.32685331551016994
0.32685331551016994
0.3268526932079997
0.3268526932079997
0.32685331551016994
0.32685331551016994
0.32685331551016994
0.3268526932079997
0.32685331551016994
0.32685331551016994
0.32685331551016994
0.3268526932079997
0.3268526932079997
0.32857866224046145
0.3285886732442594
0.3268526932079997
0.32685331551016994
0.3268526932079997
0.3268526932079997
0.32685331551016994
0.3268526932079997
0.32685331551016994
0.3268526932079997
0.32685331551016994
0.32685331551016994
0.32685331551016994
0.3268526932079997
0.3268526932079997
0.5535227430530666
1.4414505322587012
0.32685331551016994
0.32685331551016994
0.523874435592361
0.3268526932079997
0.3268526932079997
0.42501705206858575
0.32685331551016994
0.3547235735017491
0.32784025507436865
0.3268526932079997
0.32685331551016994
1.4414505322587012
0.32685331551016994
0.32685331551016994
0.32685331551016994
0.3268526932079997
0.523874435592361
0.3268526932079997
0.3268526932079997
0.5239048928593155
0.3465490609756625
0.32685331551016994
0.32685331551016994
0.32923470799076704
0.3268526932079997
0.3268533902680544
0.32685331551016994
0.3268526932079997
0.3268526932079997
0.32685331551016994
0.329773868597085
0.5534923605439964
0.32685331551016994
0.3268526932079997
0.5238745103502453
0.32685331551016994
0.326935586272043
0.6756690350142942
0.3269362085742133
0.3268526932079997
0.3268526932079997
0.3269108906725303
0.32685331551016994
0.3285886732442594
0.32685331551016994
0.523874435592361
0.3268526932079997
0.32685331551016994
0.5239048928593155
0.32685276796588414
0.32685331551016994
0.32685331551016994
0.32685331551016994
0.3268526932079997
0.32685331551016994
0.32685276796588414
0.3268526932079997
1.4172747388096796
0.3667761116180057
0.3268526932079997
0.32685331551016994
0.3547228764416944
0.32685331551016994
1.4414501097169305
0.3292246969869691
0.3274143694748356
0.3268526932079997
0.3501136431676596
0.32685331551016994
0.32685331551016994
0.32685331551016994
0.3268526932079997
0.3268526932079997
0.32685331551016994
0.42501705206858575
0.3268526932079997
0.3268533902680544
0.32685331551016994
0.3268526932079997
0.32685331551016994
0.3381293575620853
0.3268526932079997
0.32784080261865445
0.32685331551016994
0.5668283563853936
0.32685331551016994
0.3268526932079997
0.3268526932079997
0.3268526932079997
0.3268526932079997
0.3385375471796399
0.32685276796588414
0.35472349874386466
0.32685331551016994
0.35472349874386466
0.3268526932079997
0.5535227430530666
0.3268526932079997
0.3268526932079997
0.32685331551016994
0.3268526932079997
0.32685331551016994
0.3268526932079997
0.32685331551016994
0.32685331551016994
0.3385382442396946
0.3268526932079997
0.32685276796588414
0.3268526932079997
0.32685276796588414
0.523874435592361
0.33853816948181015
0.32685331551016994
0.3268526932079997
0.3268526932079997
0.32685331551016994
0.3268526932079997
0.3465490609756625
0.4242862872293302
0.3268526932079997
0.32923470799076704
0.5822683525031688
0.32685331551016994
0.3268526932079997
0.5554459706504755
0.32685331551016994
0.3268526932079997
0.5668283563853936
0.3292246969869691
0.32685331551016994
0.4242869981129621
0.523874435592361
0.32685331551016994
0.32691151297470056
0.7900768083650759
0.5821300838432796
0.3268526932079997
0.327471944637196
0.3297733210527992
0.3465497580357172
0.3268526932079997
0.338130647882378
0.32685331551016994
0.32685331551016994
0.32685276796588414
0.3285886732442594
0.32691151297470056
0.3385375471796399
0.32685331551016994
0.3285886732442594
0.32685331551016994
0.34600873695634105
0.3465497580357172
0.32685331551016994
0.3547228764416944
0.3268526932079997
0.34654968327783275
0.32685276796588414
0.32685331551016994
0.3268526932079997
0.3268526932079997
0.32685331551016994
0.7958330336030156
0.32685331551016994
0.3268526932079997
0.32685331551016994
0.3268526932079997
0.3268526932079997
0.3268526932079997
0.3268526932079997
0.32685276796588414
0.3293075900510125
0.3268526932079997
0.32685331551016994
0.3381294323199697
0.32685331551016994
0.32685331551016994
0.32685331551016994
0.32685331551016994
0.3268526932079997
0.5668283563853936
0.3268526932079997
0.35472295119957886
0.32685331551016994
0.3268526932079997
0.3285887480021438
0.32685331551016994
0.32685331551016994
0.3268526932079997
0.32685331551016994
0.32685331551016994
0.3268526932079997
0.3268526932079997
0.3268526932079997
0.32685331551016994
0.5246383911351074
0.7785283023080611
0.3268526932079997
0.32685331551016994
0.32685331551016994
0.32685331551016994
0.3292246969869691
0.3268526932079997
0.32685331551016994
0.35472295119957886
0.32685331551016994
0.3268526932079997
0.3268526932079997
0.32685331551016994
0.5239048928593155
0.3268526932079997
0.5668283563853936
0.3268526932079997
0.523874435592361
0.3268526932079997
0.32685276796588414
0.3268533902680544
0.32685331551016994
0.32784080261865445
0.8912240674011968
0.3268526932079997
0.3268526932079997
0.3268526932079997
0.3268526932079997
0.3268526932079997
0.3278401803164842
0.3268526932079997
0.32685331551016994
0.32839844149697445
0.32685331551016994
2.157264199969345
0.32685331551016994
0.3268526932079997
0.3285787369983459
0.3268526932079997
0.3268526932079997
1.0239946777804763
0.32685331551016994
0.3268533902680544
0.5668283563853936
0.5668283563853936
0.32685331551016994
0.32685331551016994
0.3268526932079997
0.32685331551016994
0.3268526932079997
0.5246079338681527
0.3268526932079997
0.32687102235128707
0.32839985816942024
0.3268526932079997
0.3268526932079997
0.5469619727906934
0.3268526932079997
0.32685331551016994
0.3547228764416944
0.3268526932079997
0.3268526932079997
0.3268526932079997
0.3385375471796399
0.3268526932079997
0.3268526932079997
0.3268533902680544
0.3385375471796399
0.3268526932079997
0.3268526932079997
0.32685331551016994
0.3547235735017491
0.32685331551016994
0.32685331551016994
0.5535227430530666
0.3268526932079997
0.3297732462949148
0.32685331551016994
0.3268526932079997
0.32685331551016994
0.3268526932079997
0.3268526932079997
0.3285886732442594
0.7957371859598362
0.32685331551016994
0.78880487435019
0.3268526932079997
0.34809768993330825
0.32685331551016994
0.3268526932079997
0.3268526932079997
0.5668283563853936
0.3268526932079997
0.32685331551016994
0.32867156630830274
0.3268526932079997
0.3285886732442594
0.3268526932079997
0.32685331551016994
0.32691151297470056
0.3268526932079997
0.32685276796588414
0.3268526932079997
0.3268526932079997
0.3268526932079997
0.9726646157734588
0.3286133688437721
0.3274143694748356
0.32685276796588414
0.3268526932079997
0.3268526932079997
0.3268526932079997
0.3268526932079997
0.3268526932079997
0.3268526932079997
0.3274143694748356
0.5668283563853936
0.32685331551016994
0.3268526932079997
0.32685331551016994
0.32685331551016994
0.523874435592361
0.3268526932079997
0.32685331551016994
0.3268526932079997
0.32685331551016994
0.3268526932079997
0.3268526932079997
0.3547228764416944
0.523874435592361
0.32685276796588414
0.3268526932079997
0.32685331551016994
0.32685331551016994
0.3283985300784361
0.32685331551016994
0.32685331551016994
0.3268526932079997
0.32685331551016994
0.35472295119957886
0.32792369568269786
0.891394309197527
0.3268526932079997
0.5246544676614225
0.3268526932079997
0.32685331551016994
0.3268526932079997
0.3268526932079997
0.3268526932079997
0.5668296562675345
0.3268526932079997
0.3268526932079997
0.3268526932079997
0.32685331551016994
0.3268526932079997
0.3268526932079997
0.32685331551016994
0.3268526932079997
0.4242862872293302
0.3268526932079997
0.3268533902680544
0.32839844149697445
0.32685331551016994
0.32685331551016994
0.3268703252912324
0.3268526932079997
0.3268526932079997
0.3268526932079997
0.3268526932079997
0.32685276796588414
0.3278648759159969
0.3268533902680544
0.32685331551016994
0.32691151297470056
0.3268526932079997
0.32685331551016994
0.7957640537600177
0.3268526932079997
0.3268526932079997
0.3268526932079997
0.32685331551016994
0.3278401803164842
0.3268526932079997
0.3268703252912324
0.35472349874386466
0.3268526932079997
0.4242862872293302
0.3268526932079997
0.3268526932079997
0.32685331551016994
0.3268526932079997
0.3269108906725303
0.3268533902680544
0.32691151297470056
0.32784080261865445
1.4414391584149269
0.32979087837814747
0.32784080261865445
0.3268526932079997
0.3292493925864818
0.8018978002654288
0.32685276796588414
0.3268526932079997
0.3268526932079997
0.32840123428114987
0.3268526932079997
0.32685276796588414
0.3268526932079997
0.3268533902680544
0.32685331551016994
0.3268526932079997
0.3268526932079997
0.32691151297470056
0.3268526932079997
0.3268526932079997
0.3268526932079997
0.8912319881690218
0.3268526932079997
0.3283978191948042
0.3268533902680544
0.32685331551016994
0.3268526932079997
0.32784080261865445
0.44687947062282807
0.3283978191948042
0.3268526932079997
0.3268526932079997
0.3285886732442594
0.3268526932079997
0.5239049676172
0.7957640537600177
0.5668543518670471
0.5239049676172
0.3268526932079997
1.4414849081672136
0.5238745103502453
0.3268526932079997
0.32685276796588414
0.3268526932079997
0.33813127018454825
0.32685331551016994
0.32685331551016994
0.3268526932079997
0.3268526932079997
0.3268526932079997
0.35011302086548934
0.32685331551016994
0.3268526932079997
0.32685331551016994
0.3269108906725303
0.4242862872293302
0.3268526932079997
0.3385375471796399
0.3268526932079997
0.3268526932079997
0.3268526932079997
0.7960076649384658
0.3268526932079997
0.32685331551016994
0.32685331551016994
0.5821313837254203
0.3268526932079997
0.3268526932079997
0.42501705206858575
0.32685331551016994
0.4242862872293302
0.3268526932079997
0.32685331551016994
0.5535227430530666
0.3268526932079997
0.32685331551016994
0.3268526932079997
0.3268526932079997
0.329773868597085
0.32685331551016994
0.3268533902680544
0.3268526932079997
0.3268526932079997
0.3268526932079997
0.3292246969869691
0.3268526932079997
0.42498730568526305
0.3268526932079997
0.3297915006803177
0.32685331551016994
0.5536294874000929
0.32685331551016994
0.32691151297470056
0.78880487435019
0.3268526932079997
0.35472349874386466
0.553492285786112
0.8913952627871309
0.32685276796588414
0.3268526932079997
0.3268526932079997
0.32685331551016994
0.32685331551016994
0.32685331551016994
0.3268526932079997
0.32685331551016994
0.3268526932079997
0.7459417342634015
0.3268526932079997
0.32685331551016994
0.42425582996237565
0.32685331551016994
0.32685331551016994
0.3268526932079997
0.32685331551016994
0.32685331551016994
0.3268526932079997
0.32979087837814747
0.3268526932079997
0.3268526932079997
0.32685331551016994
0.3283978191948042
0.3268526932079997
0.32857866224046145
0.32685331551016994
0.3268526932079997
0.32685331551016994
0.32685331551016994
0.329773868597085
1.4414501097169305
0.3268526932079997
0.3268526932079997
0.32685331551016994
0.3268526932079997
0.3268526932079997
0.32685331551016994
0.32685331551016994
0.3268533902680544
0.32685331551016994
0.3268526932079997
0.32685331551016994
0.32685331551016994
0.3268526932079997
0.5668461284403795
0.3268526932079997
0.32685331551016994
0.32685331551016994
0.3268526932079997
0.3269108906725303
0.3385375471796399
0.35472295119957886
0.3268526932079997
0.3268526932079997
0.4426892785864901
0.32685331551016994
0.32857866224046145
0.3268526932079997
0.3268526932079997
0.32685331551016994
0.3268526932079997
0.3268533902680544
0.3268526932079997
0.3268526932079997
0.3268526932079997
0.32685331551016994
0.32685331551016994
0.3268526932079997
0.3268526932079997
0.32685331551016994
0.32685331551016994
0.32685331551016994
0.3269108906725303
0.32685331551016994
2.382199725073292
0.32685331551016994
0.32923470799076704
0.32685331551016994
0.32685331551016994
0.3268526932079997
0.32741374717266536
0.42425582996237565
0.32685331551016994
0.3268533902680544
0.32685331551016994
0.32685331551016994
0.3268526932079997
0.32685331551016994
0.32839844149697445
0.3268526932079997
0.32839844149697445
0.32685331551016994
0.32685331551016994
0.3268526932079997
0.32923470799076704
0.32685331551016994
0.42425582996237565
0.32685331551016994
0.32741374717266536
0.3297732462949148
0.3268526932079997
0.3268526932079997
0.5246383911351074
0.3269362085742133
0.3268526932079997
0.3274143694748356
0.3268526932079997
0.32685331551016994
0.32685331551016994
0.3268526932079997
0.32685331551016994
0.32685331551016994
0.3268526932079997
0.32685331551016994
0.7960345327386473
0.3268526932079997
0.42501705206858575
0.3268526932079997
0.5822696523853095
0.3268526932079997
0.3381299798642556
0.3547228764416944
0.3268526932079997
0.32685331551016994
0.3268703252912324
0.32685331551016994
0.3268526932079997
0.3268526932079997
0.5828823391448519
0.3268526932079997
0.32685331551016994
0.3268526932079997
0.3268526932079997
0.32685331551016994
0.32685331551016994
0.3268780111096826
0.3268526932079997
0.3268526932079997
0.3268526932079997
0.3268526932079997
0.3268526932079997
0.32685331551016994
0.32685331551016994
0.32685331551016994
0.3268526932079997
0.5822696523853095
0.3268526932079997
0.32685331551016994
0.5080399819495812
0.35472295119957886
0.3278648759159969
0.3268526932079997
0.3268526932079997
0.32685331551016994
0.32685331551016994
0.32685331551016994
0.3269362085742133
0.3268526932079997
0.3268526932079997
0.3285886732442594
0.3269108906725303
0.32685331551016994
0.32685331551016994
0.5238745103502453
0.3268526932079997
0.3268526932079997
0.7957371859598362
0.3268526932079997
0.5535227430530666
0.3283978191948042
0.32685331551016994
0.3268526932079997
0.3268526932079997
0.32685331551016994
0.4242862872293302
0.32685331551016994
0.3268526932079997
0.3268526932079997
0.32685331551016994
0.32685331551016994
0.3268526932079997
0.32685331551016994
0.32685331551016994
