1.4414405447400374
0.3547482691012618
0.32685331551016994
1.4414501097169305
0.32685276796588414
0.7960324352958629
0.32685331551016994
0.9316362912167393
0.3268780111096826
0.3268526932079997
0.35415150623701735
0.3286133688437721
0.32685331551016994
0.3606760462873056
0.7320553754581076
0.32685331551016994
0.3268533902680544
0.35472349874386466
0.33853816948181015
0.32685331551016994
0.32685331551016994
0.32685276796588414
0.7960323605379784
1.4414501097169305
0.32685331551016994
0.326911587732585
0.32922477174485354
0.7307281137293056
0.3268533902680544
0.326911587732585
0.3274143694748356
0.3268533902680544
0.32685331551016994
0.32685331551016994
1.4519888034846857
0.32685276796588414
0.3278401803164842
0.32685331551016994
0.32685331551016994
0.3268533902680544
0.32685276796588414
0.3268533902680544
0.33813005462214
0.32685331551016994
0.32685331551016994
0.32685276796588414
0.3292246969869691
0.32685331551016994
0.32685331551016994
0.3268526932079997
0.3274143694748356
0.3268526932079997
0.3547235735017491
0.3268526932079997
0.32685331551016994
0.32687102235128707
0.3381299798642556
0.32685331551016994
0.3268526932079997
0.32685331551016994
0.32685331551016994
0.32687808586756706
0.3268526932079997
0.3381299798642556
0.3268533902680544
0.32685331551016994
1.4414954369274464
0.32685331551016994
1.4196441151507115
0.32685331551016994
0.3268526932079997
0.3268533902680544
0.32685331551016994
0.3285887480021438
0.32685331551016994
0.32685331551016994
0.3268533902680544
0.32685331551016994
0.32685331551016994
0.3268526932079997
0.32685331551016994
0.3268533902680544
0.32685331551016994
0.3268780111096826
0.3487535394544805
0.3268533902680544
0.3268533902680544
0.3268533902680544
0.32685331551016994
0.3268533902680544
0.32685331551016994
0.7957371859598362
0.3268533902680544
0.3547228764416944
0.4242565408460075
0.3268533902680544
0.32923470799076704
0.32685331551016994
0.32685331551016994
0.32685331551016994
0.32693628333209773
0.32685331551016994
0.32685331551016994
0.3289581317822853
0.8912240674011968
0.3268533902680544
0.32685331551016994
0.8618828264926551
0.32685331551016994
0.32685331551016994
0.32685331551016994
0.32685331551016994
0.3268533902680544
0.32685331551016994
0.32685331551016994
0.32685331551016994
0.32685331551016994
0.3279237704405823
0.32685331551016994
0.32685331551016994
0.32685331551016994
0.32685331551016994
0.3289574208986534
0.32685331551016994
0.32685331551016994
0.4468801815064599
0.32685331551016994
0.42498659480163115
0.32685331551016994
0.3268533902680544
0.3268533902680544
0.7957371859598362
0.3667761116180057
0.32685331551016994
0.32685331551016994
0.32685331551016994
0.3268533902680544
0.32685276796588414
0.32685331551016994
0.3268533902680544
0.3268533902680544
0.3268533902680544
0.32685331551016994
0.32685331551016994
0.3268533902680544
0.3268533902680544
0.3285886732442594
0.3268533902680544
0.3268780111096826
0.32685331551016994
0.32685331551016994
0.32685331551016994
0.5668296562675345
0.32685331551016994
0.32685331551016994
0.3285962943236942
0.32685331551016994
0.32685276796588414
0.32685331551016994
0.32685331551016994
0.32685331551016994
0.32685331551016994
0.32685331551016994
0.3268526932079997
0.32685331551016994
0.32685331551016994
0.8912250209908006
0.32685331551016994
0.3268526932079997
0.32693628333209773
0.32685331551016994
0.3278408773765389
0.3274143694748356
0.32685331551016994
0.32685331551016994
0.3268533902680544
0.7960323605379784
0.32685331551016994
0.3381299798642556
0.32685331551016994
0.32685331551016994
0.32685331551016994
0.32685331551016994
0.32685331551016994
0.32685331551016994
0.32685331551016994
0.32685331551016994
0.32685331551016994
0.32685331551016994
0.32685331551016994
0.3268533902680544
0.3268533902680544
0.3268526932079997
0.36464157615704706
0.8912240674011968
0.32685331551016994
0.3269362085742133
0.8551464932999748
0.3268533902680544
0.32693566102992744
0.3289574208986534
0.32884362495678165
0.3268533902680544
0.32685331551016994
0.3297915006803177
0.3268526932079997
0.42425582996237565
0.32784080261865445
0.3268533902680544
0.32685276796588414
0.32685331551016994
0.32685331551016994
0.3268526932079997
0.3274143694748356
0.32788313030139987
0.32685331551016994
0.553492285786112
0.3381299798642556
0.3268533902680544
0.32685331551016994
0.3268526932079997
0.701068305929049
0.32685331551016994
0.7960324352958629
0.5246079338681527
0.3268533902680544
0.3268526932079997
0.32685331551016994
0.3547235735017491
0.32685331551016994
0.32685331551016994
0.32687808586756706
0.32685331551016994
0.32685331551016994
0.3268526932079997
0.3268526932079997
0.32685331551016994
0.32685331551016994
1.441495859469217
0.3268533902680544
0.32685331551016994
0.32685331551016994
0.7960324352958629
0.7957372607177207
0.32685331551016994
0.3268533902680544
0.32685331551016994
0.32685331551016994
0.7967692731104958
0.32685331551016994
0.32784080261865445
0.32685331551016994
0.3268533902680544
1.4414391584149269
0.32685331551016994
0.32685331551016994
0.32685331551016994
0.32685331551016994
0.3268526932079997
0.5822696523853095
0.32685276796588414
0.32685331551016994
0.32685331551016994
0.3547235735017491
0.3381294323199697
0.32685331551016994
0.3278990000831851
0.5668306098571383
0.32685331551016994
0.32685331551016994
0.5668296562675345
0.3268526932079997
0.32685276796588414
0.3297732462949148
0.3268780111096826
0.32685331551016994
0.32685331551016994
0.32685331551016994
0.3465490609756625
0.3268533902680544
0.3268533902680544
0.33853816948181015
0.32685331551016994
0.3268533902680544
0.32685331551016994
0.32685331551016994
0.3268533902680544
0.3268526932079997
0.32685331551016994
0.3268533902680544
0.32685331551016994
0.3268533902680544
0.42425582996237565
0.32685331551016994
1.4414510650927552
0.32685331551016994
0.32685331551016994
0.3268533902680544
0.32685331551016994
0.3268533902680544
0.32685331551016994
0.32685331551016994
0.32685331551016994
0.32685331551016994
0.32685331551016994
0.32685331551016994
0.32685331551016994
0.32685331551016994
0.4468490133558735
0.3289574208986534
0.33813005462214
0.32685331551016994
0.4468490133558735
0.3268526932079997
0.32687808586756706
0.3268526932079997
0.3268526932079997
0.32685331551016994
0.32685331551016994
0.32685276796588414
1.32442946133049
0.32685331551016994
0.3381299798642556
0.32685331551016994
0.5239048928593155
0.3285886732442594
0.32685331551016994
0.3292493925864818
0.3268533902680544
0.32685331551016994
0.3547235735017491
0.32685331551016994
0.3547228764416944
0.3268533902680544
0.3278401803164842
0.32685331551016994
0.5668296562675345
0.32685331551016994
0.32685331551016994
0.3268526932079997
0.32685331551016994
0.32685331551016994
0.32685331551016994
0.3471107372424984
0.32685331551016994
0.7957640537600177
0.32685331551016994
0.32685331551016994
0.32685331551016994
0.3268533902680544
0.3268533902680544
0.3268526932079997
0.3268533902680544
0.32685331551016994
1.4414510735002701
0.3268526932079997
0.32685331551016994
0.32685331551016994
0.32685331551016994
0.3268526932079997
0.3268533902680544
0.3285886732442594
0.32784080261865445
0.3268533902680544
0.5238745103502453
0.3268533902680544
0.3268533902680544
0.7957371859598362
0.5246080086260372
0.3284231370964871
0.3268533902680544
0.3268526932079997
0.32857866224046145
0.3289574208986534
0.32922477174485354
0.3268533902680544
0.3268533902680544
0.32685331551016994
0.32685331551016994
0.32685331551016994
0.32685276796588414
0.3268533902680544
0.32786549821816713
0.34654968327783275
0.32685331551016994
0.3471101149403282
0.32685331551016994
0.32685331551016994
0.33078605130508226
0.32685331551016994
0.32685331551016994
0.32685331551016994
0.32741444423272004
0.32685331551016994
0.32685331551016994
0.32685331551016994
0.3268533902680544
0.32685331551016994
0.32685331551016994
0.3268533902680544
0.32685331551016994
0.3268526932079997
0.3292594035902798
0.32685331551016994
0.32685276796588414
0.3268533902680544
0.32685331551016994
0.32685331551016994
0.3547235735017491
0.3268780111096826
0.32685331551016994
0.32839915238060635
0.32685276796588414
0.32685331551016994
0.3268533902680544
0.3268533902680544
0.3268533902680544
0.3268533902680544
0.3268533902680544
0.3547235735017491
0.3385375471796399
1.4414401221982664
0.32685331551016994
0.5668296562675345
0.32685331551016994
0.3284231370964871
0.32685276796588414
0.3278408773765389
0.32839844149697445
0.32693628333209773
0.32685331551016994
0.3274138219305498
0.7957372607177207
0.32685276796588414
0.32685331551016994
0.3268526932079997
0.32685331551016994
0.32685331551016994
0.3381299798642556
0.3268526932079997
0.7957371859598362
0.32685331551016994
0.32685331551016994
0.3268526932079997
0.3268526932079997
0.3268533902680544
0.32784080261865445
0.32685331551016994
0.32685331551016994
0.32685331551016994
0.7960323605379784
0.32685331551016994
0.3274143694748356
0.35472349874386466
0.32685331551016994
0.32685331551016994
0.7957371859598362
0.32685331551016994
0.4242565408460075
0.32685331551016994
0.3285886732442594
1.4414505322587012
0.3268533902680544
0.32685331551016994
0.3268526932079997
0.3268780111096826
0.3269362085742133
0.3268533902680544
0.3268526932079997
0.553522817810951
0.32685331551016994
0.34600873695634105
1.4414510735002701
0.3274143694748356
0.35472349874386466
0.3268533902680544
0.3268533902680544
0.3268533902680544
0.32685331551016994
0.3268780111096826
0.32685331551016994
0.3268526932079997
0.3471107372424984
0.3268780111096826
0.3471107372424984
0.32685331551016994
0.32685331551016994
0.3268533902680544
0.3285886732442594
0.3471107372424984
0.32685331551016994
0.32685331551016994
0.32685331551016994
0.8912240674011968
0.553492285786112
0.32685331551016994
1.4414501097169305
0.3268533902680544
0.3268533902680544
0.32685331551016994
0.5254914238121082
0.3268703252912324
0.3274143694748356
0.3471107372424984
1.4414501097169305
0.32685331551016994
0.32685331551016994
0.32685331551016994
0.32685331551016994
0.32839915238060635
0.3268533902680544
0.5822696523853095
0.32685331551016994
0.32685331551016994
0.32685331551016994
0.32685331551016994
0.3269362085742133
0.32685331551016994
0.3268533902680544
0.3268526932079997
0.3268533902680544
0.3471107372424984
0.32685331551016994
0.3268533902680544
0.3268526932079997
0.32685331551016994
0.3268533902680544
0.3268533902680544
0.3268533902680544
0.32685331551016994
0.3268533902680544
0.32685331551016994
0.3268533902680544
0.33221387895497106
0.3547228764416944
0.329773868597085
0.3292594035902798
0.6721027769161816
0.32685331551016994
0.32685331551016994
0.32685331551016994
0.32685331551016994
0.3289581317822853
0.32784025507436865
0.3274320015580683
0.32685331551016994
0.32685331551016994
0.32685331551016994
0.3268533902680544
0.32687102235128707
0.32685331551016994
0.32685331551016994
0.3268533902680544
0.3268533902680544
0.32685331551016994
0.3268526932079997
0.32685331551016994
0.33299006554260346
0.3268704000491168
0.32685331551016994
0.32685331551016994
0.3268526932079997
0.32685331551016994
0.32685331551016994
0.32685331551016994
0.3268533902680544
0.32839915238060635
0.32685331551016994
0.32685331551016994
0.32685331551016994
0.3268533902680544
0.3268709475934026
0.3268533902680544
0.32685331551016994
0.3268533902680544
0.3268709475934026
1.5783548846878288
0.32685331551016994
0.7957641285179022
0.32685331551016994
0.32685331551016994
0.32685331551016994
0.32685331551016994
0.32685331551016994
0.3268533902680544
0.32685331551016994
0.32685331551016994
0.3285887480021438
0.3268533902680544
0.3268533902680544
0.3268533902680544
0.32685331551016994
0.32685331551016994
0.32685331551016994
0.33813005462214
0.32685331551016994
0.32685331551016994
0.32685331551016994
0.32685331551016994
0.3268533902680544
0.3268533902680544
0.3289581317822853
0.32685331551016994
0.3285886732442594
0.3268533902680544
0.32685331551016994
0.3381299798642556
1.4414501097169305
0.5534923605439964
0.7219514132433451
0.32685331551016994
2.162503231637753
0.3268533902680544
0.32685331551016994
0.3385382442396946
0.3268533902680544
0.32685331551016994
0.3268709475934026
0.32685331551016994
0.32685276796588414
0.32685331551016994
0.3274143694748356
0.32839844149697445
0.3269362085742133
0.32685331551016994
0.32857866224046145
0.3268533902680544
0.3289574208986534
0.32685331551016994
0.32685331551016994
0.3268533902680544
0.3471107372424984
0.7960323605379784
0.32685331551016994
0.3268533902680544
0.32685331551016994
0.32685331551016994
0.32685331551016994
0.3278401803164842
0.3268533902680544
0.32685331551016994
0.9510257380222
0.32685331551016994
0.3268526932079997
0.32685331551016994
0.32685331551016994
0.79605922833816
0.32685331551016994
0.32685331551016994
0.32685331551016994
0.3268533902680544
0.3268533902680544
0.329773868597085
0.32685331551016994
0.3274143694748356
0.32685331551016994
0.326935586272043
0.3547235735017491
0.5668283563853936
0.3268533902680544
0.32685331551016994
0.32685331551016994
0.3268533902680544
0.32685331551016994
0.7957372607177207
0.33853816948181015
0.32784080261865445
0.32685331551016994
0.32685331551016994
0.329773868597085
0.32685331551016994
0.32685331551016994
0.32685331551016994
0.3269362085742133
0.32685331551016994
0.32685331551016994
0.3268533902680544
0.3292594035902798
0.32685331551016994
0.9801120699550547
0.3268780111096826
0.32685331551016994
0.32857866224046145
0.3268780111096826
0.32685331551016994
0.35472349874386466
0.32685331551016994
0.5716210107111063
0.3268533902680544
0.3285887480021438
0.32685331551016994
0.3268533902680544
0.32685331551016994
0.3268526932079997
0.32685331551016994
0.7891000489283322
0.7957641285179022
0.32685331551016994
0.32685331551016994
0.32685331551016994
0.3381299798642556
0.32685331551016994
0.32685331551016994
0.32685331551016994
0.5668296562675345
0.3268533902680544
0.32687808586756706
0.32685331551016994
0.3285886732442594
0.3268533902680544
0.32685331551016994
0.32685276796588414
0.32685331551016994
0.3268526932079997
0.32685331551016994
0.32685331551016994
0.32685276796588414
0.32784080261865445
0.32685331551016994
0.3268533902680544
0.3268533902680544
0.32685331551016994
0.5246080086260372
0.3268533902680544
0.32685331551016994
0.32685331551016994
0.32685331551016994
0.32685331551016994
0.32685331551016994
0.3268533902680544
0.32685331551016994
1.4414501097169305
0.3268533902680544
0.32685331551016994
0.32685331551016994
0.32685331551016994
0.32786549821816713
0.7957371859598362
0.32685331551016994
0.32685331551016994
0.3278401803164842
0.32685331551016994
0.3285887480021438
0.32685331551016994
0.32685331551016994
0.32685331551016994
0.32685276796588414
1.4414510735002701
0.32685331551016994
0.3547235735017491
0.3268533902680544
0.3268533902680544
0.3268704000491168
0.32687808586756706
0.3268533902680544
0.3381299798642556
0.7957371859598362
0.3268533902680544
0.32685331551016994
0.32685331551016994
0.32685331551016994
0.32685331551016994
0.3268526932079997
0.32685331551016994
0.3268533902680544
0.32685331551016994
0.32685331551016994
0.32685331551016994
0.32685331551016994
0.5668296562675345
0.32685331551016994
0.32685331551016994
0.3268526932079997
0.3292347827486515
0.42425582996237565
0.3278401803164842
0.32786549821816713
0.32685331551016994
0.3268526932079997
0.32685331551016994
0.3268533902680544
0.32685276796588414
0.32685331551016994
0.3289574208986534
0.32685331551016994
0.32685331551016994
0.32685331551016994
0.3268780111096826
0.32685331551016994
0.32685331551016994
0.5238745103502453
0.32685331551016994
0.3465490609756625
0.3268533902680544
0.3268533902680544
0.32685331551016994
0.523874435592361
0.32685331551016994
0.32685331551016994
0.3268709475934026
0.3268780111096826
0.3292246969869691
0.32685331551016994
0.3289581317822853
0.3268533902680544
0.8912240674011968
0.3268526932079997
0.7960324352958629
0.32685276796588414
0.3289574208986534
0.32685331551016994
0.32685331551016994
0.35472349874386466
0.3268526932079997
0.32685331551016994
0.32693628333209773
0.32685331551016994
0.32685331551016994
0.32685331551016994
0.32685331551016994
0.32685331551016994
0.32685331551016994
0.3268533902680544
0.3268533902680544
0.32923470799076704
0.32685331551016994
0.5534923605439964
0.32685331551016994
0.3268533902680544
0.32685331551016994
0.3381293575620853
0.32685331551016994
0.32685276796588414
0.32685331551016994
0.3547235735017491
0.7957371859598362
0.32685331551016994
0.3268533902680544
0.3268533902680544
0.3297732462949148
0.32685276796588414
0.32685331551016994
0.32685331551016994
0.32685331551016994
0.32685331551016994
0.3268533902680544
0.5485922034316395
0.3268533902680544
0.3268533902680544
0.3285787369983459
0.4468490133558735
0.3268774635653968
0.3268526932079997
0.5537079119882033
0.3268533902680544
0.3268526932079997
0.3268533902680544
0.32685331551016994
0.32685331551016994
0.3268709475934026
0.3268533902680544
0.3268533902680544
0.3285886732442594
0.3268533902680544
0.3269362085742133
0.523874435592361
0.32685331551016994
0.32685331551016994
0.3268533902680544
0.32685331551016994
0.32685331551016994
0.3268533902680544
0.5822706059749134
0.3381299798642556
0.3268526932079997
0.32685331551016994
0.32685331551016994
0.819451232314623
0.32685331551016994
0.3471107372424984
0.34654968327783275
0.3398666279186377
0.32687808586756706
0.32685331551016994
0.3274143694748356
0.32685331551016994
0.3285887480021438
0.3297890519213675
0.32685331551016994
0.5822706059749134
0.32685331551016994
0.32685331551016994
0.32685331551016994
0.32685331551016994
0.3268533902680544
0.7957371859598362
0.32685331551016994
0.3268526932079997
0.32685331551016994
0.32685331551016994
0.32685331551016994
0.32685331551016994
0.3285887480021438
0.32693628333209773
0.3268780111096826
0.32685331551016994
0.32685331551016994
0.3268533902680544
0.32685331551016994
0.523874435592361
0.3268533902680544
0.3268533902680544
0.32685331551016994
0.3268526932079997
0.32685331551016994
0.3268533902680544
0.4468490133558735
0.3268533902680544
0.32685331551016994
0.326911587732585
0.32685331551016994
0.32685331551016994
0.32685331551016994
0.34657437887734543
0.32685331551016994
0.32685276796588414
0.32687102235128707
0.32685331551016994
0.32685331551016994
0.32685331551016994
0.8912250209908006
0.3268533902680544
0.3268526932079997
0.32741374717266536
0.3292347827486515
0.32685331551016994
0.32685331551016994
0.32685331551016994
0.3268533902680544
0.3268780111096826
0.32786549821816713
0.32687808586756706
0.32685331551016994
0.32685331551016994
0.32741374717266536
0.32685331551016994
0.3289574208986534
0.3268533902680544
0.32685331551016994
0.5239049676172
0.3268533902680544
0.32685331551016994
0.32685331551016994
0.3268533902680544
0.3268956431929153
0.7957371859598362
0.3268773888075124
0.32685331551016994
0.32685331551016994
0.32685331551016994
0.32685331551016994
0.7957371859598362
0.33813127018454825
0.32685331551016994
0.32685331551016994
0.32685331551016994
0.3268533902680544
0.3274143694748356
0.3268533902680544
0.7320956552452733
0.3268533902680544
0.3268526932079997
0.32685331551016994
0.32685331551016994
0.3269362085742133
0.32685331551016994
0.32685331551016994
0.3268780111096826
0.7957372607177207
0.32685331551016994
0.3268533902680544
0.79605922833816
0.32685331551016994
0.32685276796588414
0.32685331551016994
0.553492285786112
0.32685331551016994
0.3268526932079997
0.32685331551016994
0.32687808586756706
0.35472349874386466
0.32923470799076704
0.3269362085742133
0.32685331551016994
0.32685331551016994
0.3268533902680544
0.32685331551016994
0.3268533902680544
0.3381293575620853
0.35472349874386466
