0.3268526932079997
0.3268526932079997
0.3297732462949148
0.3385375471796399
0.3268526932079997
0.3268526932079997
0.32685331551016994
0.3268526932079997
0.32685331551016994
0.32685331551016994
0.32685276796588414
0.32685331551016994
0.32685331551016994
0.32685331551016994
0.3268526932079997
0.3268526932079997
0.32685331551016994
0.3297732462949148
0.3268526932079997
0.32685331551016994
0.32685331551016994
0.32839844149697445
0.32685331551016994
0.32685331551016994
0.3268526932079997
0.3268526932079997
0.32685331551016994
0.3268526932079997
0.3268526932079997
0.32685331551016994
0.3268526932079997
0.32685331551016994
0.3268526932079997
0.5246079338681527
0.3268526932079997
0.32685331551016994
0.3283978191948042
0.32685331551016994
0.32685331551016994
0.32685331551016994
0.32685331551016994
0.32685276796588414
0.32685331551016994
0.3268526932079997
0.32685331551016994
0.3268526932079997
0.32685331551016994
0.3268526932079997
0.3268526932079997
0.3268526932079997
0.3268526932079997
0.32685331551016994
0.32685331551016994
0.32685331551016994
0.33853762193752435
0.3268526932079997
0.32685276796588414
0.3268526932079997
0.3268526932079997
0.32685331551016994
0.32685331551016994
0.3268533902680544
0.32685331551016994
0.32685276796588414
0.3268526932079997
0.3465490609756625
0.7957640537600177
0.3268526932079997
0.3268526932079997
0.32685331551016994
0.32685276796588414
0.7957887493595304
0.32867156630830274
0.32685276796588414
0.3268526932079997
0.32685331551016994
0.3268526932079997
0.32685331551016994
0.32685331551016994
0.3268526932079997
0.3268533902680544
0.3268703252912324
0.3268526932079997
0.32685331551016994
0.3268526932079997
0.3268526932079997
0.32685331551016994
0.32685331551016994
0.32685331551016994
0.3268533902680544
0.32685331551016994
0.32685331551016994
0.3268533902680544
0.32685331551016994
0.3268526932079997
0.3268526932079997
0.32685331551016994
0.5588958144454492
0.3268526932079997
0.6678206069987569
0.32685331551016994
0.32685331551016994
0.3268533902680544
0.32685331551016994
0.32685331551016994
0.32685331551016994
0.32685331551016994
0.3268526932079997
0.3278401803164842
0.3268526932079997
0.7957640537600177
0.7007874145232444
0.32685331551016994
0.32685331551016994
0.5668283563853936
0.32685331551016994
0.32685276796588414
0.32685331551016994
0.3268526932079997
0.32685331551016994
0.4242862872293302
0.32685331551016994
0.32685331551016994
0.7957371859598362
1.4414505322587012
0.32685331551016994
0.3268526932079997
0.3292246969869691
0.32685331551016994
0.3292493925864818
0.3268526932079997
0.32685331551016994
0.3268526932079997
0.3268526932079997
0.3268526932079997
0.32685331551016994
0.42501705206858575
0.3268526932079997
0.3268526932079997
0.3471107372424984
0.32685331551016994
0.7307281137293056
0.32685331551016994
0.3268526932079997
0.3268526932079997
0.3268526932079997
0.3268526932079997
0.42425582996237565
0.32685331551016994
0.32685331551016994
0.3268526932079997
0.3547235735017491
0.32685331551016994
0.32685331551016994
0.32685331551016994
0.3385375471796399
0.3268526932079997
0.32685331551016994
0.32685331551016994
0.3268526932079997
0.3268526932079997
0.32685331551016994
1.4414391584149269
0.3268526932079997
0.42425582996237565
0.3268526932079997
0.32685331551016994
0.3268526932079997
0.32685276796588414
0.32685331551016994
0.32794132776593055
0.5822696523853095
0.326935586272043
0.3268526932079997
0.32685331551016994
0.42425582996237565
0.32685331551016994
0.3278401803164842
0.32685331551016994
0.32685331551016994
0.32685331551016994
0.32685276796588414
0.3268526932079997
0.32685331551016994
0.3268533902680544
0.32685331551016994
0.3268526932079997
0.3268526932079997
0.5239048928593155
0.32685331551016994
0.3268526932079997
0.4242869981129621
0.3268526932079997
0.32685276796588414
0.3268526932079997
0.3268526932079997
0.3268526932079997
0.32685276796588414
1.587161264674591
0.3268773888075124
0.32784080261865445
0.3278401803164842
0.32685331551016994
0.4242862872293302
0.7960345327386473
0.553492285786112
0.32685331551016994
0.5239048928593155
0.3268526932079997
0.3268533902680544
0.3268526932079997
0.32685331551016994
0.3268526932079997
0.32685331551016994
0.32685331551016994
0.3268526932079997
0.32685331551016994
0.3268526932079997
0.3268526932079997
0.3268709475934026
0.3278401803164842
0.32685331551016994
0.3268526932079997
0.32685331551016994
0.523874435592361
0.3268526932079997
0.3268526932079997
0.32685331551016994
0.32685276796588414
0.32685331551016994
0.3268526932079997
0.3278401803164842
0.3268526932079997
0.32685331551016994
0.3268526932079997
0.32685331551016994
0.3292423290702018
0.3268526932079997
0.3268526932079997
0.8912240674011968
0.3268526932079997
0.32685276796588414
0.32685276796588414
0.32685331551016994
0.7957640537600177
0.32685331551016994
0.3268533902680544
0.35472349874386466
0.3268526932079997
0.32685331551016994
0.3268526932079997
0.3268526932079997
0.32685331551016994
0.3268709475934026
0.42429021857321325
0.32685331551016994
0.32792369568269786
0.32685331551016994
0.5239048928593155
0.32685331551016994
0.3268526932079997
0.3268526932079997
0.32685331551016994
0.3268526932079997
0.3297732462949148
0.32685331551016994
0.3321452500738842
1.4414391584149269
0.32685331551016994
0.3381293575620853
0.3268526932079997
0.3268526932079997
0.32857866224046145
0.3268526932079997
0.3268526932079997
0.3268526932079997
0.3268526932079997
0.5535227430530666
0.3268526932079997
0.32741374717266536
0.523874435592361
0.32685331551016994
0.3268526932079997
0.3268526932079997
0.33853816948181015
0.3292246969869691
0.3268526932079997
0.32685331551016994
0.3268526932079997
0.32685331551016994
0.523874435592361
0.3274143694748356
0.3268780111096826
0.5668283563853936
0.7890928324273734
0.32685331551016994
0.3278578123997169
0.3268526932079997
0.3268526932079997
0.3268526932079997
0.3268526932079997
0.32685331551016994
0.3268526932079997
0.32685331551016994
0.3268526932079997
0.3268526932079997
0.3268526932079997
0.3268526932079997
0.3268526932079997
0.32685331551016994
0.3268526932079997
0.3268526932079997
0.32685331551016994
0.3268526932079997
0.32685331551016994
0.32685331551016994
0.32685331551016994
0.32685331551016994
0.3268526932079997
0.32685331551016994
0.3285886732442594
0.3381299798642556
0.3268526932079997
0.7957371859598362
0.32685331551016994
0.32685331551016994
0.32685331551016994
0.3268526932079997
1.4414391584149269
0.3292246969869691
0.32685331551016994
0.3268526932079997
0.32685331551016994
0.32857866224046145
0.3268526932079997
0.32685331551016994
0.32685331551016994
0.32685331551016994
0.32685331551016994
0.3274143694748356
0.32685331551016994
0.35472349874386466
0.32685331551016994
0.4242862872293302
0.3268526932079997
0.32685331551016994
0.32685331551016994
0.5668283563853936
0.32685331551016994
0.32685331551016994
0.32685331551016994
0.32685331551016994
0.3268526932079997
0.36067666858947584
0.3268526932079997
0.32685331551016994
0.33853816948181015
0.3268526932079997
0.32685331551016994
0.3268526932079997
0.3268526932079997
0.3268526932079997
0.32685331551016994
0.3268526932079997
0.32685331551016994
0.32685331551016994
0.3268526932079997
0.32685331551016994
0.3268526932079997
0.32685331551016994
0.3268526932079997
0.3268526932079997
1.4414505322587012
0.3268526932079997
0.3268526932079997
0.32685331551016994
0.3269362085742133
0.523874435592361
0.3268526932079997
0.32685331551016994
0.32784080261865445
0.553492285786112
1.4414501097169305
0.3268526932079997
0.44617941254686744
0.32685276796588414
0.3268526932079997
0.3268526932079997
0.32685331551016994
0.32685331551016994
0.3268526932079997
0.3268709475934026
0.32685331551016994
0.32685331551016994
0.32685331551016994
0.3268526932079997
0.3268526932079997
0.32685331551016994
0.32685331551016994
0.32685331551016994
0.32685331551016994
0.32685331551016994
0.33853816948181015
0.32685331551016994
0.3268526932079997
0.32685331551016994
0.32685331551016994
0.3268526932079997
0.32685331551016994
0.32685331551016994
0.3268526932079997
0.3292246969869691
0.3268526932079997
0.32685331551016994
0.3268526932079997
0.3268526932079997
0.3268526932079997
0.32685331551016994
0.32685331551016994
0.32685331551016994
0.3268533902680544
0.3268526932079997
0.32685331551016994
0.3289574208986534
0.32685331551016994
0.32685331551016994
0.32685331551016994
0.7957887493595304
0.3268526932079997
0.3268526932079997
0.553492285786112
0.3268526932079997
0.7957640537600177
0.3268526932079997
0.32685331551016994
0.32685331551016994
0.32691151297470056
0.3268526932079997
0.3268526932079997
0.32685331551016994
0.32685276796588414
0.3292246969869691
0.3268526932079997
0.3268526932079997
0.3268526932079997
0.3501136431676596
0.3268526932079997
0.3268526932079997
0.32685331551016994
0.571914851106195
0.32685331551016994
0.3268526932079997
0.32685276796588414
0.7957640537600177
0.32685331551016994
0.3268526932079997
0.4242862872293302
0.32685331551016994
0.3268526932079997
0.3268526932079997
0.3268526932079997
0.3268526932079997
0.32685331551016994
0.32685331551016994
0.32685331551016994
0.32685331551016994
0.32685331551016994
0.32685331551016994
0.3268526932079997
0.3268526932079997
0.32685331551016994
0.3385375471796399
0.42501705206858575
0.3268526932079997
0.32685331551016994
0.3268526932079997
0.3268526932079997
0.3268526932079997
1.4414501097169305
0.3268526932079997
0.3268526932079997
0.3268533902680544
0.32685331551016994
0.3274143694748356
0.32685331551016994
0.3268526932079997
1.4414501097169305
0.3268526932079997
0.32685331551016994
0.32685331551016994
0.32685331551016994
0.3268526932079997
0.523874435592361
0.32685276796588414
0.3268526932079997
0.32685331551016994
0.3285886732442594
0.3268526932079997
0.5668283563853936
0.32685331551016994
0.3268526932079997
0.3268526932079997
0.32685331551016994
0.3268526932079997
0.3268526932079997
0.32685331551016994
0.32685331551016994
0.32685331551016994
0.32839844149697445
0.32685331551016994
0.3268526932079997
0.3268526932079997
0.32685331551016994
0.32691151297470056
0.5668461284403795
0.32685331551016994
0.3268526932079997
0.32685331551016994
0.32685331551016994
0.32685331551016994
0.3268526932079997
0.32685331551016994
0.3268526932079997
0.32691151297470056
0.32685331551016994
0.32685331551016994
0.3268526932079997
0.32685331551016994
0.32685276796588414
0.3385375471796399
0.3268526932079997
0.3278401803164842
0.32685331551016994
0.32685331551016994
0.3268526932079997
0.3268526932079997
0.3268526932079997
0.32685331551016994
0.3268526932079997
0.3547235735017491
0.3268709475934026
0.3268533902680544
0.32685331551016994
0.32685331551016994
0.3268526932079997
0.32685331551016994
0.3268526932079997
0.3268526932079997
0.3268526932079997
0.3268526932079997
0.3268526932079997
0.3268526932079997
0.32839844149697445
0.3268526932079997
0.32685331551016994
0.32685331551016994
0.3268526932079997
0.32685331551016994
0.32685331551016994
0.3268526932079997
0.3268526932079997
0.5668283563853936
0.3268526932079997
0.3268526932079997
0.3278990000831851
0.32685331551016994
0.32685331551016994
0.32685331551016994
0.32685331551016994
0.35472295119957886
0.3268526932079997
0.3278401803164842
0.3268526932079997
0.32685331551016994
0.3268526932079997
0.3268526932079997
0.32685331551016994
0.32685331551016994
0.32685331551016994
0.32685331551016994
0.3268526932079997
0.32685331551016994
0.32685331551016994
0.3268526932079997
0.32685331551016994
0.32685331551016994
0.3268526932079997
0.32691151297470056
0.3268526932079997
0.3268526932079997
0.32685331551016994
0.3268526932079997
0.32685331551016994
0.32685331551016994
0.3268526932079997
0.3402735272158996
1.4414519174468279
0.3268526932079997
0.32685331551016994
0.32685331551016994
0.32685276796588414
0.32923470799076704
0.32685331551016994
0.32685331551016994
0.3268526932079997
0.700777922464739
0.3268526932079997
0.3547228764416944
0.32685331551016994
0.7960345327386473
0.3268526932079997
0.3268526932079997
0.3285886732442594
0.5821313837254203
0.32792369568269786
0.5080701739799109
0.32685331551016994
0.32685276796588414
0.32685331551016994
0.32685331551016994
0.32685331551016994
0.3268526932079997
0.3268703252912324
0.3297915006803177
0.32741374717266536
0.32685331551016994
0.3268526932079997
0.32685331551016994
0.32685331551016994
0.3268526932079997
0.32685331551016994
0.5668296562675345
0.3268526932079997
0.3268526932079997
0.32839915238060635
0.5535227430530666
0.32685331551016994
0.32685331551016994
0.32685331551016994
0.32784080261865445
0.32685331551016994
0.7960345327386473
0.3268526932079997
0.3268526932079997
0.32685331551016994
0.3268526932079997
0.3268526932079997
0.3268526932079997
0.3268526932079997
0.32685331551016994
0.32685276796588414
0.3381293575620853
0.32685331551016994
0.32685331551016994
0.5668283563853936
0.32839844149697445
0.3471107372424984
0.32685331551016994
0.3268526932079997
0.32685331551016994
0.3268526932079997
0.32685331551016994
0.3268526932079997
0.3646409538548768
0.5668283563853936
0.3547235735017491
0.3268526932079997
0.32685331551016994
0.3268533902680544
0.3268526932079997
0.32685331551016994
0.3268709475934026
0.3268526932079997
0.3268526932079997
0.32685331551016994
0.32685331551016994
0.32685331551016994
0.3646409538548768
0.32685331551016994
0.3268526932079997
0.32685331551016994
0.5535227430530666
0.3268526932079997
0.32741374717266536
0.32685331551016994
0.3268526932079997
0.3268526932079997
0.32685331551016994
0.32685331551016994
0.3269108906725303
0.32685331551016994
0.3278401803164842
0.3268526932079997
0.3268526932079997
0.3283978191948042
0.3278401803164842
0.32685331551016994
0.32784025507436865
0.3268526932079997
1.4414395809566978
0.3278401803164842
0.3268526932079997
0.3268526932079997
0.3268526932079997
0.32685276796588414
0.32685331551016994
0.3268526932079997
0.3268526932079997
0.3268526932079997
0.32685331551016994
0.3268533902680544
0.3268526932079997
0.3268526932079997
0.32685331551016994
0.3268526932079997
0.32685276796588414
0.3268526932079997
0.32685331551016994
0.32685331551016994
0.32857866224046145
0.3292246969869691
0.32685331551016994
0.3268526932079997
0.3268526932079997
0.7957641285179022
0.32685331551016994
0.3268526932079997
0.32685331551016994
0.3385375471796399
0.3268703252912324
0.3268533902680544
0.32685331551016994
0.3269362085742133
0.33853762193752435
0.32685331551016994
0.5239048928593155
0.3268526932079997
0.3268526932079997
0.32685331551016994
0.32685331551016994
0.32685331551016994
0.32685331551016994
0.3268956431929153
0.32685331551016994
0.3268526932079997
0.32685331551016994
0.4250177629522176
0.32685331551016994
0.3268526932079997
0.3268526932079997
0.32685331551016994
0.3268709475934026
0.32685331551016994
0.32685331551016994
0.3268526932079997
0.3268526932079997
0.7957640537600177
0.3268526932079997
0.3268526932079997
0.3381299798642556
0.3268526932079997
0.32685331551016994
0.3268526932079997
0.3268526932079997
0.3268526932079997
0.32685331551016994
0.7960076649384658
0.32685276796588414
0.5668283563853936
0.3268526932079997
0.32685331551016994
0.3268526932079997
0.3268703252912324
0.3268526932079997
0.32685331551016994
0.32685331551016994
0.3268526932079997
0.32685331551016994
0.3268526932079997
0.3292594035902798
0.3268526932079997
0.3268533902680544
0.3268526932079997
0.3268526932079997
0.3286716410661872
0.32685331551016994
0.32741374717266536
0.3268526932079997
0.8912319881690218
0.32685331551016994
0.7958330336030156
0.3268526932079997
0.32685276796588414
0.3268526932079997
0.3268526932079997
0.32685331551016994
0.32685331551016994
0.3268526932079997
0.3285886732442594
0.32685331551016994
0.3268526932079997
0.32685331551016994
0.32685331551016994
0.3268533902680544
0.3268526932079997
0.32685331551016994
0.32685331551016994
0.32685331551016994
0.3646409538548768
0.3268526932079997
0.32685331551016994
0.3268526932079997
0.3268526932079997
0.3268526932079997
0.32685331551016994
0.32685331551016994
0.32685331551016994
0.3268526932079997
0.32685331551016994
0.3268526932079997
0.5668283563853936
0.32685331551016994
0.32685331551016994
0.3268526932079997
0.32685331551016994
0.32685331551016994
1.4414395809566978
0.3268526932079997
0.3268526932079997
0.42425582996237565
0.3268526932079997
0.3268526932079997
0.3268526932079997
0.32685331551016994
0.3268526932079997
0.3268526932079997
0.32685331551016994
0.3268526932079997
0.32685331551016994
0.523874435592361
0.5668283563853936
0.3268526932079997
0.3268526932079997
0.4468490133558735
0.3268526932079997
0.3268526932079997
0.3268526932079997
0.32685331551016994
0.3268526932079997
0.32685331551016994
0.3268526932079997
0.32685331551016994
0.326935586272043
0.3268526932079997
0.32923470799076704
0.32685331551016994
0.3268526932079997
0.3268526932079997
0.3268526932079997
0.5668557692973921
0.32786495067388133
0.32685331551016994
0.3268526932079997
0.32685331551016994
0.32685331551016994
0.3268526932079997
0.3268526932079997
0.3283978191948042
0.3268526932079997
0.3268526932079997
0.32685331551016994
0.3268526932079997
0.3268526932079997
0.3268526932079997
0.3465490609756625
0.3268526932079997
0.3268526932079997
0.32685331551016994
0.3547228764416944
0.3268526932079997
0.48079863053164584
0.32685331551016994
0.3268526932079997
0.3268526932079997
0.32685276796588414
0.32685331551016994
0.3385375471796399
0.32685331551016994
0.5080704392165357
0.32685331551016994
0.3268526932079997
0.32685276796588414
0.32685331551016994
0.32685331551016994
0.3268526932079997
0.3268526932079997
0.32685331551016994
0.32685331551016994
0.3268526932079997
0.32685276796588414
0.3268526932079997
0.32685331551016994
0.3268526932079997
0.32857866224046145
0.3268526932079997
0.3268526932079997
0.5246383911351074
0.32839844149697445
0.32685331551016994
0.3268533902680544
0.3268526932079997
0.3268526932079997
0.3268526932079997
0.3269362085742133
0.32685331551016994
0.3268709475934026
0.3268526932079997
0.32685331551016994
0.3268526932079997
0.3268526932079997
0.3268526932079997
0.32685331551016994
0.32685331551016994
0.33853816948181015
0.3268526932079997
0.32685331551016994
0.3268526932079997
0.3268526932079997
0.3268526932079997
0.3268526932079997
0.32685331551016994
0.33853816948181015
0.3268526932079997
0.32685331551016994
0.32685331551016994
0.3268533902680544
0.42501705206858575
0.3268526932079997
0.3268526932079997
0.3268526932079997
0.3268526932079997
0.3268526932079997
0.3268526932079997
0.3268526932079997
0.3268526932079997
0.3268526932079997
0.3268526932079997
0.3268526932079997
0.5822696523853095
0.3268526932079997
0.3268526932079997
0.32685276796588414
0.32685331551016994
0.3268526932079997
0.3268526932079997
0.3292246969869691
0.32685331551016994
0.3268533902680544
0.3268526932079997
0.3268533902680544
0.3268526932079997
0.32685331551016994
0.3547235735017491
0.3268526932079997
0.3268526932079997
0.32685331551016994
0.32685331551016994
0.32685331551016994
0.44394280107071915
1.4414501097169305
0.7957640537600177
0.3381299798642556
0.32685331551016994
0.32685331551016994
0.3268526932079997
0.5239048928593155
0.3268526932079997
0.3268526932079997
0.32685331551016994
0.3268526932079997
0.32685331551016994
0.32685331551016994
0.32685331551016994
0.3268533902680544
0.3268526932079997
0.32685331551016994
0.32685331551016994
0.3268526932079997
0.35472349874386466
1.4172851184604034
0.33813127018454825
0.5668283563853936
0.35011302086548934
0.32685331551016994
0.3268526932079997
0.32685331551016994
0.3268526932079997
0.32685331551016994
0.32685331551016994
0.3268526932079997
