0.7957371859598362
0.32685331551016994
0.32685331551016994
0.3268526932079997
0.32685331551016994
0.3596386217390852
0.3268780111096826
0.4468497242395054
0.32685331551016994
0.32685331551016994
0.32685331551016994
0.3268780111096826
0.32685331551016994
1.4414501097169305
0.32685331551016994
0.32685331551016994
0.42425582996237565
0.3471354328420111
0.3268780111096826
0.32685331551016994
0.32685331551016994
0.32685331551016994
0.32691151297470056
0.32691151297470056
0.3268533902680544
0.32685331551016994
0.5258136448454569
0.32685331551016994
0.32685331551016994
0.32685331551016994
0.4468490133558735
0.3268780111096826
0.32685331551016994
0.32685331551016994
0.36464157615704706
0.3466325763418761
0.32685331551016994
0.32786549821816713
0.32784080261865445
0.32839844149697445
0.3284847496473635
0.32685331551016994
0.3278990000831851
0.3268533902680544
0.32685331551016994
0.3268780111096826
0.3268780111096826
0.32685331551016994
0.3268709475934026
0.32685331551016994
0.32685331551016994
0.32685331551016994
0.32685331551016994
0.32685331551016994
0.32687808586756706
0.8912240674011968
0.32687808586756706
0.32685331551016994
0.32685331551016994
0.32685331551016994
0.3268780111096826
0.3547235735017491
0.32685331551016994
0.3268526932079997
0.32685331551016994
0.3268780111096826
0.32685331551016994
0.32685331551016994
0.32695384065744604
0.32685331551016994
0.3268533902680544
0.32685331551016994
0.32685331551016994
0.32685331551016994
0.3278825079992296
0.32685331551016994
0.32685331551016994
0.5821313837254203
0.32685331551016994
0.3268780111096826
0.32685331551016994
0.32923470799076704
0.3268533902680544
0.32687808586756706
0.7957371859598362
0.32685331551016994
0.3297985641965977
0.4468490133558735
0.3268533902680544
1.4414505322587012
0.32685331551016994
0.3268780111096826
0.32685331551016994
0.3268709475934026
0.7903545038446643
0.3268780111096826
0.32685331551016994
0.3268780111096826
0.5537078372303189
0.3268533902680544
0.3268533902680544
0.32685331551016994
0.3268773888075124
0.32685331551016994
0.32685331551016994
0.3268533902680544
0.32685331551016994
0.32884362495678165
0.32685331551016994
0.3269291450579333
0.32685331551016994
0.32685331551016994
0.32685331551016994
1.4414501097169305
0.32685331551016994
0.32685331551016994
0.3268780111096826
0.3268780111096826
0.3268780111096826
0.3274390650743483
0.3268780111096826
0.32685331551016994
0.32685331551016994
0.3268780111096826
0.32685331551016994
0.32786549821816713
0.32685331551016994
1.4414505322587012
0.3268533902680544
0.32689571795079975
0.32685331551016994
0.32685331551016994
0.32685331551016994
0.9504831816616331
0.3268780111096826
0.3268533902680544
0.32685331551016994
0.3268780111096826
0.32685331551016994
0.32923470799076704
0.32685331551016994
0.33853816948181015
0.3268780111096826
0.32685331551016994
0.35474819434337734
0.32685331551016994
0.3268526932079997
0.32685331551016994
0.5916830515253669
0.3268780111096826
0.32685331551016994
0.3321728931609149
0.3289574208986534
0.3268533902680544
0.32685331551016994
0.3268780111096826
0.32685331551016994
0.3284231370964871
0.3268780111096826
0.3539530950804507
0.329773868597085
0.6745580856083586
0.3268526932079997
0.32685331551016994
0.32685331551016994
0.32923470799076704
0.3268526932079997
0.32685331551016994
0.523874435592361
0.32685331551016994
0.32685331551016994
0.32685331551016994
0.34657437887734543
0.32685331551016994
0.7957371859598362
0.32685331551016994
0.32685331551016994
0.32685331551016994
0.32685331551016994
0.32685331551016994
0.32685331551016994
0.4242565408460075
0.9504594396517244
0.32685331551016994
0.3285886732442594
0.32685331551016994
0.7957618815593489
0.3269362085742133
0.7957371859598362
0.3269362085742133
0.3289574208986534
0.32685331551016994
0.32685331551016994
0.5537078372303189
0.32685331551016994
0.32685331551016994
0.3268709475934026
0.32685331551016994
0.3268780111096826
0.3268709475934026
0.32685331551016994
0.3547482691012618
0.32685331551016994
0.32685331551016994
0.32685331551016994
0.34657437887734543
0.32685331551016994
0.32691151297470056
0.32685331551016994
0.32685331551016994
0.34654968327783275
0.3268773888075124
0.3268709475934026
0.32685331551016994
0.3547235735017491
0.3471107372424984
0.32685331551016994
0.3268526932079997
0.35339204111578504
0.7957618815593489
0.32685331551016994
0.32685331551016994
0.32685331551016994
0.3268780111096826
0.951017817254375
0.3278401803164842
0.3268780111096826
0.32685331551016994
0.32839844149697445
0.32685331551016994
0.3268533902680544
0.32685331551016994
0.3385382442396946
0.32685331551016994
0.32685331551016994
0.32685331551016994
0.32685331551016994
1.4414506425509845
0.5821300838432796
0.33223857455448375
0.32685331551016994
0.32685331551016994
0.3268709475934026
0.35472349874386466
0.7957618815593489
0.32685331551016994
0.3268780111096826
0.8912240674011968
0.3268709475934026
0.35472349874386466
0.3268780111096826
0.32685331551016994
0.32685331551016994
0.3268780111096826
0.3268533902680544
0.32685331551016994
0.3268526932079997
0.3268780111096826
0.3292594035902798
0.3268780111096826
0.32685331551016994
0.3268533902680544
0.32685331551016994
0.3268526932079997
0.3268526932079997
0.3286209899232069
0.32685331551016994
0.32685331551016994
0.32685331551016994
0.9504584860621205
0.3268533902680544
0.3268780111096826
0.32685331551016994
0.32685331551016994
0.32685331551016994
0.32786549821816713
0.32784080261865445
0.32685331551016994
0.3471107372424984
0.32685331551016994
0.32685331551016994
0.3638161077797418
0.3268780111096826
0.3268780111096826
0.3268533902680544
0.3268526932079997
0.3268526932079997
0.32685331551016994
0.32685331551016994
0.32687102235128707
0.32685331551016994
0.3269362085742133
0.32685331551016994
0.33856286508132283
0.32685331551016994
0.5240899870365678
0.32685331551016994
0.32685331551016994
0.3268780111096826
0.32685331551016994
0.33853816948181015
0.32685331551016994
0.32685331551016994
0.32685331551016994
0.32923470799076704
0.9505786415098872
0.3268780111096826
0.32685331551016994
0.32685331551016994
0.32685331551016994
0.32685331551016994
0.3268780111096826
0.32685331551016994
0.32685331551016994
0.32685331551016994
0.32685331551016994
0.32685331551016994
0.32685331551016994
0.32923470799076704
0.32685331551016994
0.3547235735017491
0.48006786569239035
0.32857866224046145
0.32685331551016994
0.3292347827486515
0.32786549821816713
0.3465920109605781
0.32685331551016994
0.3268780111096826
0.32685331551016994
0.32685331551016994
0.3268780111096826
0.32685331551016994
0.32685331551016994
0.32685331551016994
0.582156079324933
0.3268780111096826
0.523874435592361
0.32685331551016994
0.32685331551016994
0.32685331551016994
0.32685331551016994
1.4414506425509845
0.32898211649816606
0.32685331551016994
0.32685331551016994
0.32685331551016994
0.32685331551016994
0.3268780111096826
0.32685331551016994
0.32923470799076704
0.32685331551016994
0.32685331551016994
0.32685331551016994
0.3268780111096826
0.3268533902680544
0.3268773888075124
0.32685331551016994
0.3268533902680544
0.32693628333209773
0.32685331551016994
0.3268703252912324
0.3268526932079997
0.32685331551016994
0.32685331551016994
0.33856286508132283
0.3268526932079997
0.32685331551016994
0.32685331551016994
0.3268773888075124
0.32685331551016994
0.32685331551016994
0.32687102235128707
0.3268526932079997
0.32685331551016994
0.3268780111096826
0.3268526932079997
0.32685331551016994
0.32685331551016994
0.3268780111096826
0.3268780111096826
0.32685331551016994
0.3268780111096826
0.5534923605439964
0.3268780111096826
0.32685331551016994
0.32685331551016994
0.3268780111096826
0.3286133688437721
0.32685331551016994
0.3292246969869691
0.3268780111096826
0.3268780111096826
0.32685331551016994
0.32685331551016994
0.3268526932079997
0.32685331551016994
0.32685331551016994
0.32685331551016994
0.3773285492250815
0.33853816948181015
0.3289574208986534
0.32685331551016994
0.32685331551016994
1.5625212131649828
0.3268709475934026
0.32923470799076704
0.32685331551016994
0.32685331551016994
0.32685331551016994
0.3268773888075124
0.32685331551016994
0.3268709475934026
0.32685331551016994
0.32685331551016994
0.32685331551016994
0.32685331551016994
0.32685331551016994
0.32784080261865445
0.5537078372303189
0.326911587732585
0.9504584860621205
0.3268780111096826
0.32685331551016994
0.32685331551016994
0.3547235735017491
0.35474819434337734
0.3285886732442594
0.3292523400739998
0.3285962943236942
0.32687808586756706
0.3268780111096826
0.35472349874386466
0.3268780111096826
0.3268780111096826
0.3268780111096826
0.3268780111096826
1.4414510735002701
0.32685276796588414
0.32685331551016994
0.3268709475934026
0.32685331551016994
0.3268526932079997
0.35474113082709735
0.9504584860621205
0.32685331551016994
0.32685331551016994
0.32685331551016994
0.3268780111096826
0.32784080261865445
0.35472349874386466
0.32685331551016994
0.32685331551016994
0.32685331551016994
0.3268780111096826
0.32685331551016994
0.32685331551016994
0.32685331551016994
0.32685331551016994
0.32685331551016994
1.0494602223818437
0.32685331551016994
0.32685331551016994
0.32685331551016994
0.32685331551016994
0.32685331551016994
0.3268533902680544
0.35476590118449447
0.32685331551016994
0.3274390650743483
0.32685331551016994
0.3268780111096826
0.32685331551016994
0.3268533902680544
0.3268709475934026
0.32685331551016994
0.3268780111096826
0.32685331551016994
0.3274143694748356
0.32685331551016994
0.32685331551016994
0.32685331551016994
0.3268780111096826
0.32685331551016994
0.32685331551016994
0.32685331551016994
0.3268780111096826
0.3284231370964871
0.32685331551016994
0.32685331551016994
0.32685331551016994
0.32685331551016994
0.32685331551016994
0.3292246969869691
0.3268780111096826
0.3268773888075124
0.34711081200038285
0.3268780111096826
0.32685331551016994
0.32786549821816713
0.32685331551016994
0.32685331551016994
0.32685331551016994
0.3268780111096826
0.32784080261865445
0.3278648759159969
0.32685331551016994
0.32685331551016994
0.32685331551016994
0.32685331551016994
0.32685331551016994
0.3268526932079997
0.3465744536352299
0.32685331551016994
0.3268780111096826
0.32685331551016994
0.32685331551016994
0.32685331551016994
0.3560584442391577
0.3274143694748356
0.3268956431929153
0.35472349874386466
0.32685331551016994
0.33853816948181015
0.32685331551016994
1.4414391584149269
0.32685331551016994
0.32685331551016994
0.3289574208986534
0.3381299798642556
0.32685331551016994
0.35472349874386466
0.32685331551016994
0.3268533902680544
0.3278401803164842
0.32685331551016994
0.32685331551016994
0.32685331551016994
0.32685331551016994
0.32685331551016994
0.32685331551016994
0.32685331551016994
0.32685331551016994
0.32685331551016994
0.3268780111096826
0.32685331551016994
0.32685331551016994
0.78880487435019
0.32685331551016994
0.3268709475934026
0.3268780111096826
0.32685331551016994
0.32685331551016994
0.32685331551016994
0.3268780111096826
0.32685331551016994
0.3268533902680544
0.329773868597085
0.3269362085742133
0.32685331551016994
0.3268533902680544
0.32685331551016994
0.32685331551016994
0.32685331551016994
0.33815467546376826
0.3268533902680544
0.32685331551016994
0.32784080261865445
0.951534330983401
0.32839915238060635
0.5822706059749134
0.33853816948181015
0.3289574208986534
0.7960077396963502
0.32685331551016994
0.3268533902680544
0.32685331551016994
0.32685331551016994
0.32685331551016994
0.32685331551016994
0.3471107372424984
0.32685331551016994
0.32685331551016994
0.3268956431929153
0.32685331551016994
0.3268780111096826
0.3268780111096826
1.4414505322587012
0.33853816948181015
0.32685331551016994
0.32685331551016994
0.32685331551016994
0.3268533902680544
0.3268780111096826
0.32685331551016994
0.32786549821816713
0.3488700137543961
0.32685331551016994
0.3269362085742133
0.32685331551016994
0.5246079338681527
0.9504584860621205
0.3268780111096826
0.3268526932079997
0.32685331551016994
0.32685331551016994
0.32687808586756706
0.32685331551016994
0.3268780111096826
0.3268780111096826
0.32685331551016994
0.32685331551016994
0.32685331551016994
0.3268780111096826
0.32685331551016994
0.32685331551016994
0.32685331551016994
0.32685331551016994
0.33853816948181015
0.32685331551016994
0.3268533902680544
0.3268533902680544
0.3268780111096826
0.3268780111096826
0.32685331551016994
0.523874435592361
0.3268773888075124
0.32685331551016994
0.32685331551016994
0.32685331551016994
0.3268780111096826
0.32685331551016994
0.32685276796588414
0.3268956431929153
0.32685331551016994
0.33853945980210276
0.32685331551016994
0.3547235735017491
0.35474819434337734
0.3268780111096826
0.3471107372424984
0.35472349874386466
0.8912250209908006
0.32685331551016994
0.32685331551016994
0.3268780111096826
0.3274143694748356
0.34654968327783275
0.3268780111096826
0.32685331551016994
0.3268780111096826
0.5537078372303189
0.3268780111096826
0.3268533902680544
0.32784080261865445
0.32685331551016994
0.32691151297470056
0.3268780111096826
0.32685331551016994
0.3268780111096826
0.32687808586756706
0.4468490133558735
0.32685331551016994
1.4414501097169305
0.3268533902680544
0.32685331551016994
0.33815467546376826
0.8912487630007094
0.3268533902680544
0.32685331551016994
0.3268780111096826
0.32685331551016994
1.4414501097169305
0.32685331551016994
0.32685331551016994
0.32685331551016994
0.3268780111096826
0.32860638008537657
0.3274143694748356
0.32923470799076704
0.3268780111096826
0.3268780111096826
0.3268780111096826
0.32685331551016994
0.3268533902680544
0.33815596578406093
0.32685331551016994
0.3268780111096826
0.32685331551016994
1.4414505322587012
0.32685331551016994
0.3268533902680544
0.32685331551016994
0.32685331551016994
0.3268780111096826
0.32685331551016994
0.32687808586756706
0.32685331551016994
0.3268780111096826
0.32685331551016994
0.3268533902680544
0.3292594035902798
0.32685331551016994
0.32687808586756706
0.8912240674011968
0.3285886732442594
0.3268526932079997
0.32685331551016994
0.32685331551016994
0.33856286508132283
0.3268780111096826
0.32685331551016994
0.32685331551016994
0.32685331551016994
0.32685331551016994
0.32786549821816713
1.4165456002059478
0.34654968327783275
0.32685331551016994
0.32685331551016994
0.32685331551016994
0.32685331551016994
0.32687808586756706
0.32685331551016994
0.3268709475934026
0.32685276796588414
0.32685331551016994
0.3268526932079997
0.32784080261865445
0.32685331551016994
0.3268526932079997
0.32685331551016994
0.32685331551016994
0.32685331551016994
0.32685331551016994
0.3268709475934026
0.3269362085742133
0.32685331551016994
0.3268533902680544
0.3268780111096826
0.32685331551016994
0.32685331551016994
0.33242785992907625
0.32685331551016994
1.2952102465518303
0.3268709475934026
0.3381299798642556
0.3292347827486515
0.32685331551016994
0.32685331551016994
0.32867156630830274
0.34713481053984085
0.32685331551016994
0.329773868597085
0.3268526932079997
0.32685331551016994
0.32685331551016994
0.32685331551016994
0.3268780111096826
0.32687808586756706
0.32685331551016994
0.3268956431929153
0.535839950951835
0.32685331551016994
0.98011084881519
0.7957371859598362
0.32685331551016994
0.7961035125816451
0.32685331551016994
0.32839844149697445
0.32685331551016994
0.523874435592361
0.32685331551016994
0.32685331551016994
0.32685331551016994
0.3278401803164842
0.3268780111096826
0.32685331551016994
0.32685331551016994
0.3274143694748356
0.32685331551016994
0.3268533902680544
0.32685331551016994
0.32685331551016994
0.3547228764416944
0.32685331551016994
0.32685331551016994
0.3268780111096826
0.3268533902680544
0.3268533902680544
0.32691151297470056
0.32685331551016994
0.32685331551016994
0.3268533902680544
0.7960076649384658
0.35472349874386466
0.3286133688437721
0.32685331551016994
0.3268774635653968
0.3268780111096826
0.3285887480021438
0.32743844277217804
0.32685331551016994
0.32685331551016994
0.3268780111096826
0.32685331551016994
0.32685331551016994
0.32685331551016994
0.32685331551016994
0.3268780111096826
0.3268780111096826
0.3268533902680544
0.35472349874386466
0.32685331551016994
0.3268780111096826
0.3268780111096826
1.4414505322587012
0.951017817254375
0.3292594035902798
0.3268780111096826
0.33853816948181015
0.3268533902680544
0.34654968327783275
0.32685331551016994
0.3268780111096826
0.3268780111096826
0.3268780111096826
0.32685331551016994
0.32685331551016994
0.32685331551016994
0.8665504652361888
0.3268709475934026
0.32685331551016994
0.32685331551016994
0.32685331551016994
0.4229146569204527
0.3552839304063601
0.32685331551016994
0.32685331551016994
0.3547235735017491
0.447579778195129
0.36464157615704706
0.32685331551016994
0.4468490133558735
0.32685331551016994
0.32685331551016994
1.4414501097169305
0.32685331551016994
0.3268533902680544
0.32685331551016994
0.553492285786112
0.3268526932079997
0.32685331551016994
0.32685331551016994
0.32839844149697445
0.327456697157581
0.3268526932079997
0.3268780111096826
1.4414501097169305
0.3268526932079997
0.32685331551016994
0.3268780111096826
0.3547816962083953
0.32685331551016994
0.32685331551016994
0.3268780111096826
0.32685331551016994
0.32685331551016994
0.32685331551016994
0.32685331551016994
0.32685331551016994
0.3297985641965977
0.32685331551016994
0.32685331551016994
0.3268709475934026
0.3268780111096826
0.32685331551016994
0.32685331551016994
0.32685331551016994
0.32693628333209773
0.523874435592361
0.32685331551016994
0.32839844149697445
0.3268773888075124
0.3268956431929153
0.32685331551016994
0.34654968327783275
0.951017817254375
0.523874435592361
0.3268780111096826
0.32685331551016994
0.32685331551016994
0.3292594035902798
0.3268526932079997
0.3274143694748356
0.32685331551016994
0.3268526932079997
0.32685331551016994
0.3268780111096826
0.32685331551016994
0.7957371859598362
1.452770447953895
0.32741444423272004
0.3268780111096826
0.32685331551016994
0.32685331551016994
0.3268780111096826
0.3268780111096826
0.32685331551016994
0.32685331551016994
0.3268780111096826
0.32685331551016994
0.34657437887734543
0.32685331551016994
0.32923470799076704
0.33853816948181015
0.3268773888075124
0.32857866224046145
0.32685331551016994
0.32685331551016994
0.32685331551016994
0.3278990000831851
0.553492285786112
0.32685331551016994
0.32685331551016994
0.32977394335496946
0.3268526932079997
0.32685331551016994
0.32685331551016994
0.32685331551016994
0.3475619538703255
0.32685331551016994
0.32685331551016994
0.3274390650743483
0.32685331551016994
0.33853816948181015
0.32685331551016994
0.5668296562675345
0.32685331551016994
0.32685331551016994
0.3268780111096826
0.32685331551016994
0.3268780111096826
0.3268780111096826
0.32685331551016994
0.3268773888075124
0.32685331551016994
1.4414519174468279
0.32685331551016994
0.32685331551016994
0.32685331551016994
0.32685331551016994
0.7957371859598362
0.3268780111096826
0.3268780111096826
0.3268533902680544
0.32685331551016994
0.3268780111096826
0.32839844149697445
0.3268780111096826
0.32685331551016994
0.32685331551016994
0.32685331551016994
0.32685331551016994
0.32685331551016994
0.32685331551016994
0.32741444423272004
0.32685331551016994
0.3268533902680544
0.3488363577606395
0.3268956431929153
0.3268526932079997
0.3268780111096826
0.32839844149697445
0.32685331551016994
0.32685331551016994
0.32685331551016994
1.724181007386101
0.32685331551016994
0.3268533902680544
0.3268780111096826
0.3268780111096826
0.32685331551016994
0.3268956431929153
0.32685331551016994
0.327456697157581
0.32685331551016994
0.32685331551016994
0.3385382442396946
0.3268709475934026
0.32685331551016994
0.32685331551016994
0.32685331551016994
0.32685331551016994
0.32685331551016994
0.32691151297470056
0.32685331551016994
0.3268780111096826
0.3285886732442594
0.3268533902680544
