0.32685276796588414
1.4414395809566978
1.4414405447400374
0.3268526932079997
0.3268526932079997
0.3268526932079997
0.3268526932079997
0.32685276796588414
0.3268526932079997
0.3268526932079997
0.32685331551016994
0.3268526932079997
0.3268773888075124
0.32685331551016994
0.32685331551016994
0.3268526932079997
0.3268526932079997
0.3268526932079997
0.3268526932079997
0.3268526932079997
0.3268703252912324
0.3268526932079997
0.32685276796588414
0.3268526932079997
0.4250079454255554
0.32685331551016994
0.32685331551016994
0.3268526932079997
0.32685331551016994
0.32685331551016994
0.32685331551016994
0.32685331551016994
0.7957640537600177
0.32685331551016994
0.32685276796588414
0.3268526932079997
0.3268533902680544
0.32685331551016994
0.32685331551016994
0.32685331551016994
0.3268526932079997
0.3547235735017491
0.32685331551016994
0.32685331551016994
0.3268526932079997
0.32685331551016994
0.3268533902680544
0.3268526932079997
0.3268526932079997
0.3268533902680544
0.3268703252912324
0.32685331551016994
0.3268526932079997
0.3268526932079997
0.32685331551016994
0.3268526932079997
0.32685276796588414
0.3268526932079997
0.32685331551016994
0.3268526932079997
0.32685331551016994
0.32685331551016994
0.3268526932079997
0.3268526932079997
0.329773868597085
0.3268526932079997
0.32685331551016994
0.32685331551016994
0.32685331551016994
0.32685331551016994
0.3268526932079997
0.32685331551016994
0.32685276796588414
0.3292246969869691
0.3268526932079997
0.32685331551016994
0.326935586272043
0.3268526932079997
0.3268526932079997
0.3268526932079997
0.32685276796588414
0.7957640537600177
0.32685331551016994
0.3268526932079997
0.3268526932079997
0.32685331551016994
0.3268526932079997
0.32685331551016994
0.3268533902680544
0.32685331551016994
0.3269108906725303
0.32685276796588414
0.32685276796588414
0.3268526932079997
0.3385375471796399
0.32685276796588414
0.32685331551016994
0.3268526932079997
0.32842526465256483
0.32685331551016994
0.3268526932079997
0.3268526932079997
0.32685331551016994
0.3268526932079997
0.32685331551016994
0.32685331551016994
0.32685331551016994
0.35472295119957886
0.3268526932079997
0.3268709475934026
0.32685331551016994
0.3268526932079997
0.32685331551016994
0.3268526932079997
0.32685331551016994
0.32685331551016994
0.3268526932079997
0.32685331551016994
0.3268703252912324
0.32685276796588414
0.3268533902680544
0.32685331551016994
0.32685331551016994
1.4414395809566978
0.3268526932079997
0.32685331551016994
0.3268709475934026
0.32685331551016994
0.3269362085742133
0.3268533902680544
0.32685331551016994
0.3268526932079997
0.32685331551016994
0.3268533902680544
0.553492285786112
0.3268533902680544
0.3268526932079997
0.3268526932079997
0.3268526932079997
0.32784080261865445
0.3268526932079997
0.3268526932079997
0.3268526932079997
0.32685331551016994
0.32784025507436865
0.32685331551016994
0.32685331551016994
0.3268526932079997
0.3268709475934026
0.32685331551016994
0.3268533902680544
0.32685331551016994
0.32685331551016994
0.5668296562675345
0.3268526932079997
0.32685331551016994
0.3268526932079997
0.329773868597085
0.3268526932079997
0.32685331551016994
0.3268533902680544
0.32685331551016994
0.32685331551016994
0.3268526932079997
0.32685331551016994
0.3268526932079997
0.3268526932079997
0.3268533902680544
0.3268526932079997
0.32685331551016994
0.32685276796588414
0.32685331551016994
1.4414395809566978
0.32685331551016994
0.32685331551016994
0.3268526932079997
0.32685331551016994
0.3268526932079997
0.3471107372424984
0.32685276796588414
0.3268526932079997
0.3268526932079997
0.3268526932079997
0.32685331551016994
0.32685331551016994
0.32863693446287656
0.32685331551016994
0.32685331551016994
0.3547235735017491
0.32784080261865445
0.32685331551016994
0.3268526932079997
0.3268526932079997
0.3268526932079997
0.32685331551016994
0.3561166417036884
0.32685276796588414
0.32685331551016994
0.32685331551016994
0.3268526932079997
0.32685276796588414
0.3269291450579333
0.32685331551016994
0.32685331551016994
0.3268526932079997
0.32685331551016994
0.32685331551016994
0.3268709475934026
0.32685331551016994
0.32685331551016994
0.32685276796588414
0.3268533902680544
0.3268526932079997
0.3268526932079997
0.32685331551016994
0.32685331551016994
0.3268709475934026
0.32685331551016994
0.3289581317822853
0.33813127018454825
0.3286615553045048
0.3268526932079997
0.3268526932079997
0.32685331551016994
0.32864687070879006
0.32685331551016994
0.32685331551016994
0.32685331551016994
0.32839844149697445
0.3268526932079997
0.3268526932079997
0.32685331551016994
0.326935586272043
0.3268526932079997
0.32685331551016994
1.4414395809566978
0.3268709475934026
0.3268526932079997
0.32685331551016994
0.32685331551016994
0.3268526932079997
0.32685331551016994
0.33853816948181015
0.3268526932079997
0.3268533902680544
0.3268526932079997
0.3268526932079997
0.3268526932079997
0.32685331551016994
0.3381299798642556
0.3268533902680544
0.3268526932079997
0.32685276796588414
0.3268526932079997
0.3268526932079997
0.3268709475934026
0.32685331551016994
0.3268526932079997
0.3268703252912324
0.3268533902680544
0.3268526932079997
0.3268526932079997
0.3268526932079997
0.3268526932079997
0.32685331551016994
0.3268526932079997
0.32685331551016994
0.3268533902680544
0.32685276796588414
0.32685331551016994
0.32685331551016994
0.32685331551016994
0.3268703252912324
0.32685331551016994
0.3268526932079997
0.3283978191948042
0.32685331551016994
0.3268703252912324
0.3268526932079997
0.3268526932079997
0.32685331551016994
0.3268526932079997
0.32685331551016994
0.3268526932079997
0.32685331551016994
0.3268526932079997
0.32685331551016994
0.32784025507436865
0.3268526932079997
0.3385375471796399
0.32685276796588414
0.32979087837814747
0.32685331551016994
0.32685331551016994
0.32685331551016994
0.32685331551016994
0.3381293575620853
0.32685331551016994
0.3268526932079997
0.3268526932079997
0.32685331551016994
0.523874435592361
0.32685331551016994
0.3268526932079997
0.32685331551016994
0.32685331551016994
0.32685331551016994
0.3268533902680544
0.3268773888075124
0.3292828944514998
0.32685331551016994
0.32685331551016994
0.32685331551016994
0.32685331551016994
0.32685331551016994
0.3385382442396946
0.32685331551016994
0.3268533902680544
0.3268526932079997
0.32841529444306256
0.3268526932079997
0.3268526932079997
0.3268526932079997
0.32685331551016994
0.3268709475934026
1.4414391584149269
0.32685331551016994
0.3268526932079997
0.3268526932079997
0.3268526932079997
0.32685276796588414
0.32685331551016994
0.3268526932079997
0.5239048928593155
0.3268526932079997
0.32685331551016994
0.32685331551016994
0.3278408773765389
0.3268526932079997
0.32685276796588414
0.3268526932079997
0.32685331551016994
0.32867156630830274
0.3268526932079997
0.3268526932079997
0.32685331551016994
0.3465490609756625
0.32868919839153543
0.32685331551016994
1.4414395809566978
0.3268533902680544
0.32685276796588414
0.3292246969869691
0.32685331551016994
0.3268526932079997
0.32685331551016994
0.32685331551016994
0.32685331551016994
0.3268526932079997
0.3268526932079997
0.3268526932079997
0.3268533902680544
0.3268526932079997
0.3268526932079997
0.3268526932079997
0.3268526932079997
0.32685331551016994
0.3268533902680544
0.3268780111096826
0.3268526932079997
0.3268526932079997
0.3268526932079997
0.32685331551016994
0.3268533902680544
0.3274390650743483
0.3268533902680544
0.3268526932079997
0.3268526932079997
0.3268526932079997
0.3274143694748356
0.3268526932079997
0.3268526932079997
0.32685331551016994
0.3268709475934026
0.32685331551016994
0.3268526932079997
0.32685331551016994
0.32685331551016994
1.435429670068704
0.32685331551016994
0.32685276796588414
0.3268526932079997
0.3268526932079997
0.326935586272043
0.32685276796588414
0.3268526932079997
0.3268526932079997
0.32685331551016994
0.32685276796588414
0.32685331551016994
0.3268526932079997
0.32685276796588414
0.32685331551016994
0.3268526932079997
0.32685331551016994
0.32685331551016994
0.32685331551016994
0.3268526932079997
0.32685276796588414
0.32691151297470056
0.3268526932079997
0.32685331551016994
0.32685331551016994
0.32685276796588414
0.3268526932079997
0.3268526932079997
0.3268526932079997
0.3268526932079997
0.3268533902680544
0.3268526932079997
0.32749726253887895
0.3268703252912324
0.32685331551016994
0.32685331551016994
0.32685331551016994
0.32685331551016994
0.3268533902680544
0.3268526932079997
0.32685331551016994
0.32685331551016994
0.32685331551016994
0.32685331551016994
0.32685331551016994
0.32685331551016994
0.3292246969869691
0.5239048928593155
0.3268526932079997
0.32685331551016994
0.32685331551016994
0.32685331551016994
0.32685331551016994
0.42498659480163115
0.3268533902680544
0.3268526932079997
0.329773868597085
0.32685276796588414
0.3268533902680544
0.3289574208986534
0.3268526932079997
0.3268526932079997
0.3268526932079997
0.5675969959753155
0.32685331551016994
0.32685331551016994
0.3268533902680544
0.3268526932079997
0.3268526932079997
0.3268526932079997
0.3268526932079997
0.3268526932079997
0.3268526932079997
0.3268526932079997
0.32685331551016994
0.32685276796588414
0.3268526932079997
0.32685331551016994
0.3268526932079997
0.3268526932079997
0.32685331551016994
0.32685276796588414
0.3268526932079997
0.32685331551016994
0.32685331551016994
0.32685331551016994
0.3268526932079997
0.3268526932079997
0.3268526932079997
0.32685331551016994
0.32685331551016994
0.32685331551016994
0.3268526932079997
0.3465497580357172
0.32685331551016994
0.3385375471796399
0.3268526932079997
0.32685331551016994
0.3268526932079997
0.3297909531360319
0.3268533902680544
0.3268533902680544
0.32685331551016994
0.32685331551016994
0.32685331551016994
0.3268526932079997
0.3268526932079997
0.32685276796588414
0.3268526932079997
0.32685331551016994
0.3268526932079997
0.3268780111096826
0.3268526932079997
0.3385375471796399
0.32685331551016994
0.32685331551016994
0.32685331551016994
0.3268526932079997
0.3268526932079997
0.3268526932079997
0.3471101149403282
0.32685331551016994
0.32685331551016994
0.32685331551016994
0.32685331551016994
0.3268526932079997
0.3381299798642556
0.3268526932079997
0.32685331551016994
0.3268526932079997
0.3268526932079997
0.32685276796588414
0.3268526932079997
0.3274138219305498
0.32685331551016994
0.32687102235128707
0.3268709475934026
0.5239514266525853
0.3268533902680544
0.35472295119957886
0.3268526932079997
0.3268526932079997
0.32864687070879006
0.32685331551016994
0.32685276796588414
0.32685331551016994
0.3268526932079997
0.3268533902680544
0.3268526932079997
0.7960593030960443
0.3268533902680544
0.3268526932079997
0.3268526932079997
0.3268526932079997
0.32685331551016994
0.32685331551016994
0.32685331551016994
0.3268533902680544
0.891816014960789
0.5239048928593155
0.33853816948181015
0.3268526932079997
0.3268526932079997
0.32685331551016994
0.3268526932079997
0.32685331551016994
0.32685331551016994
0.32685331551016994
0.34654968327783275
0.3268709475934026
0.3268526932079997
0.326911587732585
0.32685331551016994
0.6640101581016485
0.3268526932079997
0.3268526932079997
0.3268526932079997
0.32685331551016994
0.3268526932079997
0.32685331551016994
0.3268526932079997
0.32685331551016994
0.3268533902680544
0.3268526932079997
0.32685331551016994
0.32685331551016994
0.32685331551016994
0.3268533902680544
0.3268526932079997
0.32685331551016994
0.32685331551016994
0.32685331551016994
0.32685331551016994
0.3268533902680544
0.3268526932079997
0.3268526932079997
0.3268526932079997
0.3268709475934026
0.32685331551016994
0.3268526932079997
0.3268533902680544
0.7957640537600177
0.32685331551016994
0.32685331551016994
0.32685331551016994
0.3268526932079997
0.32685331551016994
0.32685331551016994
0.523874435592361
0.42501705206858575
0.3268526932079997
0.3268526932079997
0.3268526932079997
0.3268526932079997
0.32685331551016994
0.5239048928593155
0.32685331551016994
0.3268526932079997
0.32685276796588414
0.3268526932079997
0.32685331551016994
0.3268526932079997
0.3268526932079997
0.3268526932079997
0.5668306098571383
0.3268533902680544
0.3268709475934026
0.32685331551016994
0.32685331551016994
0.33853816948181015
0.3268526932079997
0.3268526932079997
0.32685331551016994
0.32685276796588414
0.3268526932079997
0.3268533902680544
0.32685331551016994
0.32685331551016994
0.3268526932079997
0.3268526932079997
0.32685331551016994
0.32685331551016994
0.32685331551016994
0.3268780111096826
0.3268526932079997
0.32685331551016994
0.32685331551016994
0.32685331551016994
0.3268526932079997
0.3268526932079997
0.32685276796588414
0.3268526932079997
0.32685331551016994
0.3381299798642556
0.3268533902680544
0.5239048928593155
0.32685331551016994
0.32685331551016994
0.32685276796588414
0.3268526932079997
0.3471107372424984
0.32685331551016994
0.32685331551016994
0.3268704000491168
0.32977394335496946
0.3268526932079997
0.32685331551016994
0.5822683525031688
1.4414391584149269
0.32685276796588414
0.3268533902680544
0.32685331551016994
0.32685331551016994
0.732233534221579
0.3268703252912324
0.3268526932079997
0.326935586272043
0.7957888241174149
0.3268533902680544
0.3268533902680544
0.3268526932079997
0.3268526932079997
0.34711081200038285
0.32685331551016994
0.3268526932079997
0.3268526932079997
0.32685331551016994
0.3268526932079997
0.32685331551016994
0.3268526932079997
0.32685331551016994
0.3268526932079997
0.3268526932079997
0.3268526932079997
0.32685331551016994
0.32685331551016994
0.3268526932079997
0.3268526932079997
0.3268526932079997
0.32685331551016994
0.32685331551016994
0.3268526932079997
0.5668306098571383
0.3268526932079997
0.32685331551016994
0.32685331551016994
0.3268526932079997
0.33821232538401313
0.3268526932079997
0.523874435592361
0.3268526932079997
0.3268533902680544
0.34654968327783275
0.32685331551016994
0.7957640537600177
0.32685331551016994
0.3268526932079997
0.32685331551016994
0.3268526932079997
0.3268533902680544
0.3268526932079997
0.3268526932079997
0.32685276796588414
0.3268526932079997
0.3268526932079997
0.8912319881690218
0.32685276796588414
0.3268526932079997
0.32685331551016994
0.3268526932079997
0.3268526932079997
0.32685331551016994
0.3268533902680544
0.32685331551016994
0.3268526932079997
0.32685331551016994
0.32685331551016994
0.32685331551016994
0.32685331551016994
0.3268533902680544
0.3268526932079997
0.32685276796588414
0.3268526932079997
0.32685331551016994
0.3268533902680544
0.3268526932079997
0.3268533902680544
0.3268526932079997
0.3268526932079997
0.32685331551016994
0.3268526932079997
0.3385375471796399
0.32685331551016994
0.3268526932079997
0.3268526932079997
0.32685331551016994
0.329773868597085
0.3268526932079997
0.3547235735017491
0.32685276796588414
0.32685331551016994
0.32685276796588414
0.32685331551016994
0.3381294323199697
0.3268526932079997
0.3268533902680544
0.3268526932079997
0.32685331551016994
0.32685331551016994
1.4414501097169305
0.32685331551016994
0.32685331551016994
0.3268526932079997
0.32685331551016994
0.32685276796588414
0.3547235735017491
0.3268533902680544
0.33813005462214
0.32685331551016994
0.32685276796588414
0.32685276796588414
0.32685276796588414
0.32685331551016994
0.3268526932079997
0.32685331551016994
0.32685276796588414
0.3268533902680544
0.3268526932079997
0.32685331551016994
0.3268533902680544
0.32685331551016994
0.3268526932079997
0.32685276796588414
0.3268526932079997
0.32685331551016994
0.32685331551016994
0.3268533902680544
0.523874435592361
0.3268526932079997
0.32685331551016994
0.3465490609756625
0.7957371859598362
0.3268526932079997
0.3268780111096826
0.32685331551016994
0.32741444423272004
0.32685331551016994
0.32685331551016994
0.32685331551016994
0.32685331551016994
0.32685276796588414
0.32685331551016994
0.3268526932079997
0.5239048928593155
0.32685276796588414
0.3268533902680544
0.3268780111096826
0.3268703252912324
0.32685331551016994
0.32685331551016994
0.32685331551016994
0.32685331551016994
0.3274143694748356
0.32685331551016994
0.32685331551016994
0.32685331551016994
0.32685276796588414
0.3268526932079997
0.32685331551016994
0.32685331551016994
0.32685276796588414
0.3268526932079997
0.3268526932079997
0.32685331551016994
0.3268526932079997
0.32867156630830274
0.3268526932079997
0.32685331551016994
0.3268703252912324
0.3268709475934026
0.3268526932079997
0.3269362085742133
0.3268533902680544
0.32685331551016994
0.3268773888075124
0.32685331551016994
0.32685276796588414
0.32685331551016994
0.3268533902680544
0.32685331551016994
0.3268526932079997
0.3268703252912324
0.3268526932079997
0.3268533902680544
0.32685331551016994
0.32685331551016994
0.3268703252912324
0.32685276796588414
0.9504664068299455
0.3268526932079997
0.32685331551016994
0.3268526932079997
0.32685331551016994
0.32685331551016994
0.3268526932079997
0.3268526932079997
0.32979087837814747
0.32685331551016994
0.32685331551016994
0.4556367676312249
0.523874435592361
0.32784080261865445
0.32685331551016994
0.3381299798642556
0.3268526932079997
0.32685331551016994
0.32685331551016994
0.3268526932079997
0.3268526932079997
0.79605922833816
0.3268526932079997
0.3268526932079997
0.32685276796588414
0.3268526932079997
0.3274320015580683
0.5822848246760138
0.3268526932079997
0.3268526932079997
0.3268526932079997
0.32685331551016994
0.3268526932079997
0.33853816948181015
0.32685331551016994
0.5668283563853936
0.32685331551016994
0.3268526932079997
0.32685331551016994
0.4250177629522176
0.3274143694748356
0.32685331551016994
0.32685331551016994
0.3268526932079997
0.3268526932079997
0.3268526932079997
0.3268526932079997
0.32685331551016994
0.3268526932079997
0.32685331551016994
0.3471107372424984
0.5534923605439964
0.3268526932079997
0.32685331551016994
0.3297915006803177
0.32685331551016994
0.32685331551016994
0.32685331551016994
0.32685331551016994
0.329773868597085
0.32685331551016994
0.3268526932079997
0.3547228764416944
0.32685331551016994
0.32685276796588414
0.32685331551016994
0.32687102235128707
0.3278401803164842
0.32685331551016994
0.3268526932079997
0.32685331551016994
1.6422925832807038
0.32685331551016994
0.3268526932079997
0.3268526932079997
1.4414505322587012
0.32685331551016994
0.3268709475934026
0.32685331551016994
0.32685331551016994
0.3268526932079997
0.3268526932079997
0.3268526932079997
0.3268526932079997
0.32685331551016994
0.3268533902680544
0.3268526932079997
0.3268533902680544
0.32685276796588414
0.3268526932079997
0.3268526932079997
0.32685331551016994
1.4414514960420408
0.33813127018454825
0.32685331551016994
0.3268709475934026
0.32685331551016994
0.32685331551016994
0.32685331551016994
0.3268526932079997
0.5534923605439964
0.3268526932079997
0.32685331551016994
0.3268533902680544
0.7957371859598362
0.32685331551016994
0.32685331551016994
0.3268526932079997
0.32685331551016994
0.3268526932079997
0.553492285786112
0.3268533902680544
0.32685331551016994
0.3268526932079997
0.3268526932079997
0.32685331551016994
0.32685331551016994
0.3268526932079997
0.3268533902680544
0.3268526932079997
0.3268703252912324
0.3268533902680544
0.32685276796588414
0.32685331551016994
0.32685276796588414
0.32685331551016994
0.3268526932079997
0.42425582996237565
0.32685276796588414
0.32685331551016994
0.32685276796588414
0.32685331551016994
0.3268526932079997
0.34711081200038285
0.32685331551016994
0.3268526932079997
0.3268526932079997
0.3268526932079997
0.7957372607177207
0.3268526932079997
0.32685276796588414
0.3268526932079997
0.35472349874386466
0.32685331551016994
0.3268533902680544
0.3268533902680544
0.3268526932079997
0.3268526932079997
0.32685331551016994
0.32685331551016994
0.3381299798642556
0.3268533902680544
0.3268526932079997
0.3268526932079997
