0.32687102235128707
0.3268533902680544
0.32687102235128707
0.3547235735017491
0.32687102235128707
0.3268533902680544
0.3268709475934026
0.32685331551016994
0.32687102235128707
0.32685331551016994
0.3268533902680544
0.3268533902680544
0.3271599523570031
0.3268533902680544
0.3268533902680544
0.32685331551016994
0.3268533902680544
0.3268533902680544
0.3268533902680544
0.3268533902680544
0.32687102235128707
0.3268533902680544
0.3268533902680544
0.3268533902680544
0.3268533902680544
0.3268533902680544
0.8913204808390547
0.3268533902680544
0.3268533902680544
0.3268533902680544
0.3268533902680544
0.3268533902680544
0.3465673901189499
0.3268533902680544
0.3268533902680544
0.3268533902680544
0.32685331551016994
0.3268533902680544
0.3268533902680544
0.3268533902680544
0.32687102235128707
1.4414510735002701
0.3268533902680544
0.32839915238060635
0.3268533902680544
0.3268533902680544
0.32689571795079975
0.3268533902680544
1.4414510735002701
0.3268533902680544
0.32685331551016994
0.3268533902680544
0.3465497580357172
0.3385395345599872
0.326911587732585
0.3268533902680544
0.32977394335496946
0.3268533902680544
0.32685331551016994
0.3268533902680544
0.32685331551016994
0.32687102235128707
0.32685331551016994
0.3268533902680544
0.3268533902680544
0.32687102235128707
0.32687102235128707
0.3268533902680544
0.3268533902680544
0.3268533902680544
0.32685331551016994
0.3268533902680544
0.3268533902680544
0.3268533902680544
0.3268533902680544
0.3471283693257311
0.3268533902680544
0.3268533902680544
0.3268533902680544
0.3268533902680544
0.32687102235128707
0.3268533902680544
0.3268533902680544
0.32687102235128707
0.3268533902680544
0.3268533902680544
0.32685331551016994
0.3385382442396946
0.3268533902680544
0.34656771635802
0.3268533902680544
0.32685331551016994
0.3268533902680544
0.3268533902680544
0.3268704000491168
0.3268533902680544
0.32687102235128707
0.7960324352958629
1.4414510735002701
0.32685331551016994
0.3381293575620853
0.3268533902680544
0.3268533902680544
0.3268533902680544
0.3268533902680544
0.3268533902680544
0.3268533902680544
0.3268533902680544
0.3268533902680544
0.3268533902680544
0.32687102235128707
0.3268533902680544
0.3268533902680544
0.3268533902680544
0.3268533902680544
0.326911587732585
0.3268533902680544
0.3268533902680544
0.3268533902680544
0.3268533902680544
0.3268533902680544
0.3278408773765389
1.4414510735002701
0.3268533902680544
0.32685331551016994
0.33853816948181015
0.3268533902680544
0.3268533902680544
0.3268533902680544
0.3268533902680544
0.32687102235128707
0.32685331551016994
0.3268533902680544
0.3385382442396946
0.3268533902680544
0.3268533902680544
0.3268533902680544
0.3268704000491168
0.3268533902680544
0.3268533902680544
0.34711081200038285
0.3268533902680544
0.3268533902680544
0.3268709475934026
0.3268533902680544
0.3268533902680544
0.3268533902680544
0.3268533902680544
0.3268533902680544
0.32687102235128707
0.3268533902680544
0.3268533902680544
0.32687102235128707
0.3268533902680544
0.3268533902680544
0.3465684272416519
0.32685331551016994
0.3268533902680544
0.3268533902680544
0.32693628333209773
0.9505548994999785
0.3268533902680544
0.3268533902680544
0.3268533902680544
0.3268533902680544
0.7957372607177207
0.3278408773765389
0.34711081200038285
0.3268533902680544
0.3268533902680544
0.3268533902680544
0.3268533902680544
0.3268533902680544
0.32685331551016994
0.32685331551016994
0.329773868597085
0.5668470820299834
0.3268533902680544
0.32685331551016994
0.32687102235128707
0.3268533902680544
0.32685331551016994
0.3268533902680544
0.3268533902680544
0.3274320763159527
0.32687102235128707
0.3268533902680544
0.3268533902680544
0.3268533902680544
0.3292246969869691
0.32839915238060635
0.3268704000491168
0.3268533902680544
0.32861344360165656
0.3268533902680544
0.3268533902680544
0.32685331551016994
0.3268533902680544
0.3268533902680544
0.3268533902680544
0.3278408773765389
0.3268533902680544
0.3268533902680544
0.32685331551016994
0.3268533902680544
0.3268533902680544
0.3268533902680544
0.3268533902680544
0.3268533902680544
0.34711081200038285
0.3268533902680544
0.3268533902680544
0.32687102235128707
0.3268533902680544
0.9804003003294159
0.3268533902680544
0.32685331551016994
0.3268533902680544
0.3268533902680544
0.32687102235128707
0.32685331551016994
0.3268533902680544
0.3268533902680544
0.3268533902680544
0.3268533902680544
0.3268533902680544
0.3268533902680544
0.32687102235128707
0.3268533902680544
0.3268533902680544
0.3268533902680544
0.3268533902680544
0.32685331551016994
0.32687102235128707
0.32685331551016994
0.3268533902680544
0.3268533902680544
0.3268533902680544
0.3268533902680544
0.3268533902680544
0.3268533902680544
0.32693628333209773
0.32685331551016994
0.3268533902680544
0.32685331551016994
0.3268533902680544
0.3268533902680544
0.3268533902680544
0.32687102235128707
0.3268533902680544
0.3268533902680544
0.3268533902680544
0.32687102235128707
0.3268533902680544
0.32685331551016994
0.32687102235128707
0.3268533902680544
0.3268533902680544
0.326911587732585
0.32687102235128707
0.3268533902680544
0.3268533902680544
0.32685331551016994
0.32977394335496946
0.3268533902680544
0.32685331551016994
0.3268533902680544
0.3268533902680544
0.32687102235128707
0.5239210441435151
0.32685331551016994
0.32685331551016994
0.32687102235128707
0.3268533902680544
0.32695384065744604
0.32687102235128707
0.3268533902680544
0.3268533902680544
0.3268533902680544
0.3269362085742133
0.3268533902680544
0.32687102235128707
0.3268533902680544
0.3268533902680544
0.3268709475934026
0.3268709475934026
0.3268533902680544
0.32687102235128707
0.7960323605379784
0.3268533902680544
0.3268533902680544
0.32685276796588414
0.32685331551016994
0.32687102235128707
0.32687102235128707
0.3547412055849818
0.32685331551016994
0.3385382442396946
0.3268533902680544
0.32687102235128707
0.3268533902680544
0.32687102235128707
0.3268533902680544
0.3268533902680544
0.326911587732585
0.3268533902680544
0.3547235735017491
0.32685331551016994
0.3268533902680544
0.3268533902680544
0.3268533902680544
0.3268533902680544
0.32687102235128707
0.3268533902680544
0.3268533902680544
0.32687102235128707
0.3268533902680544
0.3268533902680544
0.3268533902680544
0.3268533902680544
0.3268533902680544
0.8912250209908006
0.32685331551016994
0.3268533902680544
0.32687102235128707
0.32693628333209773
0.3268533902680544
0.3268533902680544
0.3268533902680544
0.3268533902680544
0.32977394335496946
0.3268533902680544
0.3268533902680544
0.32685331551016994
0.32685331551016994
0.3268533902680544
0.3268533902680544
0.3268533902680544
0.3268533902680544
0.32685331551016994
0.3278408773765389
0.3268533902680544
0.3268533902680544
0.3268533902680544
0.3268533902680544
0.32687102235128707
0.3268533902680544
0.3268533902680544
0.3268533902680544
0.3268533902680544
0.32687102235128707
0.3268533902680544
0.3268533902680544
0.3268533902680544
0.3268533902680544
0.3268533902680544
0.32687102235128707
0.3268533902680544
0.3268533902680544
0.3268533902680544
0.32687102235128707
0.32687102235128707
0.32687102235128707
0.3268533902680544
0.3268533902680544
0.3292347827486515
0.3268533902680544
0.3268709475934026
0.3268533902680544
0.32685331551016994
0.3268533902680544
0.3268533902680544
0.3268533902680544
0.32687102235128707
0.3268533902680544
0.32687102235128707
0.3268533902680544
0.3268533902680544
0.326911587732585
0.3268533902680544
0.3268533902680544
0.32687102235128707
0.3268533902680544
0.3268533902680544
0.3465497580357172
0.3268533902680544
0.32685331551016994
0.32687102235128707
0.3268533902680544
0.32685331551016994
0.7960324352958629
0.3268533902680544
0.3268533902680544
0.3268533902680544
0.3268533902680544
0.3268533902680544
0.326911587732585
0.32685331551016994
0.32685331551016994
0.326911587732585
0.7957372607177207
0.3268533902680544
0.3547235735017491
0.3268533902680544
0.3268533902680544
0.3268533902680544
0.3268533902680544
0.3268533902680544
0.3268533902680544
0.3268533902680544
0.3268533902680544
0.3268533902680544
0.32687102235128707
0.32685331551016994
0.32687102235128707
0.3268533902680544
0.326911587732585
0.3268533902680544
0.326911587732585
0.7957372607177207
0.32687102235128707
0.32687808586756706
0.3268533902680544
0.32687102235128707
0.32685331551016994
0.3268533902680544
0.32685331551016994
0.32687102235128707
0.32685331551016994
0.3268533902680544
0.3268533902680544
0.3292347827486515
0.3268533902680544
0.3268709475934026
0.3268533902680544
0.32685276796588414
0.32685331551016994
0.32687102235128707
0.3268533902680544
0.3268533902680544
0.32687102235128707
0.32687102235128707
0.3268533902680544
0.3268533902680544
0.3285887480021438
0.3268533902680544
0.3268533902680544
0.3268533902680544
0.3268533902680544
0.3268533902680544
0.32685331551016994
0.3268533902680544
0.3268533902680544
0.3268533902680544
0.3268709475934026
0.32685331551016994
0.326911587732585
0.3268533902680544
0.3268533902680544
0.3268533902680544
0.3268533902680544
0.32687102235128707
0.3268533902680544
0.3268533902680544
0.32687102235128707
0.3268533902680544
0.3547235735017491
0.3268533902680544
0.32685331551016994
0.44195421576988214
0.3268533902680544
0.3268533902680544
0.3268533902680544
0.3268533902680544
0.3268533902680544
0.3268533902680544
0.3285887480021438
0.3268533902680544
1.4414514960420408
0.7957372607177207
0.32685331551016994
0.3268533902680544
0.3269539154153305
0.3268533902680544
0.32860638008537657
0.3465497580357172
0.32685331551016994
0.32839915238060635
0.3268533902680544
0.3268533902680544
0.8912250209908006
0.3268533902680544
0.3268533902680544
0.3268533902680544
0.3268533902680544
0.3268709475934026
0.3268533902680544
0.3268533902680544
0.3268533902680544
0.3268533902680544
0.3268533902680544
0.32685331551016994
0.3268533902680544
0.5239049676172
0.32685331551016994
0.326911587732585
0.32687102235128707
0.32685331551016994
0.3268533902680544
0.32861344360165656
0.32687102235128707
0.3268533902680544
0.3268533902680544
0.3268533902680544
0.3268533902680544
0.32687102235128707
0.3268533902680544
0.3268533902680544
0.3268533902680544
0.3268533902680544
0.32687808586756706
0.3268533902680544
0.3268533902680544
0.3268533902680544
0.3285887480021438
0.3268533902680544
0.3268533902680544
0.3268533902680544
0.3268533902680544
0.32685331551016994
0.3268533902680544
0.3268533902680544
0.3268533902680544
0.3268533902680544
0.3268533902680544
0.3268533902680544
0.4242565408460075
0.3278408773765389
0.3268533902680544
0.3268533902680544
0.3268533902680544
0.3268533902680544
0.3268533902680544
0.3268533902680544
0.3268704000491168
0.32687102235128707
0.3279167069243023
0.3268533902680544
0.3268533902680544
0.3268533902680544
0.3268533902680544
0.3268533902680544
0.3547235735017491
0.3268533902680544
0.3268533902680544
0.32687102235128707
0.3268533902680544
0.32685331551016994
0.3268533902680544
0.7900594040244066
0.3268533902680544
0.3268533902680544
0.3268533902680544
0.3268533902680544
0.32687102235128707
0.32685331551016994
0.32863107568488925
0.3268533902680544
0.3268533902680544
0.3286133688437721
0.32687102235128707
0.3268533902680544
0.3268533902680544
0.32687102235128707
0.3268533902680544
0.3268533902680544
0.3268533902680544
0.3268533902680544
0.3268533902680544
0.3268709475934026
0.3547235735017491
0.3268533902680544
0.3268533902680544
0.3268533902680544
0.32685331551016994
0.3268533902680544
0.3268533902680544
0.32687102235128707
0.3268533902680544
0.3268533902680544
0.3268533902680544
0.3268533902680544
0.3268533902680544
0.3268533902680544
0.32685276796588414
0.3268533902680544
0.3268533902680544
0.32685276796588414
0.32687102235128707
0.7960324352958629
0.32685331551016994
0.3391175417306245
0.3268533902680544
0.32685331551016994
0.326911587732585
0.3268533902680544
0.32977394335496946
0.3268533902680544
0.3268709475934026
0.32687102235128707
0.3268533902680544
0.32687102235128707
0.3268533902680544
0.3268533902680544
0.32685331551016994
0.3268533902680544
0.3268533902680544
0.32685331551016994
0.3268533902680544
0.32685331551016994
0.5668470820299834
0.3268533902680544
0.3268533902680544
0.32685331551016994
0.3268533902680544
0.32687102235128707
0.32685331551016994
0.3268709475934026
0.3268533902680544
0.3268533902680544
0.32685331551016994
0.3268533902680544
0.3268533902680544
0.32687102235128707
0.3268533902680544
0.3268533902680544
0.3268533902680544
0.32691096543041476
0.32687102235128707
0.32687102235128707
0.7957372607177207
0.3268533902680544
0.3268533902680544
0.32687102235128707
0.3268533902680544
0.3268533902680544
0.3385382442396946
0.3268533902680544
0.3268533902680544
0.32685331551016994
0.3268533902680544
0.3285886732442594
0.32864687070879006
0.3285887480021438
0.3268533902680544
0.3268533902680544
0.32687808586756706
0.33813005462214
0.3268533902680544
0.32685331551016994
0.3268533902680544
0.5668306098571383
0.3268533902680544
0.3268533902680544
0.3268533902680544
0.3268533902680544
0.3268533902680544
0.3268533902680544
0.3268533902680544
0.32685276796588414
0.3268533902680544
0.3268533902680544
0.32685331551016994
0.3385382442396946
0.3268533902680544
0.32687102235128707
0.3268533902680544
0.3268533902680544
0.3268533902680544
0.3268533902680544
0.3268533902680544
0.32687102235128707
0.3268533902680544
0.32977394335496946
0.32685276796588414
0.3268533902680544
0.3268533902680544
0.3268533902680544
0.3268533902680544
0.3268533902680544
0.3268533902680544
0.3268533902680544
0.32687102235128707
0.8912250209908006
0.3268526932079997
0.32685331551016994
0.3268533902680544
0.3268533902680544
0.3268533902680544
0.3268533902680544
0.3268533902680544
0.32687102235128707
0.3268533902680544
0.3268533902680544
0.3268533902680544
0.3268533902680544
0.3268533902680544
1.1960396117588488
0.3268533902680544
0.3268533902680544
0.3268533902680544
0.32687808586756706
0.3268533902680544
0.3268533902680544
0.3268533902680544
0.32687808586756706
0.3268533902680544
0.3268533902680544
0.3268709475934026
0.3268533902680544
0.3268533902680544
0.3268533902680544
0.523874435592361
0.3268533902680544
0.32685331551016994
0.3268533902680544
0.3268533902680544
0.3268533902680544
0.32685331551016994
0.3268533902680544
0.3268533902680544
0.32687102235128707
0.3268533902680544
0.3268533902680544
0.3268533902680544
0.3268533902680544
0.3292246969869691
0.3465673901189499
0.3268533902680544
0.32687102235128707
0.32839915238060635
0.3268533902680544
0.3268533902680544
0.32687102235128707
0.32693628333209773
1.4414514960420408
0.3278408773765389
0.3268533902680544
0.3268533902680544
0.3268533902680544
0.3268533902680544
0.32687102235128707
0.3268533902680544
0.32685331551016994
0.3268533902680544
0.3547235735017491
0.3268533902680544
0.3286716410661872
0.3268533902680544
0.3268533902680544
0.3268533902680544
0.3268533902680544
0.35370402551192914
0.32693628333209773
0.3268709475934026
0.3268533902680544
0.35472349874386466
0.3268533902680544
0.32685331551016994
0.8912250209908006
0.3268709475934026
0.3268533902680544
0.32687102235128707
0.3268533902680544
0.3385382442396946
0.3268533902680544
0.3268533902680544
0.3268533902680544
0.32685331551016994
0.3268533902680544
0.3268533902680544
0.3268533902680544
0.32687102235128707
0.3268533902680544
0.32685331551016994
0.32687102235128707
0.3268533902680544
0.33813005462214
0.32687102235128707
0.3268533902680544
0.32687102235128707
0.3268533902680544
0.8912250209908006
0.42427718058629993
0.32687102235128707
0.3268533902680544
0.35472349874386466
0.3268533902680544
0.32687102235128707
1.4414514960420408
0.3268533902680544
0.3268533902680544
0.33813005462214
0.3268533902680544
0.3268533902680544
0.3268533902680544
0.3268533902680544
0.3268533902680544
0.3268533902680544
0.32687102235128707
0.3268533902680544
0.32685331551016994
0.32687102235128707
0.3268533902680544
0.3268533902680544
0.32687102235128707
0.3268533902680544
0.3268533902680544
0.32977394335496946
0.3268533902680544
0.8913204808390547
0.32685331551016994
0.32687102235128707
0.3268533902680544
0.32687102235128707
0.32687102235128707
0.3268709475934026
0.45490671367560126
0.32687102235128707
0.3268533902680544
0.32687102235128707
0.32687102235128707
0.32687102235128707
0.32687102235128707
0.3268533902680544
0.32687102235128707
0.32687102235128707
0.32839915238060635
0.3381299798642556
0.3268533902680544
0.3268533902680544
0.3268533902680544
0.3285887480021438
0.3268533902680544
0.32687102235128707
0.32685331551016994
0.32841600532669446
0.3268533902680544
0.3268533902680544
0.3268533902680544
0.3268533902680544
0.32687102235128707
0.326911587732585
0.32685331551016994
0.3268533902680544
0.3268709475934026
0.3268533902680544
0.3268533902680544
0.3268709475934026
0.3268526932079997
0.3465497580357172
0.3268533902680544
0.32685331551016994
0.32687102235128707
0.3268533902680544
0.3268533902680544
1.4414510735002701
0.3268533902680544
0.3268533902680544
0.3268533902680544
0.32977394335496946
0.3268533902680544
0.32687102235128707
0.32687102235128707
0.3268533902680544
0.3268533902680544
0.3268709475934026
0.3268533902680544
0.3268533902680544
0.3268533902680544
0.3268533902680544
0.3268533902680544
0.3268526932079997
0.3268533902680544
0.3268533902680544
0.3268533902680544
0.3268533902680544
0.32685331551016994
0.32687102235128707
0.32685331551016994
0.32685331551016994
0.3268533902680544
0.523874435592361
0.32687102235128707
0.3385382442396946
0.326911587732585
0.3268533902680544
0.32685331551016994
0.3268533902680544
0.3268533902680544
0.3268533902680544
0.32687102235128707
0.3285887480021438
0.3292347827486515
0.32685331551016994
0.3268533902680544
0.3268533902680544
0.3268533902680544
0.3268533902680544
0.32685331551016994
0.5668296562675345
0.3268533902680544
0.3268533902680544
0.3268533902680544
0.3268533902680544
0.3268533902680544
0.326911587732585
0.3268533902680544
0.3268533902680544
0.3268533902680544
0.32784025507436865
0.3268533902680544
0.32841600532669446
0.3268533902680544
0.32687102235128707
0.3268533902680544
0.32922477174485354
0.3268533902680544
0.3268533902680544
0.3268533902680544
0.3268704000491168
0.32685276796588414
0.3268533902680544
0.33909929820436024
0.3268533902680544
0.3268533902680544
0.3268533902680544
0.3268533902680544
0.32685331551016994
0.3268533902680544
0.32687102235128707
0.3268533902680544
0.3268533902680544
0.3268533902680544
0.3268533902680544
0.32687102235128707
0.32687102235128707
0.3268533902680544
0.3268533902680544
0.3268533902680544
0.3547235735017491
0.3268533902680544
0.4468497242395054
0.32687102235128707
0.3268533902680544
0.32687102235128707
0.3268533902680544
0.32784080261865445
0.3268533902680544
0.32687102235128707
0.32687102235128707
0.3268533902680544
0.3268533902680544
0.3268533902680544
0.3268533902680544
0.3268533902680544
0.3268533902680544
0.32861344360165656
0.3285887480021438
0.3268533902680544
0.32685276796588414
0.32685331551016994
0.32685331551016994
0.3268533902680544
0.32685331551016994
0.3268533902680544
0.32685331551016994
0.3268709475934026
0.32693628333209773
0.3292347827486515
0.3268533902680544
0.3268533902680544
0.4242565408460075
0.32687102235128707
0.32687102235128707
0.3268533902680544
0.3268533902680544
0.3268533902680544
0.5238745103502453
0.32685331551016994
0.32685331551016994
0.3268533902680544
0.3268533902680544
0.8912250209908006
0.3268533902680544
0.3268533902680544
0.3268533902680544
0.35472349874386466
0.3268533902680544
0.32685331551016994
