0.3271606581458171
0.3271606581458171
0.3271599523570031
0.32716003584364683
0.32716003584364683
0.34504295250226646
0.32716003584364683
0.32716003584364683
0.32716074672727874
0.32716003584364683
0.327161369029449
0.3271833147707137
0.32716003584364683
0.32716074672727874
0.32716003584364683
0.32716003584364683
0.3271606581458171
0.3271606581458171
0.3271606581458171
0.32716003584364683
0.3271606581458171
0.32716074672727874
0.32716003584364683
0.3271606581458171
0.3271606581458171
0.3271606581458171
0.32716074672727874
0.32716003584364683
0.32717759967336685
0.32716003584364683
0.32716074672727874
0.3271606581458171
0.32716003584364683
0.32716003584364683
0.32717688878973494
0.32716074672727874
0.3271606581458171
0.327161369029449
0.3271606581458171
0.32715861917120104
0.3271606581458171
0.3271606581458171
0.6891028371335574
0.32716003584364683
0.3271592414733713
0.32716003584364683
1.6201823936368973
0.32716003584364683
0.32716003584364683
0.3271593300548329
0.3271606581458171
0.32718393707288396
0.32716003584364683
0.3271840256543456
0.3271606581458171
0.327161369029449
0.32716003584364683
0.32718393707288396
0.3271606581458171
0.3271599523570031
0.3271606581458171
0.32716003584364683
0.327161369029449
0.3271606581458171
0.32716003584364683
0.32716003584364683
0.32716003584364683
0.32716003584364683
0.3271606581458171
0.3271592414733713
0.327161369029449
0.3271606581458171
0.32716003584364683
0.3276227831331741
0.3271592414733713
0.3271606581458171
0.3271592414733713
0.32716003584364683
0.3271606581458171
0.32716074672727874
0.32716003584364683
0.32716003584364683
0.3271606581458171
0.32716003584364683
0.32716003584364683
0.32716003584364683
0.32716003584364683
0.32716003584364683
0.42602905168317107
0.32717751109190524
0.3312000875817169
0.3271606581458171
0.32717688878973494
0.327161369029449
0.32716003584364683
0.3271606581458171
0.32715861917120104
0.32716003584364683
0.3271606581458171
0.3271840256543456
0.32716003584364683
0.35157420194566635
0.3271593300548329
0.3271606581458171
0.32716003584364683
0.32715861917120104
0.32839985816942024
0.32715861917120104
0.3309760956038137
0.32716074672727874
0.32716003584364683
0.3271847314431595
0.3271847314431595
0.32771901524532576
0.3271606581458171
0.3271606581458171
0.32839844149697445
0.3271606581458171
0.32716003584364683
0.3271592414733713
0.3450423302000963
0.3272022066914179
0.3271606581458171
0.327161369029449
0.32716003584364683
0.327161369029449
0.3271606581458171
0.3271606581458171
0.32716074672727874
0.3271606581458171
0.3309760956038137
0.32839985816942024
0.3271606581458171
0.3271606581458171
0.9880720511250425
0.32716003584364683
0.32716003584364683
0.3271606581458171
0.32716003584364683
0.327161369029449
0.32716003584364683
0.32716003584364683
0.32716003584364683
0.32716003584364683
0.32716003584364683
0.3271606581458171
0.32716003584364683
0.32716003584364683
0.327161369029449
0.3515721629710503
0.32716003584364683
0.32716003584364683
0.32716003584364683
0.3271606581458171
0.32716003584364683
0.32716074672727874
0.3276052193034541
0.32716003584364683
0.3271606581458171
0.32716003584364683
0.32716003584364683
0.3271606581458171
0.3271606581458171
0.32716003584364683
0.32716003584364683
0.3271606581458171
0.3271606581458171
0.32716003584364683
0.3271606581458171
0.3271833147707137
0.32716003584364683
0.32716003584364683
0.32716074672727874
0.3638174133331655
0.32716074672727874
0.32716003584364683
0.3271606581458171
0.3271592414733713
0.3271593300548329
0.3271847314431595
0.32716003584364683
0.32716003584364683
0.327161369029449
0.3271592414733713
0.34506560912716316
0.3271606581458171
0.3271592414733713
0.3284231370964871
0.4569252065309294
0.3271833147707137
0.34560130960177515
0.3271606581458171
0.3271592414733713
0.6891861065204556
0.3271606581458171
0.3271606581458171
0.3271592414733713
0.3271606581458171
0.32716003584364683
0.32716003584364683
0.32716003584364683
0.3271606581458171
0.3309746789313679
0.32716003584364683
0.32716003584364683
0.32716003584364683
0.32716003584364683
0.3271606581458171
0.32716003584364683
0.3271606581458171
0.32716074672727874
0.3271606581458171
0.32716074672727874
0.3271606581458171
0.3284167111155084
0.32716003584364683
1.620180763606604
0.32716003584364683
0.32716003584364683
0.3271606581458171
0.32715861917120104
0.32716003584364683
0.689161410920943
0.5298714133537277
0.327161369029449
0.32716074672727874
0.3271606581458171
0.3271606581458171
0.359640038411531
0.32716003584364683
0.3271592414733713
0.32716003584364683
0.32716003584364683
0.6891882787211245
0.3271599523570031
0.32716003584364683
0.3271606581458171
0.33096608460001575
0.3271606581458171
0.3271606581458171
0.327161369029449
0.32716003584364683
0.3271606581458171
0.32716003584364683
0.327161369029449
0.32716003584364683
0.3271606581458171
0.3271833147707137
0.3271606581458171
0.32716003584364683
0.32716003584364683
0.3271606581458171
0.3298320660616157
0.3271592414733713
0.3271606581458171
0.32716003584364683
0.3271606581458171
0.3271606581458171
0.3271606581458171
0.3271606581458171
0.4252982868439156
0.327161369029449
0.32716003584364683
0.3596394161093607
0.3271606581458171
0.7280389726547233
0.3271606581458171
0.32716003584364683
0.3271840256543456
0.32716003584364683
0.32716003584364683
0.3271606581458171
0.32983144375944545
0.32716003584364683
0.3450423302000963
0.3271606581458171
0.3638173247517038
0.327161369029449
0.32716003584364683
0.35157420194566635
0.32717759967336685
0.3309667954836476
0.33096608460001575
0.3312000875817169
0.3271606581458171
0.32716003584364683
1.6201811717063825
0.32716003584364683
0.32717751109190524
0.32716074672727874
0.32715861917120104
0.32717751109190524
0.32716003584364683
0.3271606581458171
0.3271606581458171
0.3271606581458171
0.32717751109190524
0.3271606581458171
0.3271606581458171
0.32716003584364683
0.32716003584364683
0.32716003584364683
0.3271606581458171
0.32716003584364683
0.3271592414733713
0.32760584160562434
0.3271606581458171
0.3271592414733713
0.3271606581458171
0.32716074672727874
0.3271840256543456
0.7419514034777435
1.6201697862055797
0.3271606581458171
0.3271599523570031
0.3271606581458171
0.3503905523747082
0.3271606581458171
0.32716003584364683
0.3271606581458171
0.3271606581458171
0.32716003584364683
0.327719637547496
0.32716003584364683
0.3271606581458171
0.32716003584364683
0.32717688878973494
0.32716003584364683
0.32718393707288396
0.32718464795651586
0.32716074672727874
0.34559989292932936
0.3271606581458171
0.3271833147707137
0.32718393707288396
0.35964012699299264
0.3271606581458171
0.32716003584364683
0.3271606581458171
0.3271840256543456
0.32716003584364683
0.32716003584364683
0.3271592414733713
0.3271606581458171
0.32718393707288396
0.32716003584364683
0.327161369029449
0.32716074672727874
0.32716003584364683
0.32716003584364683
0.32716003584364683
0.32716003584364683
0.3271606581458171
0.3271606581458171
0.32716003584364683
0.32716003584364683
0.3271606581458171
0.32718393707288396
0.327161369029449
0.3271606581458171
0.32716003584364683
0.3271606581458171
0.3271606581458171
0.7278997937962769
0.3271606581458171
0.32716003584364683
0.3271606581458171
0.3271606581458171
0.3271606581458171
0.327161369029449
0.3271592414733713
0.32716003584364683
0.32716003584364683
0.34560264278757735
0.32716003584364683
0.327161369029449
0.3271606581458171
0.327161369029449
0.32771901524532576
0.34560130960177515
0.32716003584364683
0.32716074672727874
0.32716003584364683
0.32716003584364683
0.32716003584364683
0.32716003584364683
1.620170220404379
0.3271593300548329
0.3271606581458171
0.32716003584364683
0.32716003584364683
0.3271606581458171
0.3271606581458171
0.32716074672727874
0.3271606581458171
0.7419760990772561
0.3271833147707137
0.32716003584364683
0.32716003584364683
0.3271592414733713
0.32716074672727874
0.3271606581458171
0.32716074672727874
0.3271833147707137
0.5623849030171197
0.3271606581458171
0.3271606581458171
0.3271606581458171
0.3271592414733713
0.3312000875817169
0.3271606581458171
0.3271606581458171
0.32716003584364683
0.32716003584364683
0.3271606581458171
0.3271592414733713
0.3271606581458171
0.32716074672727874
0.327161369029449
0.32716003584364683
0.3271606581458171
0.3271606581458171
0.32716003584364683
0.3271606581458171
0.32716003584364683
0.327161369029449
0.32717759967336685
0.32716003584364683
0.32716003584364683
0.32716003584364683
0.32717688878973494
0.327161369029449
0.3271606581458171
0.32716074672727874
0.32717751109190524
0.32716074672727874
0.32716003584364683
0.3271592414733713
0.3271606581458171
0.34504295250226646
0.32716003584364683
0.32716003584364683
0.3271606581458171
0.33096608460001575
0.327161369029449
0.32716003584364683
0.3271606581458171
0.3271592414733713
0.3271606581458171
0.3284167111155084
0.32716003584364683
0.3271606581458171
0.327161369029449
0.32716003584364683
0.3271606581458171
0.3271606581458171
0.32716003584364683
0.32716003584364683
0.32716003584364683
0.32716003584364683
0.3271606581458171
0.33119007657791893
0.327161369029449
0.32717688878973494
0.3271592414733713
0.3271840256543456
0.3271606581458171
0.32716003584364683
0.32716003584364683
0.32716003584364683
0.32716003584364683
0.32716003584364683
0.32715861917120104
0.3271606581458171
0.32716003584364683
0.3271606581458171
0.32716003584364683
0.3271606581458171
0.32716003584364683
0.32715861917120104
0.327161369029449
0.32716003584364683
0.32716074672727874
0.32715861917120104
0.32716003584364683
0.32716074672727874
0.32716003584364683
0.32716074672727874
0.3271606581458171
0.32716003584364683
0.32718393707288396
0.32716003584364683
0.32716003584364683
0.3271606581458171
0.32716003584364683
0.32715861917120104
0.32716003584364683
0.3271606581458171
0.3271606581458171
1.620170220404379
0.3271592414733713
0.3271606581458171
0.3271847314431595
0.32716003584364683
0.3271599523570031
0.327161369029449
0.3271606581458171
0.32716003584364683
0.32716074672727874
0.32716003584364683
0.3271606581458171
0.32716003584364683
0.32716003584364683
0.32716003584364683
0.32716074672727874
0.3276065524892562
0.32716003584364683
0.32715861917120104
0.3283999467508819
0.3271606581458171
0.3311886599054731
0.32771901524532576
0.3271606581458171
0.327161369029449
0.32716003584364683
0.3271592414733713
0.3271593300548329
0.3271606581458171
0.7279017068055947
0.32718393707288396
0.32716003584364683
0.32716003584364683
0.3276065524892562
0.32716003584364683
0.32716003584364683
0.327161369029449
0.3271833147707137
0.3271606581458171
0.327161369029449
1.620180763606604
0.32716003584364683
0.3271606581458171
0.3271592414733713
0.3271606581458171
0.32716074672727874
0.3271606581458171
0.3271606581458171
0.32717751109190524
1.620180763606604
0.32718393707288396
0.32716074672727874
0.3271606581458171
0.3271606581458171
0.32716003584364683
0.32716074672727874
0.33096608460001575
0.3596394161093607
0.32716003584364683
0.327161369029449
0.32716003584364683
0.32716003584364683
0.32716003584364683
0.327161369029449
0.5408756958381977
0.327161369029449
0.32715861917120104
0.3456019319039454
0.3271606581458171
0.3271606581458171
0.3271606581458171
0.3271606581458171
0.327161369029449
0.32716003584364683
1.6201811717063825
0.3271606581458171
0.32716003584364683
0.3309760956038137
0.3271592414733713
0.7419527033598842
0.32716074672727874
0.32716003584364683
0.3271606581458171
0.32716003584364683
0.3271606581458171
0.32716074672727874
0.3271592414733713
0.32718393707288396
0.3271606581458171
0.3271592414733713
0.32715861917120104
0.3271606581458171
0.3271606581458171
0.3271606581458171
0.3271606581458171
0.32716003584364683
0.32716003584364683
0.327161369029449
0.32839985816942024
0.3271606581458171
0.32716003584364683
0.3271606581458171
0.32716074672727874
0.32716003584364683
0.32716003584364683
0.3271593300548329
0.3271606581458171
0.3271606581458171
0.32716003584364683
0.32716003584364683
0.32715861917120104
0.3271606581458171
0.3271606581458171
0.32716003584364683
0.32716003584364683
0.3271606581458171
0.32716003584364683
0.3271592414733713
0.327161369029449
0.3271606581458171
0.32716003584364683
0.32716003584364683
0.3271606581458171
0.3271606581458171
0.3271606581458171
0.3271592414733713
0.35964012699299264
0.32716074672727874
0.3271606581458171
0.32716003584364683
0.3271593300548329
0.329773868597085
0.32716003584364683
0.3271606581458171
0.32716074672727874
0.32716003584364683
0.3271606581458171
0.32716003584364683
0.3271606581458171
0.32716003584364683
0.3271606581458171
0.3271606581458171
0.32716003584364683
0.3271606581458171
0.3271606581458171
0.32716074672727874
0.34504091352765043
0.3271606581458171
0.3271606581458171
0.3271606581458171
0.3271606581458171
0.32716003584364683
0.3271593300548329
0.32716074672727874
0.3271606581458171
0.3271599523570031
0.32715861917120104
0.34982957316792695
0.3271606581458171
1.6201698123046004
0.32716074672727874
0.32716074672727874
0.32716074672727874
0.32716003584364683
0.32760380263100825
0.3271606581458171
0.32716003584364683
0.3271606581458171
0.32717759967336685
0.32716003584364683
0.32716003584364683
0.3271606581458171
0.3271833147707137
0.32716003584364683
0.32716003584364683
0.32716003584364683
0.32716003584364683
0.3271606581458171
0.3271606581458171
0.3271606581458171
0.32716003584364683
0.3271606581458171
0.32716003584364683
0.32716003584364683
0.32716074672727874
0.3271833147707137
0.32717688878973494
0.327161369029449
0.32716003584364683
0.32715861917120104
0.32716074672727874
0.32716003584364683
0.32772034843112785
0.3271606581458171
0.32716003584364683
0.3271606581458171
0.32716003584364683
0.3271606581458171
0.3271606581458171
0.3271833147707137
0.3312000875817169
0.3271606581458171
0.3271593300548329
0.32718464795651586
0.32716074672727874
0.32716003584364683
0.3271606581458171
0.3271833147707137
0.32716003584364683
0.3271606581458171
0.3271606581458171
0.32718393707288396
0.32716003584364683
0.32716003584364683
0.32716003584364683
0.32718606462896166
0.32715861917120104
0.32716074672727874
0.3271606581458171
0.3271840256543456
0.32716003584364683
0.327161369029449
0.3271606581458171
0.32716003584364683
0.32716003584364683
0.32716074672727874
0.3271606581458171
0.32716003584364683
0.3271606581458171
0.32716074672727874
0.3271606581458171
0.3271606581458171
0.3271606581458171
0.32716003584364683
0.32716003584364683
0.327161369029449
0.32716003584364683
0.34504295250226646
0.3271606581458171
0.3271606581458171
0.32716003584364683
0.32716003584364683
0.32716003584364683
0.3271606581458171
0.3271606581458171
0.3271606581458171
0.3271606581458171
0.3271606581458171
0.3271606581458171
0.32771901524532576
0.327161369029449
0.32716003584364683
0.3271592414733713
0.327628498230521
0.7420892824540491
0.32716003584364683
0.5298714881116121
0.3271599523570031
0.32716003584364683
0.32716003584364683
0.32716003584364683
0.33096608460001575
0.3271606581458171
0.32716003584364683
0.32716074672727874
0.3271606581458171
0.3271606581458171
0.32716003584364683
0.32716074672727874
0.3271606581458171
0.3271606581458171
0.3271606581458171
0.32760380263100825
0.32716074672727874
0.3271833147707137
0.327161369029449
0.327161369029449
0.32716003584364683
0.32716003584364683
0.32715861917120104
0.32716003584364683
0.32716003584364683
0.3271606581458171
0.327161369029449
0.32718393707288396
0.32716003584364683
0.32716003584364683
0.34504295250226646
0.32715861917120104
0.32716003584364683
0.3271606581458171
0.32716003584364683
0.7280376727725826
0.5624917221220304
0.32716003584364683
0.32715861917120104
0.3271593300548329
0.32716003584364683
0.3271606581458171
1.6201698123046004
0.32716003584364683
0.3271606581458171
0.3271606581458171
0.6891882787211245
0.3271606581458171
0.3271606581458171
0.3271606581458171
0.3271606581458171
0.32716003584364683
0.32718535374532975
0.32716003584364683
0.3271592414733713
0.32715861917120104
0.32716003584364683
0.32716003584364683
0.359640038411531
0.32716003584364683
0.32715861917120104
0.32716003584364683
0.359640038411531
0.32716003584364683
0.327161369029449
0.3271606581458171
0.3271592414733713
0.32716003584364683
0.32716003584364683
0.3271593300548329
0.32716074672727874
0.7419527033598842
0.32716003584364683
0.327161369029449
0.32716074672727874
0.32716003584364683
0.32716003584364683
0.3271592414733713
0.32716003584364683
0.3271606581458171
0.3271606581458171
0.3271606581458171
0.9880415160009
0.32716003584364683
0.32716003584364683
0.32715861917120104
0.32716003584364683
0.32716003584364683
0.32716003584364683
0.32717688878973494
0.3309760956038137
0.3271833147707137
0.3271606581458171
0.3271606581458171
0.3271606581458171
0.32718535374532975
0.3271847314431595
0.32716003584364683
0.3271606581458171
0.32716003584364683
0.3638180356353357
0.3271606581458171
0.3271606581458171
0.32715861917120104
0.32716003584364683
0.3515735796434961
0.3271606581458171
0.32716003584364683
0.32716003584364683
0.3271606581458171
0.3271606581458171
0.3271606581458171
0.32716003584364683
0.7280376727725826
0.3271606581458171
0.32716003584364683
0.3276052193034541
0.3271606581458171
0.32716003584364683
0.3271606581458171
0.32716003584364683
0.327161369029449
0.32716003584364683
0.3271606581458171
0.32716003584364683
0.32716003584364683
0.3271606581458171
0.32716003584364683
0.32716003584364683
0.3271606581458171
0.32716003584364683
0.3272022066914179
0.32716074672727874
0.32716003584364683
0.327719637547496
0.32717688878973494
0.32716003584364683
0.32716074672727874
0.32716003584364683
0.3271833147707137
0.32716003584364683
0.32716003584364683
0.32716003584364683
0.3271606581458171
0.327161369029449
0.3271606581458171
0.3271606581458171
0.32716003584364683
0.3271599523570031
0.3271833147707137
0.3271606581458171
0.32716074672727874
0.3271606581458171
0.5808269904569329
0.32716074672727874
0.3271606581458171
0.3271606581458171
0.32716003584364683
0.32716003584364683
0.32716074672727874
0.3271606581458171
0.32716003584364683
0.9880547593249444
0.3271606581458171
0.3271606581458171
0.32716003584364683
0.3271606581458171
0.327161369029449
0.327161369029449
0.32716003584364683
0.327161369029449
0.32716003584364683
0.32716003584364683
0.32716003584364683
0.32716074672727874
0.3271593300548329
0.5625221046311004
0.32716003584364683
0.3271606581458171
0.32716003584364683
0.3312007984653488
0.3271606581458171
0.32715861917120104
0.423926656535038
0.327161369029449
0.32715861917120104
0.3450423302000963
1.620170220404379
0.32716003584364683
0.3271606581458171
0.3271606581458171
0.32716003584364683
0.327161369029449
0.3271592414733713
0.32716003584364683
0.32716074672727874
0.3271606581458171
0.3283999467508819
0.7279251812652425
0.32716003584364683
0.3271606581458171
0.3271606581458171
0.32716074672727874
0.32716003584364683
0.3271606581458171
0.327161369029449
0.3271606581458171
0.32716003584364683
0.32716003584364683
0.32716003584364683
0.3276052193034541
0.3596394161093607
0.3271606581458171
0.3271606581458171
0.327719637547496
0.32716003584364683
0.32716003584364683
0.32716003584364683
0.3271606581458171
0.32715861917120104
0.32718464795651586
0.3271592414733713
0.34560130960177515
0.3271606581458171
0.7279010936784176
0.3271606581458171
0.3271833147707137
0.3271592414733713
0.3271606581458171
0.32716074672727874
0.3271592414733713
0.32716003584364683
0.32716003584364683
0.3456012261151315
0.32715861917120104
0.33099149108316034
0.32716003584364683
0.3271592414733713
0.3271592414733713
0.327161369029449
0.3271606581458171
0.32716003584364683
0.32716074672727874
0.3271606581458171
