0.3271606581458171
0.32716003584364683
0.3271599523570031
0.32718606462896166
0.32841529444306256
0.32716003584364683
0.3271606581458171
0.3271592414733713
0.3271606581458171
0.3271606581458171
0.32718393707288396
0.3271847314431595
0.3271606581458171
0.32716003584364683
0.327161369029449
0.32716003584364683
0.3271606581458171
0.32716074672727874
0.32715861917120104
0.32716003584364683
0.3271606581458171
0.3271833147707137
0.32716003584364683
0.3271782219755371
0.32718393707288396
0.3271606581458171
0.3271606581458171
0.32716003584364683
0.3271606581458171
0.3271606581458171
0.32715861917120104
0.32715861917120104
0.327161369029449
0.327161369029449
0.32716003584364683
0.32716003584364683
0.32715861917120104
0.32716003584364683
0.3271606581458171
0.3271606581458171
0.327161369029449
0.3271606581458171
0.32718464795651586
0.32715861917120104
0.33122478318122955
0.3271606581458171
0.3271606581458171
0.4561905103477908
0.3271606581458171
0.3271606581458171
0.4252982868439156
0.32717688878973494
0.32716003584364683
0.4252982868439156
0.3271606581458171
0.3271833147707137
0.32718393707288396
0.3271606581458171
0.32716003584364683
0.32716003584364683
0.3271606581458171
0.32716003584364683
1.620170220404379
0.42531963746783985
0.3271606581458171
0.3271606581458171
0.32716003584364683
0.32716003584364683
0.3271606581458171
0.3271592414733713
0.32716003584364683
0.32716003584364683
0.32715861917120104
0.32716003584364683
0.3271833147707137
0.3271606581458171
0.3271606581458171
0.3271606581458171
0.32717751109190524
0.3271833147707137
0.3271606581458171
0.327161369029449
0.327161369029449
0.32716003584364683
0.32716003584364683
0.32716003584364683
0.32715861917120104
0.32716074672727874
0.3271606581458171
1.6201697862055797
0.32716003584364683
0.32715861917120104
0.32716003584364683
0.3271606581458171
0.32716003584364683
0.3271833147707137
0.3271606581458171
0.32771759857287996
0.3310000854145125
0.32716074672727874
0.32718393707288396
0.32715861917120104
0.32716003584364683
0.32717751109190524
0.32716003584364683
0.3271606581458171
0.32715861917120104
0.32716003584364683
0.3271840256543456
0.327161369029449
0.3271606581458171
0.32716074672727874
0.3283999467508819
0.32717751109190524
0.32716074672727874
0.32716003584364683
0.3271606581458171
0.327161369029449
0.3271606581458171
0.32716003584364683
0.32716003584364683
0.32716003584364683
0.327161369029449
0.3271606581458171
0.3271606581458171
0.3271606581458171
0.32716003584364683
0.32716003584364683
0.3271592414733713
0.32716003584364683
0.32716003584364683
0.32716074672727874
0.32716003584364683
0.3271592414733713
0.32771901524532576
0.327161369029449
0.3271606581458171
0.3271592414733713
0.3271606581458171
0.3271606581458171
0.3271833147707137
0.32716003584364683
0.32715861917120104
0.32771901524532576
0.32716074672727874
0.32716003584364683
0.32716003584364683
0.3271606581458171
0.32840056905305215
0.3271847314431595
0.32718535374532975
0.327161369029449
0.32716003584364683
0.3271606581458171
0.32716074672727874
0.32716003584364683
0.32716003584364683
0.3271592414733713
0.9880799718928676
0.32716003584364683
0.32716003584364683
0.3450423302000963
0.327161369029449
0.32715861917120104
0.3271606581458171
0.32716003584364683
0.3271833147707137
0.3271606581458171
0.32716003584364683
0.3271833147707137
0.7280617603594074
0.32718393707288396
0.32716003584364683
0.3271606581458171
0.32716003584364683
0.32716003584364683
0.32716003584364683
0.32715861917120104
0.32716003584364683
0.3271606581458171
0.3312000875817169
0.32716003584364683
0.327161369029449
0.327161369029449
0.3271606581458171
0.7419514034777435
0.3271606581458171
0.32717547211728915
0.3271606581458171
0.32716003584364683
0.32716003584364683
0.327161369029449
0.3271606581458171
0.32715861917120104
0.32716003584364683
0.3271606581458171
0.32718535374532975
0.3271606581458171
0.32716003584364683
0.3271606581458171
0.32716074672727874
0.3271606581458171
0.327161369029449
0.32716003584364683
0.32716003584364683
0.32718393707288396
0.32716003584364683
0.9880720511250425
0.32716003584364683
0.32716003584364683
0.33099078019952843
0.3271606581458171
0.32715861917120104
0.327161369029449
0.3271606581458171
0.32716003584364683
0.32715861917120104
0.3271606581458171
0.327161369029449
0.3450423302000963
0.32716003584364683
0.32716003584364683
0.32716074672727874
0.3271606581458171
0.3271606581458171
0.3271606581458171
0.32716003584364683
0.3271606581458171
0.32716003584364683
0.32716003584364683
0.32716003584364683
0.32716003584364683
0.327161369029449
0.32716074672727874
0.32716003584364683
0.32715861917120104
0.3271606581458171
0.3271606581458171
0.562522179388985
0.32716003584364683
0.3271606581458171
0.32716003584364683
0.351574290527128
0.32771893175868205
0.327161369029449
0.32716003584364683
0.3271606581458171
0.32716003584364683
0.32716003584364683
0.32716003584364683
0.3271606581458171
0.3271606581458171
0.32718535374532975
0.3271840256543456
0.327161369029449
0.3271606581458171
0.3271606581458171
0.32716003584364683
0.3271592414733713
0.3271606581458171
0.32716003584364683
0.3271606581458171
0.32716003584364683
0.3271606581458171
0.3271606581458171
0.32716003584364683
0.32716003584364683
0.32718393707288396
0.32718393707288396
0.32716074672727874
0.3271606581458171
0.32716003584364683
0.3271606581458171
0.32718464795651586
0.32716003584364683
0.32716074672727874
0.32716003584364683
0.3271592414733713
0.3271833147707137
0.327161369029449
0.3271833147707137
0.32716003584364683
0.32716003584364683
0.32716003584364683
0.3271606581458171
0.3271606581458171
0.3271592414733713
0.32716074672727874
0.3271606581458171
0.327161369029449
0.32715861917120104
0.32715861917120104
0.32716074672727874
0.32716003584364683
0.5624916473641459
0.32716003584364683
0.32716003584364683
0.32716003584364683
0.32716003584364683
0.32716003584364683
0.3271606581458171
0.3271606581458171
0.3271606581458171
0.3596394161093607
0.32716003584364683
0.3271599523570031
0.3271606581458171
0.3271592414733713
0.32716003584364683
0.32716003584364683
0.32716003584364683
0.32716074672727874
0.32715861917120104
0.3271606581458171
0.3271592414733713
0.32717688878973494
0.3271606581458171
0.32716074672727874
0.3271606581458171
0.3271606581458171
0.3271606581458171
0.3271606581458171
0.32716074672727874
0.32716003584364683
0.32716003584364683
0.32716074672727874
0.32715861917120104
0.3271592414733713
0.32716074672727874
0.3271606581458171
0.32718535374532975
0.327719637547496
0.32715861917120104
0.32716003584364683
0.327161369029449
0.327161369029449
0.7278997937962769
0.32716003584364683
0.327161369029449
0.3271606581458171
0.32716003584364683
0.32716003584364683
0.32715861917120104
0.32716003584364683
0.32715861917120104
0.327161369029449
0.32716003584364683
0.3271606581458171
0.3271606581458171
0.33119007657791893
0.32716003584364683
0.32716074672727874
0.32716003584364683
0.32716003584364683
0.3271606581458171
0.32716074672727874
0.3271606581458171
0.3271606581458171
0.3515749128292982
0.3271606581458171
0.3271606581458171
0.3271606581458171
0.3271606581458171
0.32716003584364683
0.3271606581458171
0.32716003584364683
0.3271592414733713
0.3271606581458171
0.32716003584364683
0.32716003584364683
0.3271606581458171
0.32716074672727874
0.3271606581458171
0.3271599523570031
0.32716003584364683
0.32716003584364683
0.32716074672727874
0.32716003584364683
0.3271606581458171
0.32716003584364683
0.32716003584364683
0.3271606581458171
0.3271606581458171
0.32716003584364683
1.6201698123046004
0.32716003584364683
0.3271606581458171
0.3271606581458171
0.3271606581458171
0.3271606581458171
0.32716074672727874
0.3271606581458171
0.32716003584364683
0.32716003584364683
0.3271606581458171
0.3271847314431595
0.3271606581458171
0.32716003584364683
0.32716003584364683
0.351574290527128
0.32716003584364683
0.32716003584364683
0.32716074672727874
0.32716003584364683
0.32716003584364683
0.3271606581458171
0.3271606581458171
0.32716003584364683
0.32716003584364683
0.32716003584364683
0.32716003584364683
0.32716003584364683
0.33096466792756996
0.32716003584364683
0.3596394161093607
0.3271606581458171
0.327161369029449
0.3271592414733713
0.32716074672727874
0.32716003584364683
0.32716003584364683
0.32716003584364683
0.32716003584364683
0.32715861917120104
0.3271606581458171
0.3271606581458171
0.3271606581458171
0.32716003584364683
0.32716003584364683
0.32716074672727874
0.32716003584364683
0.32716003584364683
0.3271606581458171
0.3271606581458171
0.32716003584364683
0.32716003584364683
0.3271606581458171
0.3271592414733713
0.327161369029449
0.3271606581458171
0.32716003584364683
0.6891889896047564
0.32715861917120104
0.32715861917120104
0.3271606581458171
0.32715861917120104
0.327161369029449
0.32716003584364683
0.32715861917120104
0.32716003584364683
0.3271606581458171
0.3271606581458171
0.3271606581458171
0.32716003584364683
0.5297646690067014
0.32716003584364683
0.3271606581458171
0.32716003584364683
0.34560264278757735
0.35157420194566635
0.32715861917120104
0.3271606581458171
0.3271606581458171
0.32716074672727874
0.32716003584364683
0.32716003584364683
0.3271606581458171
0.32716003584364683
0.3271833147707137
0.3271606581458171
0.32716003584364683
0.32716003584364683
0.32716003584364683
0.3271606581458171
0.32716003584364683
0.3271606581458171
0.32717751109190524
0.3271599523570031
0.3271606581458171
0.32716003584364683
0.32716003584364683
0.3271592414733713
0.3271592414733713
0.32716003584364683
0.7547560679809581
0.3271592414733713
0.32716003584364683
0.32716003584364683
0.32716003584364683
0.32716003584364683
0.3271606581458171
0.32716003584364683
0.32717688878973494
0.32983144375944545
0.32716003584364683
1.6201819594380982
0.3271606581458171
0.32716003584364683
0.32716003584364683
0.32716003584364683
0.32717688878973494
0.3271606581458171
0.3284231370964871
0.32716003584364683
1.6201697862055797
0.3284167111155084
0.3271606581458171
0.3271606581458171
0.32716003584364683
0.32716003584364683
0.32716003584364683
0.32717688878973494
0.3271606581458171
0.32716074672727874
0.32716003584364683
0.3271606581458171
0.3271606581458171
0.3271606581458171
0.32716003584364683
0.32716074672727874
0.5624916473641459
0.3271606581458171
0.32716074672727874
0.32716003584364683
0.32716003584364683
0.3271606581458171
0.32715861917120104
0.327161369029449
0.3271606581458171
0.3271606581458171
0.327161369029449
0.3271840256543456
0.32716003584364683
0.32716003584364683
0.32716003584364683
0.32716003584364683
0.3271606581458171
0.32716003584364683
0.32718393707288396
0.3271606581458171
0.32715861917120104
0.327161369029449
0.3271606581458171
0.32716074672727874
0.32718393707288396
0.32716003584364683
0.32716003584364683
0.327161369029449
0.32716003584364683
0.32716003584364683
0.3271606581458171
0.32716003584364683
0.3271606581458171
0.327161369029449
0.3271592414733713
0.5624916473641459
0.32716003584364683
0.32716003584364683
0.32716003584364683
0.327161369029449
0.32716003584364683
0.3271606581458171
0.32715861917120104
0.3271606581458171
0.3271606581458171
0.3271606581458171
0.3271592414733713
0.32716003584364683
0.3271606581458171
0.32716003584364683
0.3271606581458171
0.3271606581458171
0.3271592414733713
0.3271606581458171
0.3309993745308806
0.32716003584364683
0.32716003584364683
0.5625221046311004
0.32716003584364683
0.3271606581458171
0.32716003584364683
0.32716003584364683
0.3271606581458171
0.32716003584364683
0.3271606581458171
0.32716003584364683
0.3271847314431595
0.6902182913087973
0.3271606581458171
0.32716074672727874
0.327161369029449
0.327161369029449
0.3271606581458171
0.3271606581458171
0.32718393707288396
0.327161369029449
0.32716003584364683
0.32716003584364683
0.32716074672727874
0.327161369029449
0.33099078019952843
0.32716003584364683
0.3271606581458171
0.32716003584364683
0.3271606581458171
0.32716003584364683
0.32716003584364683
0.32716003584364683
0.32716003584364683
0.3271606581458171
0.32716003584364683
0.32716003584364683
0.3271606581458171
0.32716074672727874
0.32716003584364683
0.3271606581458171
0.3271606581458171
0.3271606581458171
0.32716003584364683
0.32716003584364683
0.3271599523570031
0.7557352280525687
0.327161369029449
0.4252982868439156
0.32715861917120104
0.32716003584364683
0.3271592414733713
0.32716003584364683
0.32716003584364683
0.3271592414733713
0.32718464795651586
0.32716074672727874
0.3271593300548329
0.32716003584364683
0.32716074672727874
0.35964012699299264
0.5626309117282812
0.327161369029449
0.4252989977275474
0.3271606581458171
0.32716003584364683
0.3271606581458171
0.3271606581458171
0.3271592414733713
0.3271606581458171
0.3271606581458171
0.32716003584364683
0.32716074672727874
0.3271606581458171
0.3271606581458171
0.32716003584364683
0.3271606581458171
0.32716003584364683
0.32716074672727874
0.32716003584364683
0.3271606581458171
0.3271606581458171
0.32716003584364683
0.32716074672727874
0.327161369029449
0.3271606581458171
0.32716074672727874
0.3271606581458171
0.3271606581458171
0.3271606581458171
0.3271606581458171
0.32716003584364683
0.3271606581458171
0.32716003584364683
0.32716074672727874
0.32716003584364683
0.3271592414733713
0.327161369029449
0.7280389726547233
0.33119007657791893
0.327161369029449
0.3271592414733713
0.32716003584364683
0.32716003584364683
0.32716003584364683
0.32718464795651586
0.3271606581458171
0.3271606581458171
0.3271606581458171
0.3271592414733713
0.3271606581458171
0.32716003584364683
0.3271606581458171
0.32716003584364683
0.3271592414733713
0.3271606581458171
0.5297342117397468
0.32716003584364683
0.32717751109190524
0.3271606581458171
0.32716003584364683
0.32716003584364683
0.3271606581458171
0.5626309117282812
0.32715861917120104
0.3271606581458171
0.3271606581458171
0.3271606581458171
0.3271606581458171
0.32716074672727874
0.32716003584364683
0.32716003584364683
0.3271606581458171
0.3271606581458171
0.3271606581458171
0.3271606581458171
0.3271606581458171
0.32716003584364683
0.32718393707288396
0.3271606581458171
0.32715861917120104
0.32717688878973494
0.32716074672727874
0.32716003584364683
0.3271606581458171
0.3271606581458171
0.32716003584364683
0.32718393707288396
0.32716003584364683
0.32716003584364683
0.32716003584364683
0.327161369029449
0.3271606581458171
0.32716003584364683
0.3271606581458171
0.32716003584364683
0.32717751109190524
0.3271606581458171
0.32716003584364683
0.32718393707288396
0.327161369029449
0.32716003584364683
0.3271854423267914
0.32715861917120104
0.3271592414733713
0.32716003584364683
0.3271606581458171
0.3271606581458171
0.327161369029449
0.3271606581458171
0.32716003584364683
0.32716003584364683
0.3271606581458171
0.3271606581458171
0.327161369029449
0.3271606581458171
0.3271606581458171
0.3271833147707137
0.32716003584364683
0.32716003584364683
0.32715861917120104
0.32716003584364683
0.32716003584364683
0.32716003584364683
0.32715861917120104
0.32717751109190524
0.3271606581458171
0.32716074672727874
0.3271606581458171
1.6201714423348939
0.3271606581458171
0.32716003584364683
0.32716003584364683
0.32716074672727874
0.5624916473641459
0.32716003584364683
0.3271606581458171
0.32716003584364683
0.3271606581458171
0.32716003584364683
0.3271592414733713
0.32716003584364683
0.32716003584364683
0.32716003584364683
0.3271606581458171
0.3271606581458171
0.3271606581458171
0.3638174133331655
0.32716074672727874
0.32716003584364683
0.3271606581458171
0.3271599523570031
0.32716003584364683
0.32716003584364683
0.32716003584364683
0.32716003584364683
0.32716003584364683
0.3271606581458171
0.3271606581458171
0.32716003584364683
0.5624917221220304
1.620170220404379
0.32716003584364683
0.32716003584364683
0.32716003584364683
0.3271606581458171
0.5624916473641459
0.3271606581458171
0.32716003584364683
0.3271606581458171
0.5644454069863938
0.32716003584364683
0.32716003584364683
0.32715861917120104
0.3271606581458171
0.327161369029449
0.32716003584364683
1.6201701943053584
0.32716003584364683
0.3271606581458171
0.3271606581458171
0.327161369029449
0.3271606581458171
0.32716003584364683
0.3271606581458171
0.32716074672727874
0.32716003584364683
0.3271833147707137
0.32716003584364683
0.32716003584364683
0.32716003584364683
0.3271606581458171
0.3271606581458171
0.3271606581458171
0.32715861917120104
0.32716003584364683
0.32716003584364683
0.3271606581458171
0.32716003584364683
0.33096608460001575
0.3271606581458171
0.3271606581458171
0.32717751109190524
0.32716074672727874
0.32716003584364683
0.3271606581458171
0.34504295250226646
0.3271606581458171
0.3271606581458171
0.32716003584364683
0.3271606581458171
0.3271606581458171
0.32716003584364683
0.32716003584364683
0.327161369029449
0.32716003584364683
0.32716003584364683
0.32715861917120104
0.32716003584364683
0.32716003584364683
0.32716074672727874
0.32716003584364683
0.3311907874615508
0.32715861917120104
0.32716003584364683
0.3271606581458171
0.3271606581458171
0.32716003584364683
0.3271606581458171
0.32716003584364683
0.32716003584364683
0.3271606581458171
0.32715861917120104
0.32716003584364683
0.3271606581458171
0.32716003584364683
0.32716003584364683
0.3271606581458171
0.32716003584364683
0.32718393707288396
0.32716003584364683
0.3271592414733713
0.32716003584364683
0.3277429164745629
0.3271833147707137
0.3271606581458171
0.32716003584364683
0.32715861917120104
0.327161369029449
0.3271606581458171
0.3271592414733713
0.32716003584364683
0.32718393707288396
0.9880799718928676
0.32716074672727874
0.32716003584364683
0.3271606581458171
0.32716003584364683
0.32717688878973494
0.32715861917120104
0.3271840256543456
0.32716003584364683
0.32762983141632307
0.3309760956038137
0.7280376727725826
0.32716003584364683
0.32716003584364683
0.327161369029449
0.3271606581458171
1.620170319039634
0.3271606581458171
0.32716003584364683
0.3271606581458171
0.3271606581458171
0.32716003584364683
0.3271592414733713
0.32716074672727874
0.327161369029449
0.32716003584364683
0.3271606581458171
0.327161369029449
0.32716003584364683
0.3271606581458171
0.32716003584364683
0.3271840256543456
0.7420905823361899
0.32716003584364683
0.32716003584364683
0.32716074672727874
0.3271606581458171
0.32715861917120104
0.32716003584364683
0.32716003584364683
0.32718535374532975
0.3271606581458171
0.3271606581458171
0.32715861917120104
0.3271606581458171
0.32718464795651586
0.3271606581458171
0.32716003584364683
0.3271606581458171
0.32716003584364683
0.3271606581458171
0.3515749128292982
0.3271606581458171
0.32716003584364683
0.32716003584364683
0.32715861917120104
0.3271606581458171
0.32716003584364683
0.3271606581458171
0.3271606581458171
0.3271606581458171
0.3271606581458171
0.32716003584364683
0.32716003584364683
0.3271606581458171
0.327161369029449
0.3271606581458171
0.32716003584364683
0.3271606581458171
0.4255099069442394
0.32716003584364683
0.3271606581458171
0.32716003584364683
0.32716003584364683
0.32716003584364683
0.3271606581458171
0.32716003584364683
0.32716074672727874
0.34560130960177515
0.32716003584364683
0.32716003584364683
0.3271606581458171
0.3271606581458171
0.32716003584364683
0.32716003584364683
0.3271606581458171
0.3271606581458171
0.3271606581458171
0.3271833147707137
0.3271606581458171
0.3271833147707137
0.3271606581458171
0.3596407492951629
0.32716003584364683
0.33096608460001575
0.32716003584364683
0.32716074672727874
0.32715861917120104
0.3271606581458171
0.32716003584364683
0.32715861917120104
0.3271606581458171
0.32841742199914026
0.3271606581458171
0.32716003584364683
0.32716003584364683
0.3271847314431595
0.32716003584364683
0.3276052193034541
0.3271606581458171
0.32716003584364683
0.3271606581458171
