0.3268780111096826
0.3268526932079997
0.3268526932079997
0.5668296562675345
0.32685331551016994
0.32685276796588414
0.32685331551016994
0.3268533902680544
0.32685331551016994
0.3268526932079997
0.3268526932079997
0.3268526932079997
0.32685276796588414
0.3268526932079997
0.32685276796588414
0.3268526932079997
0.3268526932079997
0.3268526932079997
0.32685331551016994
0.3268533902680544
0.32685331551016994
0.3268533902680544
0.32685276796588414
0.3268526932079997
0.32685276796588414
0.3268526932079997
0.3268533902680544
0.3268526932079997
0.32685276796588414
0.3268780111096826
0.3268526932079997
0.3268526932079997
0.3268526932079997
0.3268526932079997
0.32685331551016994
0.35472349874386466
0.3268533902680544
0.33813072264026245
0.32685276796588414
0.3268526932079997
0.3268526932079997
0.3268526932079997
0.3268526932079997
0.3268526932079997
0.3268526932079997
0.5239048928593155
0.3268526932079997
0.3268526932079997
0.3268526932079997
0.3268773888075124
0.3268526932079997
0.3268526932079997
0.32685276796588414
0.3268533902680544
0.32685276796588414
0.3268526932079997
0.3268526932079997
0.3268526932079997
0.32685276796588414
0.3268773888075124
0.32685276796588414
0.32685331551016994
0.32685276796588414
0.3268533902680544
0.32691096543041476
0.32685276796588414
0.32685331551016994
0.3268526932079997
0.32685276796588414
0.32685276796588414
0.32685276796588414
0.3268526932079997
0.3268526932079997
0.3268526932079997
0.3268526932079997
0.3268526932079997
0.3268526932079997
0.32685276796588414
0.3268526932079997
0.32685276796588414
0.3268526932079997
0.42586742653081283
0.3268526932079997
0.3268526932079997
0.3268533902680544
0.3268526932079997
0.3268526932079997
0.3268526932079997
1.4414501097169305
0.3268774635653968
0.5239048928593155
0.3268526932079997
0.32685276796588414
0.32685276796588414
0.32685276796588414
0.3268526932079997
0.3268526932079997
0.3268526932079997
0.3268526932079997
0.3268533902680544
0.3268526932079997
1.4414395809566978
0.3268526932079997
0.3268533902680544
0.3268526932079997
0.3268526932079997
0.32685331551016994
0.32685276796588414
0.3268526932079997
0.32685331551016994
0.32685276796588414
0.3268526932079997
0.3285787369983459
0.3268526932079997
0.32685276796588414
0.32685276796588414
0.32685276796588414
0.32685276796588414
0.8912319881690218
0.3268533902680544
0.3268526932079997
0.3268526932079997
0.3268526932079997
0.3268526932079997
0.32685331551016994
0.32685276796588414
0.3268526932079997
0.3268526932079997
0.32685276796588414
0.3268526932079997
0.32685331551016994
0.8913952627871309
0.3268526932079997
0.3268533902680544
0.32685276796588414
0.3292594783481642
0.3268526932079997
0.32685276796588414
0.553522817810951
0.3268526932079997
0.3268526932079997
0.32685331551016994
0.3268526932079997
0.3268526932079997
0.32685276796588414
0.3268526932079997
0.3268526932079997
0.3268526932079997
0.32685331551016994
0.32685276796588414
0.32685331551016994
0.3268533902680544
0.3268526932079997
0.329773868597085
0.3268526932079997
0.3289574208986534
0.3268526932079997
0.3268526932079997
0.3268526932079997
0.32685276796588414
0.32685276796588414
0.3268526932079997
0.3268526932079997
0.3268526932079997
0.3268526932079997
0.3268533902680544
0.3268526932079997
0.32685331551016994
0.32685276796588414
0.3285886732442594
0.3268526932079997
0.3268526932079997
0.3268526932079997
0.33813005462214
0.3268773888075124
0.3268526932079997
0.32685331551016994
0.3278401803164842
0.32685331551016994
0.3268533902680544
0.32685276796588414
0.3268526932079997
0.32685331551016994
0.3268526932079997
0.3268526932079997
0.3268533902680544
0.3268526932079997
0.32685276796588414
0.3268526932079997
0.32685276796588414
0.32685276796588414
0.3268533902680544
0.32685276796588414
0.32685331551016994
0.3268526932079997
0.3268526932079997
0.3268703252912324
0.32685276796588414
0.3268526932079997
0.32685276796588414
0.32685331551016994
0.3268533902680544
0.3268526932079997
0.3268526932079997
0.3268526932079997
0.3268533902680544
0.7459416555211258
0.32685276796588414
0.32685331551016994
0.3268526932079997
0.3268526932079997
0.3268526932079997
0.32685276796588414
0.32685276796588414
0.553492285786112
0.3268526932079997
0.32685331551016994
0.3268526932079997
0.3268526932079997
0.8665774077942549
0.32685276796588414
0.32784025507436865
0.32685276796588414
0.3268526932079997
0.3268526932079997
0.32685276796588414
0.3268526932079997
0.3268526932079997
0.3268533902680544
0.32685276796588414
0.3268526932079997
0.32685276796588414
0.3268526932079997
0.32685331551016994
0.3268526932079997
0.3268533902680544
0.3385382442396946
0.3268526932079997
0.3274143694748356
0.32685331551016994
0.3268526932079997
0.3268780111096826
0.3268526932079997
0.32685276796588414
0.3278401803164842
0.32685331551016994
0.3268526932079997
0.3268526932079997
0.32685276796588414
0.3268526932079997
0.3268526932079997
0.32685331551016994
0.8665774077942549
0.32685276796588414
0.32685331551016994
0.32685331551016994
0.3268526932079997
0.32685331551016994
0.3268526932079997
0.3268526932079997
0.3268526932079997
0.3268526932079997
0.3278578123997169
0.3268533902680544
0.3268526932079997
0.3268526932079997
0.3268526932079997
0.32685276796588414
0.3268526932079997
0.32685331551016994
0.3268526932079997
0.3268526932079997
0.32685276796588414
0.32685331551016994
0.3385375471796399
0.3285787369983459
0.32685276796588414
0.3268526932079997
0.3268526932079997
0.32685331551016994
0.3268780111096826
0.32685276796588414
0.32685276796588414
0.3268526932079997
0.32685276796588414
0.32685331551016994
0.3268526932079997
0.32685276796588414
0.5239048928593155
0.3268526932079997
0.3285886732442594
0.32685331551016994
0.32685276796588414
0.32685276796588414
0.3268533902680544
0.32685276796588414
0.32685331551016994
0.3268526932079997
0.32685331551016994
0.32784025507436865
0.32685331551016994
0.3268526932079997
0.3268533902680544
0.35472295119957886
0.3268526932079997
0.32685276796588414
0.32685276796588414
0.3268526932079997
0.32685276796588414
0.3268526932079997
0.32685276796588414
0.32685276796588414
0.3268526932079997
0.3268526932079997
0.3268526932079997
0.32685276796588414
0.3268526932079997
0.3268526932079997
0.32685276796588414
0.3268526932079997
0.3268526932079997
0.3268526932079997
0.3268533902680544
0.3268526932079997
0.3268526932079997
0.32685331551016994
0.32685276796588414
0.7957372607177207
0.3268533902680544
0.3268526932079997
0.3268526932079997
0.32685331551016994
0.3268526932079997
0.32685276796588414
0.3268526932079997
0.32685276796588414
0.3268526932079997
0.3268533902680544
0.3268526932079997
0.3268526932079997
0.3268526932079997
0.32685331551016994
0.3268774635653968
0.32895679859648314
0.3268526932079997
0.3268526932079997
0.32685276796588414
0.32685331551016994
0.3268526932079997
0.32685276796588414
0.32685331551016994
0.32685276796588414
0.32685331551016994
0.32685331551016994
0.5668530519849063
0.3268526932079997
0.3268526932079997
0.3268526932079997
0.3268773888075124
0.32685276796588414
0.32685276796588414
0.3268526932079997
0.32685331551016994
0.3268526932079997
0.3381299798642556
0.3268526932079997
0.3268526932079997
0.32685331551016994
0.32685276796588414
0.32685331551016994
0.3268526932079997
0.32685331551016994
0.3268526932079997
0.32685276796588414
0.3268526932079997
0.32685331551016994
0.3268526932079997
0.5535227430530666
0.3268526932079997
0.3268526932079997
0.32685276796588414
0.32685276796588414
0.3268526932079997
0.32685331551016994
0.3268533902680544
0.5822683525031688
0.32685331551016994
0.3268526932079997
0.32685331551016994
0.3268526932079997
0.5668283563853936
0.32685276796588414
0.3268526932079997
0.3268526932079997
0.32685331551016994
0.32685276796588414
0.32685276796588414
0.32685331551016994
0.3385375471796399
0.3268533902680544
0.32685331551016994
0.32685276796588414
0.3465490609756625
0.32685331551016994
0.3268526932079997
0.3268526932079997
0.3268526932079997
0.3268526932079997
0.3268526932079997
0.3268526932079997
0.32857866224046145
0.32685276796588414
0.5239048928593155
0.5668283563853936
0.3268526932079997
0.32685331551016994
0.32685331551016994
0.3268526932079997
0.8912319881690218
0.32685276796588414
0.32685331551016994
0.3268526932079997
0.3381293575620853
0.32685331551016994
0.3268526932079997
0.32685331551016994
0.3268526932079997
0.3268526932079997
0.3268526932079997
0.3268526932079997
0.3268526932079997
0.3268526932079997
0.3268526932079997
0.32685331551016994
0.3268526932079997
0.3268526932079997
0.32685331551016994
0.3268526932079997
0.3268526932079997
0.3268526932079997
0.32685331551016994
0.3268533902680544
0.3268526932079997
0.32685331551016994
0.32685276796588414
0.32685331551016994
0.3268526932079997
0.3268526932079997
0.3268533902680544
0.3268526932079997
0.3268526932079997
0.3268526932079997
0.32685331551016994
1.4414510735002701
0.3381293575620853
0.3268526932079997
0.3268526932079997
0.32685331551016994
0.3268526932079997
0.32895679859648314
0.32685276796588414
0.3268526932079997
0.3547228764416944
0.3268526932079997
0.3268533902680544
0.32685331551016994
0.32685276796588414
0.5668283563853936
0.8912329417586258
0.3268526932079997
0.32685276796588414
0.3268526932079997
0.3268526932079997
0.3268526932079997
0.3268526932079997
0.5192632853631174
0.3278401803164842
0.3268526932079997
0.3268773888075124
0.3268526932079997
0.5668283563853936
0.3268526932079997
0.3268773888075124
0.3268526932079997
0.3268533902680544
0.3268526932079997
0.3268533902680544
0.32685331551016994
0.32685276796588414
0.3268526932079997
0.32685331551016994
0.32685276796588414
0.3268526932079997
0.32685331551016994
0.5822696523853095
0.32685331551016994
0.5668306098571383
0.5238745103502453
0.32685331551016994
0.32685331551016994
0.32685276796588414
0.3268526932079997
0.3268526932079997
0.32685331551016994
0.32685276796588414
0.32685276796588414
0.3268526932079997
0.3547228764416944
0.32685331551016994
0.32685331551016994
0.32685331551016994
0.3268773888075124
0.32685331551016994
0.3268526932079997
0.3268526932079997
0.3268526932079997
0.3268526932079997
0.3547228764416944
0.329773868597085
0.32685331551016994
0.3268774635653968
0.32685276796588414
0.32685331551016994
0.3268526932079997
0.3268526932079997
0.32685331551016994
0.3268533902680544
0.3268526932079997
0.3268773888075124
0.3268526932079997
0.32685331551016994
0.32741444423272004
0.32685331551016994
0.32685276796588414
0.3268526932079997
0.3268526932079997
0.3268526932079997
0.3268526932079997
0.3268526932079997
0.7460795344974314
0.32685276796588414
0.35472295119957886
0.32685331551016994
0.3268526932079997
0.32685276796588414
0.3547228764416944
0.3268773888075124
0.3268526932079997
0.32685331551016994
0.3268526932079997
0.32685276796588414
0.3268526932079997
0.32685331551016994
0.32685276796588414
0.3268533902680544
0.32685276796588414
0.32685331551016994
0.32685276796588414
0.32685331551016994
0.32685331551016994
0.5535227430530666
0.7957371859598362
0.32685276796588414
0.32685331551016994
0.32685331551016994
0.3268526932079997
0.32685276796588414
0.3268533902680544
0.32685331551016994
0.3268526932079997
0.3268533902680544
0.3268526932079997
0.3268533902680544
0.3268526932079997
0.32685331551016994
0.3268533902680544
0.3268526932079997
0.7957640537600177
0.3268526932079997
0.3268526932079997
0.3381293575620853
0.32685276796588414
0.3268526932079997
0.32685331551016994
0.3268526932079997
0.3268526932079997
0.32685276796588414
0.3268526932079997
0.3268526932079997
0.8912240674011968
0.32685331551016994
0.7957640537600177
0.3268774635653968
0.32685276796588414
0.3268526932079997
0.32685276796588414
0.32685331551016994
0.3268526932079997
0.3268526932079997
0.3268526932079997
0.3268533902680544
0.3268526932079997
0.3268526932079997
0.3268526932079997
0.3268526932079997
0.32685276796588414
0.32685331551016994
0.3268533902680544
0.3268526932079997
0.3268526932079997
0.3268526932079997
0.32685331551016994
0.32685276796588414
0.32685331551016994
1.5576635738333409
0.32685331551016994
0.3268526932079997
0.3268533902680544
0.3268526932079997
0.3268526932079997
0.32685331551016994
0.3268526932079997
0.3268526932079997
0.3268526932079997
0.32685276796588414
0.3268526932079997
0.3268526932079997
0.33853762193752435
0.32685331551016994
0.32685331551016994
0.32685276796588414
0.3268526932079997
0.3268526932079997
0.32685331551016994
0.3268526932079997
0.3268526932079997
0.32784080261865445
0.8912319881690218
0.3268526932079997
0.9510257380222
0.3268533902680544
0.3268533902680544
0.32685276796588414
0.3268526932079997
0.3268526932079997
0.7459417342634015
0.3268526932079997
0.32685331551016994
0.3268703252912324
0.32685331551016994
0.3268526932079997
0.32685331551016994
0.3268526932079997
0.32685331551016994
0.3268533902680544
0.3385375471796399
0.32685276796588414
0.3269362085742133
0.32685276796588414
0.3268526932079997
1.4414401137907518
0.32685276796588414
0.32685331551016994
0.3268533902680544
0.32685331551016994
0.32685276796588414
0.32685331551016994
0.3268526932079997
0.32685331551016994
0.32857866224046145
0.3268526932079997
0.3268526932079997
0.3268526932079997
0.3268526932079997
0.3268526932079997
0.3268533902680544
0.3268526932079997
0.3268526932079997
0.32685331551016994
0.7957640537600177
0.32685331551016994
0.32685331551016994
0.32685276796588414
0.3268780111096826
0.3268526932079997
0.3268526932079997
0.3268526932079997
0.3268526932079997
0.3268526932079997
0.3268533902680544
0.32685276796588414
0.32685331551016994
0.32685331551016994
0.3268526932079997
0.32685331551016994
0.3268526932079997
0.3268526932079997
0.32685276796588414
0.32685276796588414
0.3268526932079997
0.3381293575620853
0.32685331551016994
0.3268526932079997
0.32685331551016994
0.32685331551016994
0.3268526932079997
0.32685331551016994
0.3268526932079997
0.3268526932079997
0.32685276796588414
0.32685276796588414
0.32685331551016994
0.32685276796588414
0.3268533902680544
0.32685331551016994
0.32685331551016994
0.3268526932079997
0.32685276796588414
0.3268526932079997
0.32685276796588414
0.3268526932079997
0.3268526932079997
0.32685276796588414
0.32685331551016994
0.3268533902680544
0.5239048928593155
0.3268533902680544
0.32685276796588414
0.32685276796588414
0.32685276796588414
0.3268526932079997
0.3285787369983459
0.3268526932079997
0.32685331551016994
0.3268526932079997
0.3268526932079997
0.3268526932079997
0.3268526932079997
0.32685331551016994
0.3268526932079997
0.3268526932079997
0.32685276796588414
0.32685276796588414
0.3268526932079997
0.32685331551016994
0.32685331551016994
0.3268526932079997
0.3268526932079997
0.3268526932079997
0.3268526932079997
0.3268526932079997
0.32685276796588414
0.32685331551016994
0.32685331551016994
0.32685331551016994
0.32685276796588414
0.3268526932079997
0.3596386217390852
0.32685331551016994
0.32685276796588414
0.3268526932079997
0.32685331551016994
0.32685331551016994
0.32685331551016994
0.3278401803164842
0.32685331551016994
0.3268526932079997
0.32685331551016994
0.3278408773765389
0.3268526932079997
0.3268526932079997
0.32685331551016994
0.3268526932079997
0.3268526932079997
0.3268526932079997
0.32685331551016994
0.3268526932079997
0.32685331551016994
0.32685331551016994
0.32685276796588414
0.3268526932079997
0.3268533902680544
0.32685331551016994
0.3547228764416944
0.32857866224046145
0.3268533902680544
0.32685331551016994
0.32685276796588414
0.32685331551016994
0.3268526932079997
0.32685276796588414
0.3268526932079997
0.32685331551016994
0.3269108906725303
0.32687808586756706
0.3268526932079997
0.3268526932079997
0.3268526932079997
0.3268526932079997
0.32685276796588414
0.32685276796588414
0.3268526932079997
0.32685331551016994
0.3268526932079997
0.3268526932079997
0.3268526932079997
0.3268773888075124
0.32685331551016994
0.3268526932079997
0.7973330569653185
0.3268526932079997
0.32685331551016994
0.3268526932079997
0.32685276796588414
0.3268526932079997
0.3268533902680544
0.33853762193752435
0.32685331551016994
0.32685331551016994
0.3268526932079997
0.8912319881690218
0.32685331551016994
0.3385375471796399
0.3268533902680544
0.32922477174485354
0.3268526932079997
0.32685276796588414
0.32685276796588414
0.3268526932079997
0.32685331551016994
0.338130647882378
0.32685276796588414
0.32685276796588414
0.3268526932079997
0.3268526932079997
0.32685276796588414
0.3268526932079997
0.32685331551016994
0.553492285786112
0.3268526932079997
0.32685331551016994
0.3268526932079997
0.3268526932079997
0.3268526932079997
0.32685276796588414
0.553522817810951
0.3268526932079997
0.3268526932079997
0.3268526932079997
0.33853762193752435
0.32685331551016994
0.32685276796588414
0.32685276796588414
0.3268526932079997
0.3297732462949148
0.32685331551016994
0.32685276796588414
0.3268526932079997
0.32685276796588414
0.3268526932079997
0.32685276796588414
0.3268703252912324
0.3268526932079997
0.3292493925864818
0.32685331551016994
0.3268709475934026
0.32685276796588414
0.3268533902680544
0.32839915238060635
0.32685331551016994
0.32685276796588414
0.3268533902680544
0.32685331551016994
0.3268526932079997
0.3268526932079997
0.3268526932079997
0.3268526932079997
0.32685331551016994
0.3381293575620853
0.3268526932079997
0.3268526932079997
0.3268526932079997
0.3268526932079997
0.3268526932079997
0.32685276796588414
0.3268533902680544
0.32685276796588414
0.3268526932079997
0.3268526932079997
0.32685331551016994
0.32685276796588414
0.32685331551016994
0.3268526932079997
0.32685331551016994
0.3465497580357172
0.32685331551016994
0.3268526932079997
0.3268526932079997
0.3268526932079997
0.3268526932079997
0.3268526932079997
0.32685276796588414
0.3268526932079997
0.32685276796588414
0.5535227430530666
0.3268526932079997
0.3268533902680544
0.566879165014764
0.3268526932079997
0.3268533902680544
0.32685331551016994
0.3268526932079997
0.3268526932079997
0.32685276796588414
0.3268533902680544
0.3268526932079997
0.32685331551016994
0.3268526932079997
0.3268703252912324
0.3268526932079997
0.5239048928593155
0.32685276796588414
0.32685276796588414
0.3268773888075124
0.32685331551016994
0.32685276796588414
0.3268526932079997
0.32685276796588414
0.32685276796588414
0.32685331551016994
0.3268526932079997
0.3268526932079997
0.3268703252912324
0.33853762193752435
0.3268526932079997
0.3268526932079997
0.32685276796588414
0.3268526932079997
0.3268526932079997
0.32685276796588414
0.32685276796588414
0.32685331551016994
0.3268526932079997
0.3268533902680544
0.32685331551016994
0.3268526932079997
0.7395747415062358
1.4421959148868893
0.8912329417586258
0.3268526932079997
0.3268526932079997
0.32685331551016994
0.3268526932079997
0.3268526932079997
0.32685331551016994
0.32685276796588414
0.32685331551016994
0.32685276796588414
0.3268533902680544
0.7960323605379784
0.32685276796588414
0.3268533902680544
0.32685331551016994
0.32685331551016994
0.32685331551016994
0.3286133688437721
0.3268526932079997
0.8922751288384689
0.3268526932079997
0.3268526932079997
0.3283978191948042
0.3268526932079997
0.32685331551016994
0.32685331551016994
0.3268526932079997
0.7957371859598362
0.3268526932079997
0.3268773888075124
0.32685276796588414
0.32685276796588414
0.3268526932079997
0.32685331551016994
0.32685276796588414
0.32685276796588414
0.3268526932079997
0.3268526932079997
0.3268526932079997
0.3268774635653968
0.32685276796588414
0.3268533902680544
0.3268526932079997
0.3268526932079997
0.3268526932079997
0.32685276796588414
0.3268533902680544
0.3268526932079997
0.32685276796588414
0.32685276796588414
0.32685331551016994
0.5668293099749976
