0.32687808586756706
0.3269108906725303
0.3268533902680544
0.3268533902680544
0.35474819434337734
0.32691151297470056
0.32687808586756706
0.3268533902680544
0.32687808586756706
0.7957372607177207
0.32687808586756706
0.42447209229021443
0.3268774635653968
0.3292494673443662
0.32687808586756706
0.3268533902680544
0.32898282738179796
0.32687808586756706
0.32979863895448214
0.32687808586756706
0.3385382442396946
0.32687808586756706
0.32687808586756706
0.32860638008537657
0.32689571795079975
0.3268773888075124
0.32687808586756706
0.32687808586756706
0.32685331551016994
0.3268780111096826
0.4242565408460075
0.32687808586756706
0.3268533902680544
0.3268533902680544
0.32685276796588414
0.3268533902680544
0.3268533902680544
0.8912497165903133
0.3268774635653968
0.32691151297470056
0.3268533902680544
0.32691151297470056
0.32687808586756706
0.3471348852977253
0.32687808586756706
0.42447209229021443
0.3268533902680544
0.3268533902680544
0.3292929802131822
0.33813127018454825
0.32689571795079975
0.32687808586756706
0.32685331551016994
0.5240900617944523
0.32687808586756706
0.3268533902680544
1.4519901898097962
0.3268533902680544
0.32979863895448214
0.32687808586756706
0.3268780111096826
0.3268774635653968
0.32687102235128707
0.32687808586756706
0.3274138219305498
0.32687808586756706
0.3268533902680544
0.3268533902680544
1.4414506425509845
0.3268780111096826
0.3268773888075124
0.32685331551016994
0.32685331551016994
0.3268533902680544
0.3268533902680544
0.32687808586756706
0.32687808586756706
0.3268780111096826
0.3268533902680544
0.32687808586756706
0.32685331551016994
0.33813127018454825
0.32687808586756706
0.3268780111096826
0.3268533902680544
0.32687808586756706
0.3268533902680544
0.3268780111096826
0.33856286508132283
0.3268533902680544
0.3274391398322327
0.33856293983920727
0.32687808586756706
0.3268533902680544
0.32687808586756706
0.32687808586756706
0.32687808586756706
0.3268533902680544
0.3268533902680544
0.3268533902680544
0.32685331551016994
0.3268533902680544
0.32687808586756706
0.3268774635653968
0.3268780111096826
0.3268533902680544
0.3268533902680544
1.4414510735002701
0.32687808586756706
0.3268780111096826
0.32687808586756706
0.32689571795079975
0.32692921981581774
0.3268780111096826
0.32687808586756706
0.32687808586756706
0.3268533902680544
0.32687102235128707
0.7957372607177207
0.32687808586756706
0.32685331551016994
0.32687808586756706
0.32687808586756706
0.3268533902680544
0.32687808586756706
0.3268780111096826
0.32687808586756706
0.32977394335496946
0.32687808586756706
0.3646415013991626
0.326911587732585
0.3268773888075124
0.32685331551016994
0.3284231370964871
0.32687808586756706
0.3268703252912324
0.38197391906026096
0.33219766351831204
0.3268533902680544
0.32689571795079975
0.3268533902680544
0.32687808586756706
0.32842384798011903
0.3268533902680544
0.32685331551016994
1.4414514960420408
0.3268533902680544
0.326911587732585
0.32687808586756706
0.32685331551016994
0.32687808586756706
0.32741444423272004
0.32687808586756706
0.3268774635653968
0.3268533902680544
1.4519888034846857
0.3268780111096826
0.3268533902680544
0.32687808586756706
0.3547482691012618
0.3268780111096826
0.3268774635653968
0.32687102235128707
0.4468490133558735
0.32687808586756706
0.32687808586756706
0.32687808586756706
0.32687808586756706
0.32689571795079975
0.3268774635653968
0.32687808586756706
0.3268703252912324
0.3268956431929153
0.32977394335496946
0.3268950956486295
0.32685331551016994
0.3268533902680544
0.3268533902680544
0.3268780111096826
0.32687808586756706
0.32687808586756706
0.32687808586756706
0.7957619563172333
0.32685331551016994
0.9064208128848382
0.3268533902680544
0.3292246969869691
0.32691151297470056
0.3268780111096826
0.32687808586756706
1.4414520288760948
0.3268774635653968
0.32687808586756706
0.32692921981581774
0.326911587732585
0.3268533902680544
0.7957618815593489
0.326911587732585
0.3268533902680544
0.3268533902680544
0.32687102235128707
0.32687808586756706
0.5240900617944523
0.3284231370964871
0.3268533902680544
0.32687808586756706
0.32687808586756706
0.32687808586756706
0.35015528029472204
0.32687808586756706
0.32689571795079975
0.32687808586756706
0.32685276796588414
0.3268533902680544
0.32689571795079975
0.3268533902680544
0.32687808586756706
0.33856293983920727
0.3385382442396946
0.32687808586756706
0.32685276796588414
0.32861344360165656
0.3268533902680544
0.32687808586756706
0.42447209229021443
0.32979863895448214
0.3268533902680544
0.3268533902680544
0.3268780111096826
0.3268773888075124
0.32687808586756706
0.3268533902680544
0.32689571795079975
0.32687808586756706
0.32687808586756706
0.32687102235128707
0.32685331551016994
0.32687808586756706
0.32687808586756706
0.3268533902680544
0.326911587732585
0.32687808586756706
0.5240900617944523
0.5669935741165402
0.523874435592361
0.3268533902680544
0.3268533902680544
0.32687808586756706
0.3292829692093842
0.32687808586756706
0.3286310009270048
0.32687808586756706
0.3268533902680544
0.34654968327783275
0.3268704000491168
0.32689571795079975
0.34657437887734543
0.3268780111096826
0.7957619563172333
0.3465744536352299
0.3268533902680544
0.32687808586756706
0.326911587732585
0.32685331551016994
0.3268533902680544
0.32687808586756706
0.32786557297605157
0.32687808586756706
0.32685331551016994
0.33856293983920727
0.32689571795079975
0.3268533902680544
0.32689571795079975
0.33856286508132283
0.3268780111096826
0.3268780111096826
0.32687808586756706
0.3268533902680544
0.32687808586756706
0.3268533902680544
0.48028412802022913
0.33856286508132283
0.3268533902680544
0.32687808586756706
0.3268780111096826
0.3269362085742133
0.7957372607177207
0.3268780111096826
0.3268533902680544
0.3268533902680544
0.3297915006803177
0.32687808586756706
0.3268780111096826
0.32687808586756706
0.32685331551016994
0.32687808586756706
0.3268533902680544
0.32841600532669446
0.3268533902680544
0.32692921981581774
0.32689571795079975
0.32687808586756706
0.3268533902680544
0.32687808586756706
0.32689571795079975
0.3268780111096826
0.32691151297470056
0.32685331551016994
0.3268533902680544
0.3268533902680544
0.3297980166523119
0.32687808586756706
0.3268780111096826
0.32685276796588414
0.3268780111096826
0.32687808586756706
0.3268533902680544
0.7957371859598362
0.32687808586756706
0.32687808586756706
0.326911587732585
0.32687102235128707
0.3268773888075124
0.32687808586756706
0.32687808586756706
0.32687808586756706
0.32687808586756706
0.32687808586756706
0.32687808586756706
1.4414520288760948
0.3385382442396946
0.3268533902680544
0.32861344360165656
0.32693628333209773
0.32687808586756706
0.3268533902680544
0.3268533902680544
0.326911587732585
0.3268533902680544
0.33853816948181015
0.32685331551016994
1.4414510735002701
0.34713550759989553
0.32691151297470056
0.3268780111096826
0.326911587732585
0.3274391398322327
0.32687808586756706
0.32685331551016994
0.34713550759989553
0.32689571795079975
0.32687808586756706
0.5238745103502453
0.32687808586756706
0.326911587732585
0.32687808586756706
0.3268709475934026
0.3268773888075124
0.32687808586756706
0.32687808586756706
0.3268774635653968
0.32687808586756706
0.32687808586756706
0.3278832050592843
0.32685331551016994
0.7957619563172333
0.32981619627983044
0.3268780111096826
0.3268773888075124
0.32687808586756706
0.32687808586756706
0.3268780111096826
0.3268533902680544
0.3268780111096826
0.32687808586756706
0.3268533902680544
0.3268780111096826
0.8912497165903133
0.32687808586756706
0.326911587732585
0.32687808586756706
0.3268533902680544
0.326911587732585
0.32689571795079975
0.3268780111096826
0.3268956431929153
0.32687102235128707
0.32687808586756706
0.3268533902680544
0.32687808586756706
0.32687808586756706
0.32687808586756706
0.32687102235128707
0.32687808586756706
0.32687808586756706
0.32786557297605157
0.32687808586756706
0.3268533902680544
0.3268533902680544
0.32687808586756706
0.32685331551016994
0.3268533902680544
0.32687808586756706
0.32691096543041476
0.3269108906725303
0.3321800314350793
0.32687808586756706
0.3268780111096826
0.32687808586756706
0.34711081200038285
0.32685331551016994
0.4468490133558735
0.3268774635653968
0.3268533902680544
0.35474819434337734
0.32687808586756706
0.326911587732585
0.32687808586756706
0.32687808586756706
0.32687808586756706
0.3268533902680544
0.32842384798011903
0.32687808586756706
0.3268533902680544
0.3268533902680544
0.3268780111096826
0.3268533902680544
0.3268780111096826
0.32687808586756706
0.3268533902680544
0.3292494673443662
1.60512751576837
0.3268533902680544
0.34713550759989553
0.3268774635653968
0.5821475096057286
0.3268526932079997
0.3268533902680544
0.3298162710377149
0.3292246969869691
0.32689571795079975
0.32687808586756706
0.3268533902680544
0.32687808586756706
1.4414516063343241
0.32687808586756706
0.32687808586756706
0.3268780111096826
0.32691151297470056
1.4414510735002701
0.3274143694748356
0.3268533902680544
0.32687808586756706
0.35474819434337734
0.32687102235128707
0.5669688785170275
1.4414520288760948
0.32687808586756706
0.3268533902680544
0.3268774635653968
0.32685331551016994
0.5854567796045802
0.32687808586756706
0.3292594035902798
0.3278585094597716
0.326911587732585
0.3268780111096826
0.32685331551016994
0.32689571795079975
0.326911587732585
0.32685331551016994
0.3268956431929153
0.3268533902680544
0.3268533902680544
0.3268533902680544
0.32687808586756706
0.32687808586756706
0.32861344360165656
0.3268533902680544
0.3268533902680544
0.3268774635653968
0.326911587732585
0.32685276796588414
0.32685331551016994
0.32687808586756706
0.32687808586756706
0.32687808586756706
0.32687808586756706
0.3268533902680544
0.326911587732585
0.3268533902680544
0.32689571795079975
0.32687808586756706
0.32693628333209773
0.3268780111096826
0.32979157543820214
0.3268533902680544
0.32691151297470056
0.32689571795079975
0.3465744536352299
0.32786549821816713
0.32687808586756706
0.32689571795079975
0.3268780111096826
0.32685331551016994
0.32687808586756706
0.32861344360165656
0.3268533902680544
0.32898282738179796
0.326911587732585
0.3268533902680544
0.3268533902680544
0.3269108906725303
0.32687102235128707
0.3268780111096826
0.32687808586756706
0.32687808586756706
0.32741444423272004
0.326911587732585
0.32687808586756706
0.3268780111096826
0.9506464562797423
0.3268533902680544
0.32687808586756706
0.32685331551016994
0.3268780111096826
0.3268780111096826
0.3292494673443662
0.32687808586756706
0.32687808586756706
0.566855305456651
0.3268533902680544
0.3268533902680544
0.32687808586756706
0.3268780111096826
0.7957619563172333
0.32685331551016994
0.32687808586756706
0.32687808586756706
0.3268533902680544
0.32687808586756706
0.32687808586756706
0.3268780111096826
0.3268780111096826
0.3268780111096826
0.3268533902680544
0.3268533902680544
0.32685331551016994
0.32687808586756706
0.3268533902680544
0.3268956431929153
0.3268533902680544
0.3268780111096826
0.32861344360165656
0.32689571795079975
0.32687808586756706
0.3547412055849818
0.32687808586756706
0.32687808586756706
0.4242565408460075
0.3268780111096826
0.32685331551016994
0.326911587732585
0.3268533902680544
0.32687808586756706
0.32689571795079975
0.32687808586756706
0.566855305456651
0.32685276796588414
0.3268780111096826
0.32687808586756706
0.3268780111096826
0.32687808586756706
0.3268533902680544
0.32839844149697445
0.3268533902680544
0.3547235735017491
0.32685331551016994
0.3268533902680544
0.3268533902680544
0.32687808586756706
0.4242565408460075
0.3268533902680544
0.3268956431929153
0.3268780111096826
0.3268780111096826
0.3268533902680544
0.3268533902680544
0.32687808586756706
0.32687808586756706
0.3268533902680544
0.32685331551016994
0.32685331551016994
0.3268533902680544
0.3289581317822853
0.3268533902680544
0.4468497242395054
0.32691151297470056
0.33856293983920727
0.32687808586756706
0.3268780111096826
0.32685276796588414
0.32685331551016994
0.32687808586756706
0.32685331551016994
0.3268780111096826
0.3268533902680544
0.3268780111096826
0.326911587732585
0.3268533902680544
0.32689571795079975
0.32687808586756706
0.32685331551016994
0.3269291450579333
0.32687808586756706
0.3268780111096826
0.32977394335496946
0.32689571795079975
0.3268780111096826
0.32687808586756706
0.32685331551016994
0.32687808586756706
0.3268780111096826
0.32687102235128707
0.32687808586756706
0.3268533902680544
0.32687808586756706
0.582156079324933
0.32687808586756706
0.32687808586756706
0.32687808586756706
0.3268533902680544
0.3268774635653968
0.3268780111096826
0.4244934429141387
0.32687808586756706
0.32687808586756706
1.4414524586883966
0.3268533902680544
0.3268533902680544
0.3268533902680544
0.3268533902680544
0.3268533902680544
0.3284231370964871
0.32687808586756706
0.3268533902680544
0.32687808586756706
0.32687808586756706
0.32689571795079975
0.3268533902680544
0.32687808586756706
0.3274391398322327
0.32687808586756706
0.32687808586756706
0.3268780111096826
0.32691096543041476
0.32689571795079975
0.32685331551016994
0.3268774635653968
0.5668554230048553
0.32687808586756706
0.32687808586756706
0.3268780111096826
0.7957619563172333
0.3268533902680544
0.32687808586756706
0.3268780111096826
0.326911587732585
1.4414501097169305
0.3268780111096826
0.3268533902680544
0.32687808586756706
0.32689571795079975
0.3268780111096826
0.3268780111096826
0.32687808586756706
0.32687808586756706
0.3268780111096826
0.32687808586756706
0.3274391398322327
0.32687808586756706
0.32687808586756706
0.3268780111096826
0.32687808586756706
0.3268533902680544
0.3268533902680544
0.32685331551016994
0.3268533902680544
0.3268533902680544
0.3268533902680544
0.32687808586756706
0.326911587732585
0.32687808586756706
0.3268533902680544
0.3268533902680544
0.32786549821816713
0.32687808586756706
0.32687808586756706
0.3268780111096826
0.4242565408460075
0.32693628333209773
0.3268533902680544
0.32687808586756706
0.32687808586756706
0.3268533902680544
0.3268533902680544
0.32687808586756706
0.3268533902680544
0.32689571795079975
0.3292594783481642
0.32687808586756706
0.32687808586756706
0.32687808586756706
0.3297732462949148
0.32687808586756706
0.32687808586756706
0.32687808586756706
0.32687808586756706
0.3268533902680544
0.32979863895448214
0.32687808586756706
0.32687102235128707
0.32687808586756706
0.32689571795079975
0.3274391398322327
0.3269108906725303
0.32687808586756706
0.3268533902680544
0.3268774635653968
0.3268780111096826
0.32687808586756706
0.32687808586756706
0.3268533902680544
0.32692921981581774
0.32687808586756706
0.32685331551016994
0.32687808586756706
0.32687808586756706
0.3268533902680544
0.32687808586756706
0.326911587732585
0.3268533902680544
0.3268533902680544
0.32687808586756706
0.32685331551016994
0.3268533902680544
0.32687808586756706
0.34713550759989553
0.32687808586756706
0.7960077396963502
0.32689571795079975
0.34713550759989553
0.3268533902680544
0.3268533902680544
0.32687808586756706
0.32687808586756706
0.326911587732585
0.3268533902680544
0.3268533902680544
0.32687808586756706
0.32687808586756706
0.3268780111096826
0.32687808586756706
0.3268780111096826
0.32685276796588414
0.3268780111096826
0.3268533902680544
0.326911587732585
0.3268780111096826
0.3268533902680544
0.32786557297605157
0.3268533902680544
0.3268533902680544
0.3268780111096826
0.32689571795079975
0.32687808586756706
0.32687808586756706
0.5821570329145369
0.3284231370964871
0.32687808586756706
0.3268533902680544
0.32687808586756706
0.32685331551016994
0.32786557297605157
0.3268533902680544
0.32687808586756706
0.7957619563172333
0.3268533902680544
0.32687808586756706
0.32687808586756706
0.32687808586756706
0.32687808586756706
0.32689571795079975
0.32687808586756706
0.32687808586756706
0.3268774635653968
0.32839915238060635
0.3268533902680544
0.3268533902680544
0.32687808586756706
0.3501136431676596
0.8914120376188185
0.32687808586756706
0.3268533902680544
0.3268533902680544
0.32689571795079975
0.3268533902680544
0.32687808586756706
0.3292347827486515
0.32861344360165656
0.32687808586756706
0.3268533902680544
0.32685331551016994
0.3268773888075124
0.3465673901189499
0.3268956431929153
0.3268533902680544
0.32687808586756706
0.3268780111096826
0.3268774635653968
0.3268780111096826
0.32685276796588414
0.32687808586756706
0.32687808586756706
0.3268533902680544
0.3268526932079997
0.3268533902680544
0.3465744536352299
0.3465497580357172
0.566856722886996
0.3268774635653968
0.7960077396963502
0.3268533902680544
0.9504831816616331
0.329773868597085
0.3268533902680544
0.32687808586756706
0.32687102235128707
0.32687808586756706
0.7960077396963502
0.32687808586756706
0.5544414102639952
0.32981619627983044
0.3268780111096826
0.32687808586756706
1.4406501690929305
0.32687808586756706
0.32685331551016994
0.338715729428434
0.3268533902680544
0.3268533902680544
0.326911587732585
0.3297985641965977
0.3268774635653968
0.32687102235128707
0.3268950956486295
0.3465497580357172
0.3268533902680544
0.32691151297470056
0.32687102235128707
0.32685331551016994
0.3268780111096826
0.32685331551016994
0.3268533902680544
0.3268533902680544
0.3268533902680544
0.3268533902680544
0.32689571795079975
0.566855305456651
0.32786557297605157
0.32922477174485354
0.3268533902680544
0.32687808586756706
0.32687808586756706
0.3268533902680544
0.32687808586756706
0.32685331551016994
0.3269539154153305
0.32687808586756706
0.3268533902680544
0.32691151297470056
0.32687808586756706
0.3268533902680544
0.3268780111096826
0.3297915006803177
0.32687808586756706
0.32687808586756706
0.32687808586756706
0.3268533902680544
0.32687808586756706
0.32689571795079975
0.3292493925864818
0.326911587732585
0.3268774635653968
0.32979863895448214
0.3268780111096826
0.33853945980210276
1.4414516063343241
0.3268533902680544
0.3268780111096826
0.32687808586756706
0.32685276796588414
0.32687808586756706
0.3268533902680544
0.3298497729027329
0.32983214081950013
0.3268533902680544
0.3269362085742133
0.32687808586756706
0.32689571795079975
0.32687808586756706
0.3268533902680544
0.3268533902680544
0.3268780111096826
0.3269291450579333
0.32687808586756706
0.3268533902680544
0.326911587732585
0.3292246969869691
0.3268533902680544
0.32687808586756706
0.32687808586756706
0.32786557297605157
0.3268780111096826
0.32687808586756706
0.32687808586756706
0.32687808586756706
0.326911587732585
0.32685276796588414
0.3268533902680544
0.32687808586756706
0.3268533902680544
0.32685331551016994
0.3268533902680544
1.4414516063343241
0.326911587732585
0.32689571795079975
0.32687102235128707
0.3268780111096826
0.3268780111096826
0.3268780111096826
0.3268780111096826
0.3268533902680544
0.7961282081811579
0.32685331551016994
0.32687808586756706
0.3268533902680544
0.32687808586756706
0.32693628333209773
0.32687808586756706
0.3268533902680544
0.3284231370964871
0.3268780111096826
0.3268533902680544
0.3268533902680544
0.3268533902680544
0.32687808586756706
0.3268533902680544
0.32687808586756706
0.32687808586756706
0.7961282829390424
0.3268533902680544
0.32687808586756706
0.32687808586756706
0.3268533902680544
0.3268533902680544
0.7958331083609
0.32860638008537657
0.32685331551016994
0.3268533902680544
0.32687808586756706
0.3292347827486515
0.3268780111096826
0.32693628333209773
0.326911587732585
0.33815604054194537
0.32687808586756706
0.32685276796588414
0.326911587732585
0.32687808586756706
0.3269539154153305
0.32687808586756706
0.32685276796588414
0.32687808586756706
0.3268533902680544
0.3268780111096826
0.3268533902680544
0.42425582996237565
0.32687808586756706
0.32687808586756706
0.3268533902680544
0.32685331551016994
0.32687102235128707
0.3268533902680544
0.3268533902680544
0.32687808586756706
0.32687808586756706
0.3268774635653968
0.3274320763159527
0.32687808586756706
