0.3271782219755371
0.327161369029449
0.327161369029449
0.3271606581458171
0.327161369029449
0.3271592414733713
0.327161369029449
0.32716074672727874
0.327161369029449
0.32716074672727874
0.34504295250226646
0.32717751109190524
0.3271606581458171
0.32718606462896166
0.3271760944194594
0.3271760944194594
0.3271606581458171
0.32717759967336685
0.32841608881333817
1.7841487267267053
0.3271599523570031
0.327161369029449
0.327161369029449
0.3271606581458171
0.3271606581458171
0.35157278527322056
0.3271768053030913
0.3271606581458171
0.327161369029449
0.327161369029449
0.32716003584364683
0.327161369029449
0.32716074672727874
0.32715861917120104
0.351574290527128
0.327161369029449
0.3271782219755371
0.36381670244953357
0.327161369029449
0.3271606581458171
0.32716074672727874
0.327161369029449
0.32717751109190524
0.3271606581458171
0.3272029175750498
0.33119007657791893
0.42526854046059287
0.3271782219755371
1.0438433238106033
0.32718535374532975
0.327161369029449
0.32839985816942024
0.6745055190656402
0.327161369029449
0.327161369029449
0.3271606581458171
0.3271782219755371
0.327161369029449
0.327161369029449
0.32715861917120104
0.4651529577289841
0.3271593300548329
0.32718464795651586
0.3271782219755371
0.3271606581458171
0.3271606581458171
0.3271606581458171
0.32717751109190524
0.3271599523570031
0.327161369029449
0.32716074672727874
0.327161369029449
0.32718535374532975
0.32718464795651586
0.3271606581458171
0.3271606581458171
0.327161369029449
0.3277182208750502
0.327161369029449
0.327161369029449
0.32716003584364683
0.3271599523570031
0.3271592414733713
0.327161369029449
0.3271606581458171
0.327161369029449
0.32718464795651586
0.3271606581458171
0.3271592414733713
0.3271782219755371
0.327161369029449
0.327161369029449
0.3271592414733713
0.327161369029449
0.35157420194566635
0.32716074672727874
0.32717618300092105
0.3271782219755371
0.32716074672727874
0.42526782957696097
1.08182898276466
0.32717751109190524
0.327161369029449
0.3271606581458171
0.327161369029449
0.3271606581458171
0.35157420194566635
0.3271840256543456
0.327161369029449
0.32717751109190524
0.327161369029449
0.7279010936784176
0.327161369029449
0.327161369029449
0.7279023148182826
0.327161369029449
0.3322034475384149
0.32716074672727874
0.327161369029449
0.32718393707288396
1.620180763606604
0.3271606581458171
0.327161369029449
0.327161369029449
0.3310000854145125
0.3271599523570031
0.327161369029449
0.3271606581458171
0.32717751109190524
0.327161369029449
0.3271606581458171
0.3271768053030913
0.32716003584364683
0.3271592414733713
0.327161369029449
0.327161369029449
0.3271606581458171
0.3271606581458171
0.32716003584364683
0.3271606581458171
0.3271833147707137
0.32716003584364683
0.327161369029449
0.3271606581458171
0.3271768053030913
0.32718535374532975
0.327161369029449
0.327161369029449
0.327161369029449
0.327161369029449
0.327161369029449
0.327161369029449
0.32718464795651586
0.3271599523570031
0.3271599523570031
0.32716003584364683
0.3271599523570031
0.32716003584364683
0.327161369029449
0.32718464795651586
0.3819760466163387
0.32772034843112785
0.32718393707288396
0.327161369029449
0.327161369029449
0.3819748245495587
0.32716003584364683
0.3271599523570031
0.3271606581458171
0.3271592414733713
0.327161369029449
0.3271599523570031
0.3312007984653488
0.3271606581458171
0.327161369029449
0.3271606581458171
0.3271592414733713
0.32716074672727874
0.3271606581458171
0.32716003584364683
0.32716074672727874
0.3638173247517038
0.3271606581458171
0.327161369029449
0.32716003584364683
0.3271606581458171
0.32717759967336685
0.327161369029449
0.4252646091167098
0.3515735796434961
0.327161369029449
0.327161369029449
0.3271606581458171
0.327161369029449
0.3303931200262814
0.32716074672727874
1.6201823936368973
0.327161369029449
0.3271606581458171
0.32718464795651586
0.9880456174172543
0.327161369029449
0.32983214081950013
0.32716074672727874
0.32983214081950013
0.3271592414733713
0.3271782219755371
0.32718606462896166
0.327161369029449
0.327161369029449
0.3271606581458171
0.327161369029449
0.3503905523747082
0.3271606581458171
0.32717751109190524
0.32716074672727874
0.3271592414733713
0.3271782219755371
0.327161369029449
0.3271606581458171
0.327161369029449
0.327161369029449
0.327161369029449
0.3271593300548329
0.3276227831331741
0.32716003584364683
0.32715861917120104
0.32716074672727874
0.3271606581458171
0.3271599523570031
0.3271606581458171
0.3271599523570031
0.32718464795651586
0.327161369029449
0.32718606462896166
0.327161369029449
0.3271606581458171
0.327161369029449
0.3271592414733713
0.3271606581458171
0.3271606581458171
0.3515749128292982
0.32717751109190524
0.3271599523570031
0.32716003584364683
0.32840056905305215
0.3312007984653488
0.327161369029449
0.3271592414733713
0.5306209881558347
0.327161369029449
0.327161369029449
0.32716074672727874
0.32716003584364683
0.327161369029449
0.3638168135685557
0.4254794496772848
0.32716074672727874
0.3271599523570031
0.3271782219755371
0.3309768064874456
0.3271606581458171
0.3271592414733713
0.3272029175750498
0.3271606581458171
0.327161369029449
0.32716074672727874
0.35159105489175446
0.327161369029449
0.32716074672727874
0.3271599523570031
0.3271606581458171
0.327161369029449
0.3271606581458171
0.3271833147707137
0.3271592414733713
0.3271606581458171
0.3271606581458171
0.327161369029449
0.3271606581458171
0.327161369029449
0.32716074672727874
0.3271606581458171
0.327161369029449
0.33078605130508226
0.327161369029449
0.35966331733859785
0.327161369029449
0.32716003584364683
0.32716003584364683
0.32760584160562434
0.3271592414733713
0.327161369029449
0.32839923586725006
0.327161369029449
0.3312007984653488
0.3271606581458171
0.3271606581458171
0.32716074672727874
0.7279010936784176
0.3276291205326912
0.32760584160562434
0.33039257248199555
0.3271606581458171
0.3271606581458171
0.327161369029449
0.327161369029449
0.3271606581458171
0.327161369029449
0.32718464795651586
0.32717547211728915
0.327161369029449
0.32718464795651586
0.327161369029449
0.7419539244997491
0.45055937105282845
0.3271599523570031
0.3271599523570031
0.3271606581458171
0.32760584160562434
0.3276065524892562
0.3271606581458171
0.32716074672727874
0.3271606581458171
0.32717751109190524
0.3271606581458171
0.5298410308446575
0.3596407492951629
0.327161369029449
0.327161369029449
0.32718464795651586
0.3271599523570031
0.3271782219755371
0.3271599523570031
0.327161369029449
0.3271606581458171
0.327161369029449
0.327161369029449
0.32718393707288396
0.32717751109190524
0.32717751109190524
0.359640038411531
0.33122407739241566
0.32717759967336685
0.3271782219755371
0.7279023148182826
0.327161369029449
0.32716074672727874
0.32716074672727874
0.32717751109190524
0.3271599523570031
0.32716074672727874
0.9880732722649073
0.327161369029449
0.3309760956038137
0.32715861917120104
0.327161369029449
0.3276065524892562
0.33123233600715163
0.3271840256543456
0.3272029175750498
0.3596407492951629
0.3271606581458171
0.32983214081950013
0.3271599523570031
0.3309900744107145
0.32716074672727874
0.327161369029449
0.327161369029449
1.0432843823019322
0.3271606581458171
0.32716003584364683
0.3271782219755371
0.32716074672727874
0.327161369029449
0.327161369029449
0.327161369029449
0.35157420194566635
0.3271606581458171
0.327161369029449
0.3271606581458171
0.32716074672727874
0.327161369029449
0.327161369029449
0.3271606581458171
0.327161369029449
0.32716003584364683
0.32716003584364683
0.3271782219755371
0.36787143878331835
0.32716003584364683
0.359640038411531
0.327161369029449
0.327161369029449
0.3271593300548329
0.3271606581458171
0.3283999467508819
0.327161369029449
0.32715861917120104
0.3271599523570031
0.32716003584364683
0.3638161077797418
0.3271592414733713
0.7419533164870612
0.3271606581458171
0.327161369029449
0.3271599523570031
0.3271833147707137
0.7279167867141182
0.32716074672727874
0.3312007984653488
0.3271782219755371
0.3271782219755371
0.327161369029449
0.3271782219755371
1.6422489800768245
0.351574290527128
0.32718464795651586
0.3271606581458171
0.3271599523570031
0.3271606581458171
0.3271782219755371
0.3271606581458171
0.32718464795651586
0.327161369029449
0.3271606581458171
0.32716074672727874
0.3271606581458171
0.327161369029449
0.327161369029449
0.327161369029449
0.3271782219755371
0.32718535374532975
0.32717688878973494
0.327161369029449
0.327161369029449
0.327161369029449
0.327161369029449
0.3271599523570031
0.327161369029449
0.32716074672727874
0.3450436633858984
0.327161369029449
0.32716003584364683
0.3271606581458171
0.32716003584364683
0.32718393707288396
0.32717751109190524
0.3271606581458171
0.3309667954836476
0.6891889896047564
0.32716003584364683
0.327161369029449
0.32760584160562434
1.6201825183711727
0.3271606581458171
0.33122549406486146
0.32715861917120104
0.3271606581458171
0.3277364904935841
0.327161369029449
0.32716003584364683
0.3271599523570031
0.327161369029449
0.3638175244521876
0.3271606581458171
0.32716003584364683
0.3271599523570031
0.3271606581458171
0.32716074672727874
0.3271606581458171
0.3271599523570031
0.3271606581458171
0.3271606581458171
0.327161369029449
0.3450436633858984
0.327161369029449
0.32717751109190524
0.3271606581458171
0.327161369029449
0.3271606581458171
0.32716003584364683
0.3271840256543456
0.327161369029449
0.327161369029449
0.327161369029449
0.3271847314431595
0.327161369029449
0.327161369029449
0.327161369029449
0.327161369029449
0.327161369029449
0.327161369029449
0.327161369029449
0.327161369029449
0.3271599523570031
0.32717751109190524
0.32716074672727874
0.33121406638861767
0.3271606581458171
0.32717751109190524
0.3550838602159937
0.32716003584364683
0.327161369029449
0.3271606581458171
0.32720079001897207
0.3271593300548329
0.3271592414733713
0.3271782219755371
0.32718393707288396
0.327161369029449
0.3271768053030913
0.32718606462896166
0.3271606581458171
0.327161369029449
0.3271606581458171
0.3271606581458171
0.3271768053030913
0.3271840256543456
0.32716074672727874
0.327161369029449
0.327161369029449
0.3271782219755371
0.3271593300548329
0.327161369029449
0.327161369029449
0.3271606581458171
0.3638175244521876
0.327161369029449
0.3271592414733713
0.3450430410837282
0.327161369029449
0.3271606581458171
0.32718464795651586
0.32716003584364683
0.3271592414733713
0.327161369029449
0.327161369029449
0.3271606581458171
0.3271599523570031
0.327161369029449
0.327161369029449
0.327161369029449
0.3450422467134526
0.32716003584364683
0.3271760944194594
0.327161369029449
0.327161369029449
0.3271606581458171
0.327161369029449
0.32716074672727874
0.32717751109190524
0.3271606581458171
0.327161369029449
0.3271606581458171
0.3271606581458171
0.32716074672727874
0.3271782219755371
0.327161369029449
0.3271606581458171
0.32717751109190524
0.327161369029449
0.32977394335496946
0.3271599523570031
0.32717751109190524
0.327161369029449
0.3271606581458171
0.3271606581458171
0.3450436633858984
0.327161369029449
0.3271606581458171
0.327161369029449
0.32716003584364683
0.3271606581458171
0.3309768064874456
0.3515749128292982
0.3271606581458171
0.327161369029449
0.32718393707288396
0.3272029175750498
0.327161369029449
0.327161369029449
0.327161369029449
0.33041719332362385
0.359640038411531
0.327161369029449
0.32718606462896166
0.3271782219755371
0.3271606581458171
0.327161369029449
0.32718464795651586
0.327161369029449
0.42526782957696097
0.3271593300548329
0.3271592414733713
0.3271599523570031
0.8018901863141288
0.3271593300548329
0.3271599523570031
0.327161369029449
0.327161369029449
0.327161369029449
0.327161369029449
0.3271606581458171
0.327161369029449
0.34504295250226646
0.3309667954836476
0.3271593300548329
0.3271606581458171
0.32716074672727874
0.3271606581458171
0.32716074672727874
0.32983214081950013
0.327161369029449
0.327161369029449
0.327161369029449
0.32840056905305215
0.327161369029449
0.32716003584364683
0.3271606581458171
0.32716003584364683
0.3271840256543456
0.327161369029449
0.3271592414733713
0.327161369029449
0.327161369029449
0.327161369029449
0.327161369029449
0.327161369029449
0.3271599523570031
0.327161369029449
0.3271606581458171
0.32716074672727874
0.327161369029449
0.327161369029449
0.3271606581458171
0.33122549406486146
0.3271606581458171
0.327161369029449
0.3271606581458171
0.327161369029449
0.3271592414733713
0.32716074672727874
0.327161369029449
0.32716074672727874
0.5298409560867731
0.32715861917120104
0.988079454924457
0.3271768053030913
0.327161369029449
0.327161369029449
0.327161369029449
0.3271606581458171
0.32717547211728915
0.3271606581458171
0.3271606581458171
0.32716003584364683
0.32716074672727874
0.327161369029449
0.32718464795651586
0.3271606581458171
0.32717751109190524
0.327161369029449
0.3271782219755371
0.34504295250226646
0.327161369029449
0.3271760944194594
0.32718535374532975
0.32717688878973494
0.3271606581458171
0.327161369029449
0.3271782219755371
0.3271606581458171
0.327161369029449
0.327161369029449
0.32717751109190524
0.3271782219755371
1.620181678441416
0.3271606581458171
0.3271593300548329
0.3271606581458171
0.32718393707288396
0.3309768064874456
0.327161369029449
0.327161369029449
0.32718606462896166
0.327161369029449
0.34504295250226646
0.3312007984653488
0.32718393707288396
0.3271606581458171
0.32717751109190524
0.327161369029449
0.3271768053030913
0.3271599523570031
0.327161369029449
0.3271606581458171
0.327161369029449
0.327161369029449
0.3271606581458171
0.5305745291204493
0.7419527033598842
0.32716074672727874
0.3271606581458171
0.3271606581458171
0.3271599523570031
0.32718393707288396
0.32760584160562434
0.3271606581458171
0.327161369029449
0.3271592414733713
0.351574290527128
0.3271606581458171
0.3271599523570031
0.32716003584364683
0.9880811930327325
0.3271599523570031
0.327161369029449
0.3271606581458171
0.327161369029449
0.3271593300548329
0.327161369029449
0.327161369029449
0.3271592414733713
0.3271768053030913
0.3271599523570031
0.3271599523570031
0.327161369029449
0.3271606581458171
0.3271599523570031
0.327161369029449
0.3271782219755371
0.3271606581458171
0.42526854046059287
0.327161369029449
1.620180763606604
0.32717751109190524
0.327161369029449
0.3271606581458171
0.32718535374532975
0.327161369029449
0.32716074672727874
0.327161369029449
0.327161369029449
0.7279023148182826
0.4505807216767528
1.6201811717063825
0.3271592414733713
0.3311986709092711
0.327161369029449
0.327161369029449
0.32718606462896166
0.3271840256543456
0.3271599523570031
0.327161369029449
0.32718464795651586
0.327161369029449
0.6891035480171892
0.327161369029449
0.3271599523570031
0.3638168135685557
0.6891035480171892
0.32716074672727874
0.327161369029449
0.327161369029449
0.327161369029449
0.3271782219755371
0.3271782219755371
0.32716003584364683
0.331199381792903
1.6201698123046004
0.3271599523570031
0.327161369029449
0.32716003584364683
0.3276051358168104
0.32715861917120104
0.32716074672727874
0.327161369029449
0.3515981917563651
0.32716074672727874
0.327161369029449
0.327161369029449
0.7279023148182826
0.3271606581458171
0.327161369029449
0.3271606581458171
0.3271782219755371
0.32717759967336685
0.32716003584364683
0.32717751109190524
0.3271606581458171
0.35039117467687847
0.327161369029449
0.3271599523570031
0.3271592414733713
0.3271606581458171
0.32716074672727874
1.6201819855371187
1.0247349132972925
0.3271606581458171
0.327161369029449
0.3277182208750502
0.3271606581458171
0.3271760944194594
0.327161369029449
0.327161369029449
0.327161369029449
0.327161369029449
0.32720150090260397
0.3271606581458171
0.3271606581458171
0.3271782219755371
0.3271782219755371
0.327161369029449
0.327161369029449
0.3271782219755371
0.3271606581458171
0.3271782219755371
0.3312155238553592
0.32718393707288396
0.327161369029449
0.327161369029449
0.32717751109190524
0.3271782219755371
0.42526782957696097
0.3271768053030913
0.32718464795651586
0.32716074672727874
0.32716003584364683
0.42526854046059287
0.3271599523570031
0.7341108952232693
0.68912753273307
0.9880468385571193
0.3271833147707137
0.3271599523570031
0.32772034843112785
0.32718535374532975
0.35157420194566635
0.3271599523570031
0.327161369029449
0.32718393707288396
0.3271606581458171
0.3271760944194594
0.33122407739241566
0.327161369029449
0.3271847314431595
0.32720079001897207
0.3271599523570031
0.32716074672727874
0.3271592414733713
0.327161369029449
0.32717688878973494
0.3271606581458171
0.3271606581458171
0.3271606581458171
0.32718393707288396
0.327161369029449
0.327161369029449
0.3271782219755371
0.3271760944194594
0.327161369029449
0.327161369029449
0.3271592414733713
0.327161369029449
0.327161369029449
0.3309768064874456
0.7547313723814454
0.3271606581458171
0.327161369029449
0.3271592414733713
0.32717688878973494
0.7279010936784176
0.9880732722649073
0.3271782219755371
0.3271606581458171
0.32718393707288396
0.327161369029449
0.3271782219755371
0.3271592414733713
0.3271593300548329
0.3271606581458171
0.32717751109190524
0.3271599523570031
0.327161369029449
0.327161369029449
0.32716003584364683
0.3271606581458171
0.3271593300548329
0.3311886599054731
0.3271593300548329
0.327161369029449
0.327161369029449
0.3271760944194594
0.32716074672727874
0.32841742199914026
0.3271782219755371
0.32716003584364683
0.3271606581458171
0.35964063817614067
0.32717759967336685
0.327161369029449
0.3271599523570031
0.3271599523570031
0.327161369029449
0.327161369029449
0.3271599523570031
0.3271606581458171
0.3271592414733713
0.3271599523570031
0.3271760944194594
0.3271606581458171
0.3271592414733713
0.327161369029449
0.3271606581458171
0.3271606581458171
0.3271606581458171
0.327161369029449
0.327161369029449
0.42526782957696097
0.327161369029449
0.35964012699299264
0.32716003584364683
0.327161369029449
0.3638168135685557
0.3271840256543456
0.3271592414733713
0.3271592414733713
0.3271599523570031
0.327161369029449
0.3271606581458171
0.32716074672727874
0.327161369029449
0.327161369029449
0.327161369029449
0.3271592414733713
0.32718464795651586
0.32717759967336685
0.32715861917120104
0.35157278527322056
0.327161369029449
0.3271606581458171
0.3271606581458171
0.3271599523570031
0.3271606581458171
0.327161369029449
0.327161369029449
0.327161369029449
0.327161369029449
0.32718393707288396
0.327161369029449
0.32716074672727874
0.7419780120865739
0.327161369029449
0.32718606462896166
0.3271606581458171
0.327161369029449
0.32718606462896166
1.620180763606604
0.6891621218045748
0.3312007984653488
0.32717688878973494
0.34560264278757735
0.327719637547496
0.3277450440306406
0.327161369029449
0.327161369029449
0.3271782219755371
0.3271606581458171
0.327161369029449
0.3271606581458171
0.327161369029449
0.327161369029449
1.0433548927877372
0.35157420194566635
0.32716003584364683
0.327161369029449
0.32718535374532975
0.32718606462896166
0.327161369029449
0.327161369029449
0.32716003584364683
0.3271833147707137
0.3271599523570031
0.327161369029449
0.327161369029449
0.32983214081950013
0.327161369029449
0.327161369029449
0.327161369029449
0.345625299412474
0.32716003584364683
0.32716074672727874
0.327161369029449
0.3271599523570031
0.327161369029449
0.32716003584364683
0.3271606581458171
0.3271599523570031
0.3271599523570031
