0.32685331551016994
0.3268703252912324
0.4242862872293302
0.32685331551016994
0.3268703252912324
0.32685276796588414
0.3268526932079997
0.3268526932079997
0.3268526932079997
0.3268526932079997
0.32685331551016994
0.3268526932079997
0.3268526932079997
0.32685331551016994
0.3268526932079997
0.3268526932079997
0.32685276796588414
0.3268703252912324
0.8912319881690218
0.3268526932079997
0.3268526932079997
0.32685331551016994
0.3268526932079997
0.3268709475934026
0.32685276796588414
0.3268703252912324
0.32685276796588414
0.3268526932079997
0.32685276796588414
0.3268526932079997
0.32685331551016994
0.5240899870365678
0.4468801815064599
0.32685276796588414
0.3268526932079997
0.3268526932079997
0.3268709475934026
0.3268526932079997
0.3268526932079997
0.32685331551016994
0.32685276796588414
0.3268526932079997
0.32685276796588414
0.32685276796588414
0.3268526932079997
0.3268704000491168
0.3268526932079997
0.3268533902680544
0.3547235735017491
0.3268526932079997
0.32685276796588414
0.3268703252912324
0.3268526932079997
0.4242565408460075
0.32685331551016994
0.4468801815064599
0.32685276796588414
0.3268704000491168
0.32685331551016994
0.3268526932079997
0.3268526932079997
0.3268526932079997
0.3268526932079997
0.32685276796588414
0.3268526932079997
0.32685331551016994
0.3268526932079997
0.3268526932079997
0.32685276796588414
0.3268526932079997
0.32685276796588414
0.32685276796588414
0.3285886732442594
0.32685331551016994
0.32685276796588414
0.3268526932079997
0.32685331551016994
0.3268526932079997
0.32685331551016994
0.32685331551016994
0.3283978191948042
0.3268526932079997
0.32741444423272004
0.3268526932079997
0.329773868597085
0.3292347827486515
0.3268533902680544
0.3268526932079997
0.32685331551016994
0.3638161077797418
0.3268533902680544
0.32685276796588414
0.3268526932079997
0.32685276796588414
0.3268703252912324
0.3268526932079997
0.3268526932079997
0.3268526932079997
0.3268526932079997
0.3268526932079997
0.32685276796588414
0.3268526932079997
0.32685331551016994
0.3268704000491168
0.32685331551016994
0.3269108906725303
0.32922477174485354
0.3268709475934026
0.32685276796588414
0.32685276796588414
0.3268533902680544
0.32685276796588414
0.32685276796588414
0.3268526932079997
0.3268526932079997
0.3268526932079997
0.3268526932079997
0.32685331551016994
0.3268526932079997
0.3268526932079997
0.44687947062282807
0.3268773888075124
0.3268533902680544
0.32685331551016994
0.3268526932079997
0.3268703252912324
0.32685276796588414
0.3268526932079997
0.32685331551016994
0.3385375471796399
0.3268526932079997
0.3268526932079997
0.3268526932079997
0.32685276796588414
0.3268703252912324
0.5822693060927726
0.3268526932079997
0.3268526932079997
0.3268526932079997
0.32685276796588414
0.3268526932079997
0.32923470799076704
0.32685276796588414
0.32860638008537657
0.3268526932079997
0.326911587732585
0.32685331551016994
0.3268526932079997
0.5668293099749976
0.3268533902680544
0.3268526932079997
0.3385375471796399
0.32685331551016994
0.3268526932079997
0.3268526932079997
0.3268526932079997
0.32685276796588414
0.32687102235128707
0.3268703252912324
0.3268526932079997
0.3268526932079997
0.3268526932079997
0.3268526932079997
0.3268773888075124
0.32685276796588414
0.32685276796588414
0.32685276796588414
0.32685276796588414
0.32685331551016994
0.3268526932079997
0.3268526932079997
0.3268703252912324
0.32743137925589805
0.32685331551016994
0.3268526932079997
0.3268526932079997
0.3268526932079997
0.3268703252912324
0.3268526932079997
0.32741374717266536
0.3268526932079997
0.3548057695057377
0.3268526932079997
0.32895679859648314
0.32685276796588414
0.36437375399561855
0.32685331551016994
0.3268773888075124
0.3268526932079997
0.3268533902680544
0.32685331551016994
0.3269108906725303
0.32685276796588414
0.3268526932079997
0.3268526932079997
0.3268526932079997
0.3268526932079997
0.3268526932079997
0.3278401803164842
0.3268703252912324
0.3268533902680544
0.3268526932079997
0.3292246969869691
0.32685331551016994
0.8912319881690218
0.32685276796588414
0.32685331551016994
0.32685331551016994
0.7957640537600177
0.32685331551016994
0.3268533902680544
0.3269285975136475
0.3268526932079997
0.3268703252912324
0.3285787369983459
0.3268709475934026
0.3268526932079997
0.3268526932079997
0.32685276796588414
0.4468801815064599
0.32685276796588414
0.32685331551016994
0.32685276796588414
0.3268703252912324
0.32685276796588414
0.3268526932079997
0.3268526932079997
0.32685276796588414
0.3268526932079997
0.3268526932079997
0.3268526932079997
0.3268526932079997
0.32685276796588414
0.32685276796588414
0.3268526932079997
0.3268533902680544
0.32685331551016994
0.3465666930588952
0.3268526932079997
0.32685276796588414
0.32685331551016994
0.3268526932079997
0.35472295119957886
0.3268704000491168
0.32685276796588414
1.0239946777804763
0.32685331551016994
0.3268533902680544
0.3268526932079997
0.3268526932079997
0.3268526932079997
0.32685276796588414
0.3268526932079997
0.3268526932079997
0.32685276796588414
0.338130647882378
0.3268526932079997
0.3268704000491168
0.3268533902680544
0.32685331551016994
0.33853816948181015
0.32784080261865445
0.3268526932079997
0.32685276796588414
0.3268526932079997
0.3268526932079997
0.3268533902680544
0.32685331551016994
0.32685276796588414
0.3268526932079997
0.3268704000491168
0.3268526932079997
0.3268526932079997
0.32685276796588414
0.3268533902680544
0.32685276796588414
0.3268526932079997
0.32685331551016994
0.3268526932079997
0.3268526932079997
0.3268526932079997
0.3471101149403282
0.32685276796588414
0.32685276796588414
0.3268526932079997
0.32685331551016994
0.3292246969869691
0.3268526932079997
0.3268526932079997
0.3268526932079997
0.3268526932079997
0.32691151297470056
0.3268703252912324
0.3268526932079997
0.3268533902680544
0.3268533902680544
0.3268533902680544
0.32685276796588414
0.32685331551016994
0.32685331551016994
0.3268526932079997
0.3268533902680544
0.32685276796588414
0.3268773888075124
0.3268526932079997
0.32685331551016994
0.3268526932079997
0.32685276796588414
0.3268526932079997
0.3268526932079997
0.3268526932079997
0.3285962943236942
0.3268533902680544
0.3269108906725303
0.32685331551016994
0.32685276796588414
0.3268526932079997
0.3268526932079997
0.3268526932079997
0.3268526932079997
0.3268703252912324
0.7957640537600177
0.3268526932079997
0.3268526932079997
0.3268533902680544
0.3268533902680544
0.3268773888075124
0.32685276796588414
0.34656676781677964
0.3268526932079997
0.3268526932079997
0.3268526932079997
0.32685276796588414
0.32685331551016994
0.32685276796588414
0.3268703252912324
0.3268526932079997
0.3268526932079997
0.3268526932079997
0.32685276796588414
0.32685331551016994
0.32685276796588414
0.3297733210527992
0.32685276796588414
0.3268526932079997
0.32685331551016994
0.32685331551016994
0.3268773888075124
0.3268526932079997
0.3268526932079997
0.32685276796588414
0.3268526932079997
0.3268526932079997
0.3268533902680544
0.3268526932079997
0.7957640537600177
0.3268526932079997
0.32685276796588414
0.32685331551016994
0.3268526932079997
0.32685276796588414
0.32685331551016994
0.3268526932079997
1.5571473844595665
0.32685331551016994
0.326935586272043
0.3268526932079997
0.32685331551016994
0.3268526932079997
0.32685331551016994
1.557147360604139
0.3465917896553624
0.3268774635653968
0.3268526932079997
0.3268526932079997
0.3268526932079997
0.32685331551016994
0.3268526932079997
0.32685276796588414
0.32685276796588414
0.3268526932079997
0.3268703252912324
0.3268526932079997
0.32685276796588414
0.3268526932079997
0.3268704000491168
0.3268703252912324
0.32685276796588414
0.32685331551016994
0.3268703252912324
0.32685331551016994
0.3268526932079997
0.5668457821478426
0.32923470799076704
0.3268526932079997
0.32685276796588414
0.32685331551016994
0.3268526932079997
0.3268526932079997
0.3268526932079997
0.3268773888075124
0.3547228764416944
0.3268533902680544
0.32685331551016994
0.32685331551016994
0.32685276796588414
0.3268526932079997
0.6745602578090275
0.32685331551016994
0.3268526932079997
0.5239048928593155
0.3268526932079997
0.3268526932079997
0.32685276796588414
0.3268526932079997
0.3268526932079997
0.3268526932079997
0.32685331551016994
0.3268780111096826
0.32685276796588414
0.3268526932079997
0.32687102235128707
0.32685331551016994
0.3268526932079997
0.32685276796588414
0.3268526932079997
0.32866163006238924
0.3268526932079997
0.32685331551016994
0.32685276796588414
0.8912319881690218
0.32685276796588414
0.3268526932079997
0.3268526932079997
0.9690029473987503
0.32685276796588414
0.3268526932079997
0.32685331551016994
0.3268526932079997
0.3268526932079997
0.3268526932079997
0.32687102235128707
0.32687808586756706
0.32685331551016994
0.32857866224046145
1.4414395809566978
0.3268526932079997
0.32685276796588414
0.338130647882378
0.32685276796588414
0.32685276796588414
0.32685331551016994
0.32685331551016994
0.3274143694748356
0.32685276796588414
0.3268533902680544
0.32685331551016994
0.32685276796588414
0.3547228764416944
0.3268526932079997
0.32685331551016994
0.3268526932079997
0.32685276796588414
0.7957371859598362
0.3268526932079997
0.3268704000491168
0.3268526932079997
0.3268526932079997
0.32685276796588414
0.3274143694748356
0.5239048928593155
0.3268533902680544
0.3268526932079997
0.3268780111096826
0.3268526932079997
0.3268526932079997
0.32685276796588414
0.32685276796588414
0.32685276796588414
0.3268526932079997
0.3268526932079997
0.3268526932079997
0.3268526932079997
0.3268526932079997
0.9510187708439789
0.32685276796588414
0.32685331551016994
0.3268526932079997
0.32685331551016994
0.32685276796588414
0.32685331551016994
0.32685331551016994
0.3268526932079997
0.3268526932079997
0.3268526932079997
0.32860343259785857
0.32685331551016994
0.3268526932079997
0.3268526932079997
0.3268526932079997
0.3268526932079997
0.3381293575620853
0.32685276796588414
0.32685276796588414
0.3268526932079997
0.32685331551016994
0.3268526932079997
0.3286615553045048
0.32685276796588414
0.32685331551016994
0.32685276796588414
0.3268703252912324
0.3268526932079997
0.32685331551016994
0.42427718058629993
0.32685276796588414
0.3268703252912324
0.32685276796588414
0.3268526932079997
0.32685331551016994
0.3268526932079997
0.3268526932079997
0.32685276796588414
0.32685276796588414
0.32685331551016994
0.32685276796588414
0.3268526932079997
0.3268533902680544
0.32685276796588414
0.3268526932079997
0.5669675786348868
0.3268526932079997
0.3268526932079997
0.3268526932079997
1.440639217790927
0.32685331551016994
0.32685331551016994
0.32857866224046145
0.32685276796588414
0.3289574208986534
0.3268526932079997
0.8912319881690218
0.32685276796588414
0.3268526932079997
0.3268526932079997
0.3268526932079997
0.32685331551016994
0.3268526932079997
0.3268526932079997
0.3268526932079997
0.3268526932079997
0.3471101896982126
0.44687947062282807
0.3268526932079997
0.3268526932079997
0.3268526932079997
0.3268526932079997
0.3268526932079997
0.3285887480021438
0.32693566102992744
0.3268526932079997
0.32685331551016994
1.4414501097169305
0.3268526932079997
0.3268526932079997
0.32685276796588414
0.32685276796588414
0.3268526932079997
0.32841467214089237
0.3268526932079997
0.5535227430530666
0.3268526932079997
0.32685331551016994
0.3268526932079997
0.3278401803164842
0.3268526932079997
0.32685276796588414
0.3268526932079997
0.32685331551016994
0.3268526932079997
0.32685331551016994
0.3268526932079997
0.3268526932079997
0.3268526932079997
0.3268526932079997
0.32895679859648314
0.32685276796588414
0.4242869981129621
0.3501137317491212
0.32687102235128707
0.3268526932079997
0.3268526932079997
0.3268526932079997
0.3268526932079997
0.32685331551016994
0.3285787369983459
0.3268526932079997
0.3268533902680544
0.3268526932079997
0.3268526932079997
0.3268526932079997
0.32685276796588414
0.3268533902680544
0.32923470799076704
0.3268533902680544
0.32685276796588414
0.32923470799076704
0.3268709475934026
0.32685276796588414
0.3268526932079997
0.3268526932079997
0.32685331551016994
0.32685331551016994
0.3471107372424984
0.3268709475934026
0.3268526932079997
0.32685331551016994
0.32685331551016994
0.32685331551016994
0.3268526932079997
0.3268526932079997
0.3268526932079997
0.3268533902680544
0.3268526932079997
0.3268526932079997
0.32685331551016994
0.3268709475934026
0.3268526932079997
0.32685331551016994
0.32687102235128707
0.3268526932079997
0.3268526932079997
0.32685331551016994
0.32685331551016994
0.32685276796588414
0.3268526932079997
0.951017817254375
0.3268526932079997
0.4242862872293302
0.3268533902680544
0.3269108906725303
0.3268526932079997
0.3268703252912324
0.32784080261865445
0.3268533902680544
0.5239049676172
0.32685276796588414
0.3268533902680544
0.3268526932079997
0.42425582996237565
0.3268526932079997
0.3268533902680544
0.3268526932079997
0.3268526932079997
0.32687808586756706
1.4414505322587012
0.32685276796588414
0.3268526932079997
0.32685276796588414
0.32685276796588414
0.3292670246697145
0.3285887480021438
1.4414395809566978
0.32685331551016994
0.32685331551016994
0.32685276796588414
0.3274138219305498
0.32685276796588414
0.3268703252912324
0.3268526932079997
0.3268526932079997
0.3268533902680544
0.32687102235128707
0.32685331551016994
0.32685331551016994
0.3268526932079997
0.3465666930588952
0.32685331551016994
0.3385375471796399
0.32685331551016994
0.3268704000491168
0.3268526932079997
1.4414510735002701
0.3268526932079997
0.32685276796588414
0.32685276796588414
0.3268526932079997
1.5571483243874784
0.8912319881690218
0.3268526932079997
0.32687102235128707
0.32685276796588414
0.3268526932079997
0.3268526932079997
0.32685276796588414
0.3268526932079997
0.32685331551016994
0.3268526932079997
0.3268526932079997
0.3268526932079997
0.3268703252912324
0.32685276796588414
0.3268526932079997
0.32685276796588414
0.32841529444306256
0.32784025507436865
0.32685331551016994
0.32685276796588414
0.32685331551016994
0.3268526932079997
0.3268526932079997
0.3268533902680544
0.42430763785325454
0.32685331551016994
0.3268526932079997
0.3268526932079997
0.3268526932079997
0.32685331551016994
0.3268526932079997
0.32685331551016994
0.32685276796588414
1.4414405447400374
0.3268526932079997
0.32685276796588414
0.7957640537600177
0.3268526932079997
0.32741374717266536
0.7957640537600177
0.3268533902680544
0.3268526932079997
0.32689502089074507
0.3268526932079997
0.32685276796588414
0.3268526932079997
0.338130647882378
0.32685276796588414
0.3268526932079997
0.3268526932079997
0.32685331551016994
0.32741374717266536
0.32922477174485354
0.32685276796588414
0.3292494673443662
0.32895679859648314
1.5571364093021354
0.3268526932079997
0.3268703252912324
0.3268526932079997
0.32685276796588414
0.3268526932079997
0.3289581317822853
0.3268526932079997
0.3268704000491168
0.32685276796588414
0.3268526932079997
0.3381293575620853
0.32685331551016994
0.3268526932079997
0.3268526932079997
0.3547228764416944
0.3268526932079997
0.3268526932079997
0.32685276796588414
0.32685331551016994
0.32685331551016994
0.32685276796588414
0.32685331551016994
0.3268526932079997
0.3268526932079997
0.3268526932079997
1.4414391584149269
1.4414391584149269
0.3268526932079997
0.3268526932079997
0.3268526932079997
0.32685331551016994
0.3268526932079997
0.32685331551016994
0.3268526932079997
0.3268533902680544
0.32685276796588414
0.32685331551016994
0.32685331551016994
0.3268526932079997
0.3268526932079997
0.36464157615704706
0.3268526932079997
0.3268526932079997
0.3268526932079997
0.3268526932079997
0.3268526932079997
0.7957371859598362
0.3268703252912324
0.3268526932079997
0.3268533902680544
0.3268526932079997
0.3268526932079997
0.3268533902680544
0.32685276796588414
0.3268526932079997
0.3268526932079997
1.4414401221982664
0.32685276796588414
0.3268780111096826
0.3268526932079997
0.3268526932079997
0.3471101896982126
0.3268526932079997
0.9510257380222
0.32685276796588414
0.3268526932079997
0.3268533902680544
0.3268526932079997
0.35472295119957886
0.3285962943236942
0.9505618666781996
0.3297732462949148
0.3268703252912324
0.32685276796588414
0.3268526932079997
0.32685331551016994
0.3268526932079997
0.3268526932079997
0.3268703252912324
0.3268526932079997
0.3268703252912324
0.32685276796588414
0.3268533902680544
0.338538912257817
0.32685276796588414
0.3268704000491168
0.3268526932079997
1.0130822483311852
0.3268526932079997
0.3285962943236942
0.3268533902680544
0.3268526932079997
0.3268526932079997
0.32685276796588414
0.3268526932079997
0.32685331551016994
0.3268533902680544
0.3292494673443662
0.3268526932079997
0.3268526932079997
0.3268526932079997
0.3268703252912324
0.3268703252912324
0.3268526932079997
0.3268526932079997
1.5571364093021354
0.32685331551016994
0.3268526932079997
0.3268526932079997
0.3268526932079997
1.5571364331575628
0.3274138219305498
0.3268526932079997
0.3268526932079997
0.3268533902680544
0.3268526932079997
0.33853762193752435
0.3268526932079997
0.3268533902680544
0.3268526932079997
0.3268526932079997
0.3268526932079997
0.3268526932079997
0.3268526932079997
0.3268526932079997
0.3268526932079997
0.32685276796588414
0.32685331551016994
0.3268526932079997
0.3268526932079997
0.3268526932079997
0.32685276796588414
0.3381293575620853
0.3268526932079997
0.3268526932079997
0.32685276796588414
0.32685276796588414
0.32685276796588414
0.32685276796588414
0.3268526932079997
0.3268533902680544
0.3268703252912324
0.3268533902680544
0.3268526932079997
0.3268526932079997
0.32685276796588414
0.3268703252912324
0.3268526932079997
0.3268526932079997
0.32685331551016994
0.3268526932079997
0.32685331551016994
0.32685331551016994
0.32685331551016994
0.3268533902680544
0.3268526932079997
0.3268526932079997
0.32685276796588414
0.3268526932079997
0.3268533902680544
0.3268704000491168
0.3268526932079997
0.3268526932079997
0.3268533902680544
0.3268703252912324
0.3268526932079997
0.32685276796588414
0.3646408790969924
0.3268526932079997
0.3268526932079997
0.3268526932079997
0.32685331551016994
0.32685331551016994
0.32685276796588414
0.32685276796588414
0.32685331551016994
0.3268526932079997
0.3268703252912324
0.3268526932079997
0.35472295119957886
0.3268526932079997
0.3268526932079997
0.32685276796588414
0.32685276796588414
0.3268526932079997
0.32685331551016994
0.3268709475934026
0.32685276796588414
0.3268526932079997
0.32685331551016994
0.32685331551016994
0.3268526932079997
0.3268526932079997
0.3268526932079997
0.32685331551016994
0.32685331551016994
0.3269108906725303
0.32685276796588414
0.3268526932079997
0.3268704000491168
0.3268526932079997
0.3268703252912324
0.32685331551016994
0.32685276796588414
0.32685276796588414
0.3268533902680544
0.3268526932079997
0.32685331551016994
0.32685331551016994
0.3268533902680544
0.32685276796588414
0.3268526932079997
0.32685331551016994
0.32685276796588414
0.32685331551016994
0.32685276796588414
0.32685276796588414
0.3268533902680544
0.3268709475934026
0.3268526932079997
0.3268526932079997
0.3268526932079997
0.32685331551016994
0.32685276796588414
0.3268526932079997
0.3268526932079997
0.3268526932079997
0.3268526932079997
0.32685331551016994
0.32685276796588414
0.3268526932079997
0.3268526932079997
0.32685331551016994
0.32685331551016994
0.32685331551016994
0.32685331551016994
0.3268526932079997
0.3268526932079997
0.3268526932079997
0.3268526932079997
0.3268526932079997
0.3268533902680544
0.3268526932079997
0.32685331551016994
0.3268526932079997
0.3268526932079997
0.32685331551016994
0.32685331551016994
0.32685331551016994
0.3268526932079997
0.3268703252912324
0.3268526932079997
0.32685331551016994
1.5571373969409021
0.3268526932079997
