0.327161369029449
0.3271760944194594
0.3271606581458171
0.3311886599054731
0.3271606581458171
0.3271606581458171
0.3271592414733713
0.3271606581458171
0.3450423302000963
0.327161369029449
0.3271606581458171
0.3271593300548329
0.3271599523570031
0.3271599523570031
0.3271599523570031
0.3276227831331741
0.689233020085305
0.327161369029449
0.3271606581458171
0.3271606581458171
0.32718606462896166
0.3271599523570031
0.32716003584364683
0.35159748087273324
0.32717688878973494
0.32716074672727874
0.6891035480171892
0.327161369029449
0.32692921981581774
0.35964054959467906
0.3271599523570031
0.32716074672727874
0.32716003584364683
0.32717547211728915
0.327161369029449
0.32716074672727874
0.3312062237351931
0.32716003584364683
0.3271606581458171
0.32716074672727874
0.32716074672727874
0.3271782219755371
0.327161369029449
0.3271782219755371
0.3271606581458171
0.327161369029449
0.3271606581458171
0.3312007984653488
0.3271606581458171
0.3271606581458171
0.32716074672727874
1.6201819855371187
0.3311986709092711
0.3271606581458171
0.327161369029449
0.327161369029449
0.6891621218045748
0.6891551114168835
0.327161369029449
0.3271599523570031
0.32716074672727874
0.3638168135685557
0.3271606581458171
0.327161369029449
0.3271599523570031
0.9880732722649073
0.3271768053030913
0.3450676481017792
0.5298409560867731
0.327161369029449
0.3271599523570031
0.327161369029449
0.327161369029449
0.3271606581458171
0.3271592414733713
0.327161369029449
0.7279010936784176
0.327737201377216
0.327161369029449
0.9880720511250425
0.3271599523570031
0.32716003584364683
0.327161369029449
0.3271606581458171
0.32716074672727874
0.327161369029449
0.327161369029449
0.3271606581458171
0.327161369029449
0.3271599523570031
0.3271592414733713
0.32716003584364683
0.327161369029449
0.327161369029449
0.3276044249331785
0.3271606581458171
0.32718606462896166
0.327161369029449
0.45059053920341496
0.327161369029449
0.3271592414733713
0.3271606581458171
0.3271782219755371
0.3271599523570031
0.35964054959467906
0.32716074672727874
0.327161369029449
0.42526782957696097
0.3271606581458171
0.327161369029449
0.32716074672727874
0.3271606581458171
0.327161369029449
0.9880732722649073
0.327161369029449
0.32716074672727874
1.0432843823019322
0.327161369029449
0.3271606581458171
0.3450422467134526
0.3271606581458171
0.327161369029449
0.32839844149697445
0.3271782219755371
0.3271592414733713
0.327161369029449
0.3271606581458171
0.32716003584364683
0.32717751109190524
0.327161369029449
0.32717759967336685
0.327161369029449
0.3271606581458171
0.42526854046059287
0.32717751109190524
0.3271592414733713
0.32717618300092105
0.3271768053030913
0.3271606581458171
0.3271606581458171
0.327161369029449
0.7279023148182826
0.3271606581458171
0.359640038411531
0.3271760944194594
0.32716074672727874
0.327161369029449
0.3271606581458171
0.3638161912663855
0.32716074672727874
0.3271593300548329
0.32716074672727874
0.3277450440306406
0.327161369029449
0.3271840256543456
0.3271599523570031
0.5298410308446575
0.327161369029449
0.3271606581458171
0.327161369029449
0.327161369029449
0.32718464795651586
0.327161369029449
0.3271606581458171
0.3312000875817169
0.327161369029449
0.327161369029449
0.32772034843112785
0.327161369029449
0.32718393707288396
0.3271592414733713
0.33243999848895195
0.3271782219755371
0.327161369029449
0.3271599523570031
0.351574290527128
0.327161369029449
0.327161369029449
0.32717751109190524
0.351574290527128
0.3271599523570031
0.32715861917120104
0.3271592414733713
0.32720150090260397
0.327161369029449
0.3271592414733713
0.3271606581458171
0.32718464795651586
0.32716003584364683
0.3271847314431595
0.3271606581458171
0.327161369029449
0.6891282436167019
0.327161369029449
0.327161369029449
0.32720150090260397
0.3271606581458171
0.3271606581458171
0.327161369029449
0.3271606581458171
0.3271782219755371
0.3456019319039454
0.35157420194566635
0.327719637547496
0.3271782219755371
0.3271606581458171
0.327161369029449
0.3271599523570031
0.327161369029449
0.32716003584364683
0.327161369029449
0.3271606581458171
0.3271606581458171
0.5298409560867731
0.3819755354331906
0.9880732722649073
0.32716003584364683
0.34900033145246356
0.35159176577538637
0.3271606581458171
0.3271768053030913
0.3271782219755371
0.32839985816942024
0.3515721629710503
0.3450436633858984
0.32718535374532975
0.3490257328407902
0.6891621218045748
0.3271592414733713
0.327161369029449
0.3271606581458171
0.3271782219755371
0.3271606581458171
0.32718464795651586
0.359640038411531
0.3271599523570031
0.3271592414733713
0.3271599523570031
0.327161369029449
0.3271606581458171
0.3271606581458171
0.3515734961568524
0.327161369029449
0.327161369029449
0.3271606581458171
0.3450436633858984
0.327161369029449
0.32716003584364683
0.32772034843112785
0.3271782219755371
0.32716074672727874
0.327161369029449
0.3271606581458171
0.3271782219755371
0.32716074672727874
0.3271606581458171
0.32716074672727874
0.32718464795651586
0.3271782219755371
0.32762269455171245
0.327161369029449
0.34504295250226646
0.32718606462896166
0.3271599523570031
0.32774362735819473
0.327161369029449
0.3271606581458171
0.35966331733859785
0.327161369029449
0.32716074672727874
0.6891282436167019
0.3271606581458171
0.327161369029449
0.327161369029449
0.327161369029449
0.3271606581458171
0.3303931200262814
0.32716074672727874
0.3271782219755371
0.35157420194566635
0.32716074672727874
0.32772034843112785
0.42526782957696097
0.3271606581458171
0.327161369029449
0.327161369029449
0.327161369029449
0.3271606581458171
0.34504295250226646
0.3271606581458171
0.32717751109190524
0.32717751109190524
0.327161369029449
0.327161369029449
0.33120764040763895
0.3271606581458171
0.3271599523570031
0.327161369029449
0.327161369029449
0.327161369029449
0.3271606581458171
0.3271606581458171
0.327161369029449
0.3819742022473885
0.3271606581458171
0.9880720511250425
0.3271592414733713
0.3271606581458171
0.3271606581458171
0.327161369029449
0.3312007984653488
0.3271606581458171
0.3276227831331741
0.327161369029449
0.327161369029449
0.32716074672727874
0.32717751109190524
0.3271782219755371
0.3271606581458171
0.3450436633858984
0.3309760956038137
0.327161369029449
0.327161369029449
0.3271606581458171
0.32716074672727874
0.3523086917408147
0.32718393707288396
0.4506111789437074
0.3309667954836476
0.3271782219755371
0.3271606581458171
0.327161369029449
1.6422489800768245
0.32718535374532975
0.3271606581458171
1.6201823936368973
0.42526854046059287
0.33101764414941454
0.327161369029449
0.32716074672727874
0.3271606581458171
0.3303931200262814
0.7279010149361418
0.32718464795651586
0.327161369029449
0.7279010936784176
0.32717751109190524
0.3271606581458171
0.3276065524892562
0.3271599523570031
0.327161369029449
0.3271592414733713
0.327161369029449
0.327161369029449
0.327161369029449
0.6861591904411584
0.3312007984653488
0.327605930187086
0.32718464795651586
1.620180763606604
0.3271606581458171
0.3450436633858984
0.3596407492951629
0.3271840256543456
0.42526782957696097
0.3271592414733713
0.327161369029449
0.3271599523570031
0.3276213664607283
0.3271606581458171
0.3271606581458171
0.327161369029449
0.3271606581458171
0.327161369029449
0.327161369029449
0.3271606581458171
0.327161369029449
0.32718393707288396
0.327161369029449
0.327161369029449
0.3271768053030913
0.3271606581458171
0.32716003584364683
0.327161369029449
0.327161369029449
0.42526854046059287
0.327161369029449
0.327161369029449
0.3271606581458171
0.3523079808571828
0.3271782219755371
0.3271606581458171
0.33035969291914785
0.32718606462896166
1.6201823936368973
0.327161369029449
0.5304677847734232
0.32717759967336685
0.327161369029449
0.3271599523570031
0.689233020085305
0.3271606581458171
0.327161369029449
0.32718606462896166
0.3271592414733713
0.32717751109190524
0.3271606581458171
0.3271606581458171
0.3271606581458171
0.35966331733859785
0.32716074672727874
0.327161369029449
0.3271782219755371
0.32716003584364683
0.327161369029449
0.3271606581458171
0.3309667954836476
0.32716074672727874
0.3271606581458171
0.9880732722649073
0.327161369029449
0.3271606581458171
0.3271606581458171
0.32717759967336685
0.3271599523570031
0.327161369029449
0.327161369029449
0.32718464795651586
0.3271606581458171
1.0432843823019322
0.3271599523570031
0.3271592414733713
0.6891621218045748
0.3271606581458171
0.32716074672727874
0.3271606581458171
0.3450422467134526
0.9883109476597011
0.327161369029449
0.32716003584364683
0.3271606581458171
0.3271768053030913
0.3271592414733713
0.327161369029449
0.327161369029449
0.327161369029449
0.3271606581458171
0.32716003584364683
0.32717751109190524
0.3271606581458171
0.327161369029449
0.3271606581458171
0.3271606581458171
0.32716074672727874
0.327161369029449
0.3271599523570031
0.3271606581458171
0.3515903491029405
0.32716074672727874
0.3271606581458171
0.327161369029449
0.32718535374532975
0.3271606581458171
0.327161369029449
0.327161369029449
0.3271606581458171
0.32715861917120104
0.3271782219755371
0.3271599523570031
1.6201829264709513
0.3271840256543456
0.3271599523570031
1.6201819855371187
0.3276065524892562
0.3271606581458171
0.327161369029449
0.3271599523570031
0.327161369029449
0.689161410920943
0.3271606581458171
0.3271606581458171
0.32716003584364683
0.35159176577538637
0.689161410920943
0.7279010936784176
0.35213389223097713
0.3271606581458171
0.327161369029449
0.32717547211728915
0.32716003584364683
0.32716003584364683
0.327161369029449
0.3271606581458171
1.0432843823019322
0.3276065524892562
0.327161369029449
0.327161369029449
0.32716074672727874
0.327161369029449
0.32716074672727874
0.3271606581458171
0.3271599523570031
0.3450436633858984
0.32716074672727874
0.32718393707288396
0.32717751109190524
0.327161369029449
0.3271599523570031
0.327161369029449
0.3596393326227171
0.327161369029449
0.3456173681775877
0.5298409560867731
0.3271599523570031
0.3271606581458171
0.32720150090260397
0.35159176577538637
0.9880720511250425
0.3271606581458171
0.3309753898149998
0.32716074672727874
0.6891035480171892
0.3309667954836476
0.3271599523570031
0.32718535374532975
0.327161369029449
0.3271606581458171
0.359640038411531
0.3638168135685557
0.3515734961568524
0.3271606581458171
0.327161369029449
1.6422380026758006
0.32718464795651586
0.7419760990772561
0.3271592414733713
0.32716003584364683
0.32840056905305215
0.3271606581458171
0.3271606581458171
0.3271782219755371
0.3515749128292982
0.327161369029449
0.327161369029449
0.3271606581458171
0.3271606581458171
0.3271840256543456
0.3271606581458171
0.327161369029449
0.3271768053030913
0.3271606581458171
0.3271606581458171
0.3271760944194594
0.32716074672727874
0.32716074672727874
0.32716003584364683
0.327161369029449
0.3271606581458171
0.3271606581458171
0.42526854046059287
0.32716074672727874
0.3271606581458171
0.3271599523570031
0.3271606581458171
0.7419696175354495
0.3309768064874456
0.327161369029449
0.5298874898800429
0.3312000875817169
0.3271606581458171
0.327161369029449
0.32717751109190524
0.3271782219755371
0.3271599523570031
0.45059053920341496
0.32716074672727874
0.3271606581458171
0.327161369029449
0.3271782219755371
0.3271599523570031
0.35159960842881094
0.3638168135685557
0.327161369029449
0.3271592414733713
0.327161369029449
0.3271599523570031
0.3271782219755371
0.327161369029449
0.3271606581458171
0.3271606581458171
0.5659865983680223
0.3271592414733713
0.3271606581458171
0.32716074672727874
0.32716003584364683
0.32716074672727874
0.32718464795651586
0.3271606581458171
0.3271606581458171
0.32716074672727874
0.327161369029449
0.327161369029449
0.3271606581458171
0.32716074672727874
1.6201823936368973
0.32717751109190524
0.3271840256543456
0.327161369029449
0.7547052154648958
0.9880732722649073
0.3271782219755371
0.327161369029449
0.3271782219755371
0.3271606581458171
0.3271599523570031
0.32715861917120104
0.32716074672727874
0.327161369029449
0.3271599523570031
0.3312000875817169
0.327161369029449
0.327161369029449
0.3271782219755371
0.3271593300548329
0.32716003584364683
0.327161369029449
0.3271782219755371
0.3271592414733713
0.3271593300548329
0.327161369029449
0.327161369029449
0.327161369029449
0.3271606581458171
0.32840056905305215
0.327161369029449
0.3312007984653488
0.3271840256543456
0.3271593300548329
0.327161369029449
0.32771893175868205
0.3303931200262814
0.3271606581458171
0.3271599523570031
0.3271606581458171
0.327161369029449
0.727899185783589
0.42526782957696097
0.32772034843112785
0.327161369029449
0.327161369029449
0.3515749128292982
0.3271760944194594
0.32718464795651586
0.327161369029449
0.32717547211728915
0.32718464795651586
0.3271599523570031
0.327161369029449
0.3271606581458171
0.327161369029449
0.33122407739241566
0.32717751109190524
0.33220599550725083
0.3271592414733713
0.3271606581458171
0.32717751109190524
0.32716003584364683
0.3271606581458171
0.32716003584364683
0.327161369029449
0.3271599523570031
0.327161369029449
0.33122549406486146
0.327161369029449
0.3271599523570031
0.327161369029449
0.32718464795651586
0.34504295250226646
0.3271782219755371
0.32716003584364683
0.3271606581458171
0.3271606581458171
0.32715861917120104
0.32717688878973494
0.327161369029449
0.32716003584364683
0.327161369029449
0.327161369029449
0.327161369029449
0.3271592414733713
0.3596407492951629
0.6891282436167019
0.3271599523570031
0.327161369029449
0.7547052154648958
0.32720079001897207
0.3271599523570031
0.3515749128292982
0.32716003584364683
0.6891621218045748
0.3271782219755371
0.32716074672727874
0.327161369029449
0.3271599523570031
0.3271606581458171
0.74134334436686
0.327161369029449
0.3271606581458171
0.3271599523570031
0.327161369029449
0.32717751109190524
0.35157420194566635
0.3271606581458171
0.32716074672727874
1.6204748393818083
0.32774362735819473
0.327161369029449
0.327161369029449
0.3271606581458171
0.32717688878973494
0.3271606581458171
0.327161369029449
0.327161369029449
0.32717751109190524
0.5298409560867731
0.3271606581458171
1.620180763606604
0.34505909965954074
0.32718606462896166
0.32716074672727874
0.327161369029449
0.3271782219755371
0.3271782219755371
0.327161369029449
0.32716074672727874
0.3271782219755371
0.4252982868439156
0.5306049116295194
0.9880732722649073
0.327161369029449
0.327161369029449
0.3638175244521876
0.327161369029449
0.3271606581458171
0.9880732722649073
0.32895883757109917
0.3271782219755371
0.3271606581458171
0.3271606581458171
0.33083718525333294
0.4255099069442394
0.327161369029449
0.32716074672727874
0.327161369029449
0.32717751109190524
0.327161369029449
0.327161369029449
0.32716074672727874
0.32716074672727874
0.3309768064874456
0.327161369029449
0.3271782219755371
0.3271599523570031
0.32717751109190524
0.3271840256543456
0.3271606581458171
0.32716003584364683
0.3515749128292982
0.3271606581458171
0.38197411876074483
0.327161369029449
0.327161369029449
0.3271782219755371
1.6422368068443063
0.32716074672727874
0.3271592414733713
0.3271606581458171
0.327161369029449
0.3271599523570031
0.32718464795651586
0.327161369029449
0.327161369029449
0.327161369029449
0.3271592414733713
0.752817181087114
0.3271599523570031
0.32718535374532975
0.327161369029449
0.3271606581458171
0.4512908467757159
0.327161369029449
0.3271606581458171
0.3271592414733713
0.32718535374532975
0.327161369029449
0.5321914425823121
0.3271606581458171
0.3271854423267914
1.6308734133460812
0.3309768064874456
0.3271768053030913
0.327161369029449
0.34505980544835463
0.32717618300092105
0.327161369029449
0.327161369029449
0.3271840256543456
0.34504153582982067
0.3271782219755371
0.327161369029449
0.3271606581458171
0.3271599523570031
0.327161369029449
0.3271782219755371
0.32718606462896166
0.3271592414733713
0.32983214081950013
0.3271606581458171
0.3271599523570031
0.327161369029449
0.32718606462896166
0.3271599523570031
0.327161369029449
0.32717547211728915
0.3271606581458171
0.327161369029449
0.3271606581458171
0.3515735796434961
0.327161369029449
0.327161369029449
0.3636701677272647
0.3819755354331906
0.3271606581458171
0.327161369029449
0.32716003584364683
0.327161369029449
0.32716003584364683
0.327161369029449
0.3271599523570031
0.3271606581458171
0.351574290527128
0.3271599523570031
0.3271606581458171
0.327161369029449
0.327161369029449
0.327161369029449
0.32716003584364683
0.4254833810211679
0.3271606581458171
0.327161369029449
0.32716003584364683
0.32717759967336685
0.6891868174040876
0.327161369029449
0.327161369029449
0.32716003584364683
0.32717759967336685
0.32716074672727874
0.327605930187086
0.3271592414733713
0.32718606462896166
0.3271847314431595
0.32717688878973494
0.327161369029449
0.33122478318122955
0.3271768053030913
0.327161369029449
0.327161369029449
0.3271606581458171
0.32717751109190524
0.32720079001897207
0.5298410308446575
0.3271606581458171
0.327737201377216
0.3271599523570031
0.3271599523570031
0.3271606581458171
0.32718535374532975
0.3456006038129613
0.32717751109190524
0.32985683641901287
0.359640038411531
0.32718606462896166
0.3271606581458171
0.327161369029449
0.327161369029449
0.3271606581458171
0.327161369029449
0.3271840256543456
0.327161369029449
0.3312007984653488
0.32716074672727874
0.3309768064874456
0.327161369029449
1.6201811717063825
0.32716003584364683
0.3271599523570031
0.3271606581458171
0.3283999467508819
0.3271592414733713
0.327161369029449
0.3277364904935841
0.327161369029449
0.42526782957696097
0.3271599523570031
0.32718606462896166
0.327161369029449
0.3450436633858984
0.327161369029449
1.6201823675378768
0.327161369029449
0.3271606581458171
0.3271606581458171
0.32716074672727874
0.32718464795651586
0.32718464795651586
0.327161369029449
0.32716003584364683
0.327161369029449
0.351574290527128
0.3271592414733713
0.3271606581458171
0.3271599523570031
0.32716074672727874
0.32718606462896166
0.327161369029449
0.32720087860043373
0.327161369029449
0.3303349225617507
0.327719637547496
0.3271782219755371
0.327161369029449
0.35159176577538637
0.327161369029449
0.327161369029449
0.327161369029449
0.327161369029449
0.3271599523570031
0.3271606581458171
0.327161369029449
0.33039319478416584
0.32718464795651586
0.3515749128292982
0.327161369029449
0.34504295250226646
0.3271606581458171
0.32718606462896166
0.3271592414733713
0.3638168135685557
0.327161369029449
0.3271606581458171
0.3271593300548329
0.3271606581458171
0.327161369029449
0.3303931200262814
0.7279173998412952
0.3271760944194594
0.32716003584364683
0.327161369029449
0.327161369029449
0.32716074672727874
0.3638168135685557
0.3271592414733713
0.32718535374532975
0.327161369029449
0.32717688878973494
0.3271606581458171
0.5298410308446575
0.3271599523570031
0.327161369029449
0.689161410920943
0.327161369029449
0.32760584160562434
0.327161369029449
0.42526782957696097
0.32718393707288396
0.741976790946709
0.42526782957696097
0.32716003584364683
0.7419526246176084
0.327161369029449
0.6891035480171892
0.3271599523570031
0.3276065524892562
0.32718606462896166
0.3271768053030913
0.3271606581458171
0.3303931200262814
0.32716074672727874
0.3271606581458171
0.34561949573366546
0.327161369029449
0.327161369029449
0.32720079001897207
0.42526782957696097
0.3271606581458171
0.3298320660616157
0.35157420194566635
0.3271606581458171
0.3272022952728796
