0.327719637547496
0.32716003584364683
0.33099078019952843
0.32716003584364683
0.32716003584364683
0.3271606581458171
0.32716003584364683
0.32716003584364683
0.327161369029449
0.33119007657791893
0.3276052193034541
0.32716003584364683
0.32716003584364683
0.3271606581458171
0.3271606581458171
0.3271593300548329
0.3271606581458171
0.32716003584364683
0.3271606581458171
0.3271606581458171
0.32716003584364683
0.33119007657791893
0.32716003584364683
0.3271606581458171
0.3271606581458171
0.3271606581458171
0.32716003584364683
0.32716003584364683
0.327161369029449
0.3271606581458171
0.3271592414733713
0.3271592414733713
0.3271593300548329
0.5298714881116121
0.3271606581458171
0.3271606581458171
0.3271606581458171
0.3271606581458171
0.32716003584364683
0.32716003584364683
0.3271606581458171
0.3271606581458171
0.351574290527128
0.3271606581458171
0.32716003584364683
0.3271606581458171
0.3271592414733713
0.32716003584364683
0.3596393326227171
0.3271606581458171
0.32715861917120104
0.327161369029449
0.5625221046311004
0.3271592414733713
0.32716074672727874
0.3271606581458171
0.32839923586725006
1.620180763606604
0.3271606581458171
0.32718393707288396
0.3271606581458171
0.32716003584364683
0.327161369029449
0.32716003584364683
0.3271606581458171
0.327161369029449
0.32716003584364683
0.3271606581458171
0.3271606581458171
0.3271606581458171
0.3271606581458171
0.32716003584364683
0.3271606581458171
0.32716003584364683
0.3271592414733713
0.3271606581458171
0.3271606581458171
0.3271606581458171
0.3309746789313679
0.32715861917120104
0.3271606581458171
0.327161369029449
0.3271606581458171
0.32716074672727874
0.32716074672727874
0.3271606581458171
0.3271592414733713
0.32718393707288396
0.6891882787211245
0.3271606581458171
0.34504295250226646
0.32771901524532576
0.32716003584364683
0.32716074672727874
0.32716003584364683
0.3271592414733713
0.32716003584364683
0.3271833147707137
0.32716003584364683
0.32715861917120104
0.3271606581458171
0.32716003584364683
0.32716074672727874
0.3271592414733713
0.327161369029449
0.32717751109190524
0.32716074672727874
0.32716003584364683
0.32716074672727874
0.32716074672727874
0.3271606581458171
0.32716074672727874
0.32716003584364683
0.327161369029449
0.3271606581458171
0.32716003584364683
0.3271606581458171
0.327161369029449
0.3271592414733713
0.3271606581458171
0.3271606581458171
0.32983144375944545
0.327161369029449
0.32716074672727874
0.32716003584364683
0.3277183094565118
0.32715861917120104
0.32716003584364683
0.3271606581458171
0.32716003584364683
0.3271606581458171
0.32716003584364683
0.3271606581458171
0.32716003584364683
0.3303924977241111
0.3271592414733713
0.3271592414733713
0.9880782337845921
0.3271606581458171
0.32716003584364683
0.32716003584364683
0.327161369029449
0.32716003584364683
0.3271606581458171
0.32716003584364683
0.3271606581458171
1.6201811717063825
0.32716003584364683
0.32716003584364683
0.3271606581458171
0.3276052193034541
0.3271606581458171
0.3596394161093607
0.5298714133537277
0.32716003584364683
0.3271606581458171
0.3271606581458171
0.32718606462896166
0.3271592414733713
0.3271592414733713
0.32716074672727874
0.32716003584364683
0.42526782957696097
0.32716003584364683
0.32716074672727874
0.3271606581458171
0.32716003584364683
0.327161369029449
0.327161369029449
0.3271606581458171
0.32716003584364683
0.3271606581458171
0.3271606581458171
0.329773868597085
0.32716003584364683
0.3271606581458171
0.3271606581458171
0.32716074672727874
0.32716074672727874
0.3271606581458171
0.3498301207122128
0.3271606581458171
0.32716003584364683
0.32716003584364683
0.3271606581458171
0.32716003584364683
0.32716074672727874
0.32717688878973494
0.3271592414733713
0.32716003584364683
0.3271592414733713
0.32716003584364683
0.3271606581458171
0.32716003584364683
0.32716003584364683
0.3271606581458171
0.3271606581458171
0.32718393707288396
0.32716074672727874
0.32717688878973494
0.3271592414733713
0.32716003584364683
0.32716003584364683
0.3271833147707137
0.32717688878973494
0.3498294984100425
0.32716003584364683
0.3271592414733713
0.32716074672727874
0.3271833147707137
0.32718393707288396
0.3271606581458171
0.32716003584364683
0.3271606581458171
0.3271833147707137
0.3271606581458171
0.3271606581458171
0.3271606581458171
0.3271847314431595
0.32716003584364683
0.32716003584364683
0.32716074672727874
0.3271606581458171
0.32716003584364683
0.3312147721774316
0.3271592414733713
0.32716074672727874
0.32716003584364683
0.32716003584364683
0.32718393707288396
0.3596394161093607
0.32716074672727874
0.34506623142933335
0.32716003584364683
0.3271606581458171
0.32716074672727874
0.32717751109190524
0.32716003584364683
0.5624917221220304
0.32716074672727874
0.327161369029449
0.3271606581458171
0.32715861917120104
0.32718535374532975
0.32716003584364683
0.34504153582982067
0.327161369029449
0.32716003584364683
0.3276052193034541
0.32716003584364683
0.32716003584364683
0.3271592414733713
0.32716003584364683
0.3271606581458171
0.327161369029449
0.3271592414733713
0.32716003584364683
0.32716003584364683
0.32718535374532975
0.32716074672727874
0.327161369029449
0.32716003584364683
0.3271606581458171
0.3271606581458171
0.32717688878973494
0.32716003584364683
0.32716074672727874
0.3284231370964871
0.327161369029449
0.32716003584364683
0.32716003584364683
0.3271606581458171
0.32716003584364683
0.32718393707288396
0.327161369029449
0.32716003584364683
0.327161369029449
0.32716003584364683
0.32716003584364683
0.3271833147707137
0.7280376727725826
0.3271606581458171
0.32715861917120104
0.32716003584364683
0.32715861917120104
0.3271606581458171
0.32716003584364683
0.327161369029449
0.327161369029449
0.3271606581458171
0.32716003584364683
0.32716074672727874
0.32717688878973494
0.3271606581458171
0.3271606581458171
0.3276052193034541
0.32839923586725006
0.3271592414733713
0.3271840256543456
0.3271592414733713
0.32839985816942024
0.3271606581458171
0.32715861917120104
0.3271606581458171
0.32716003584364683
0.327161369029449
0.3271606581458171
0.32716003584364683
0.3271606581458171
0.3271606581458171
0.3271593300548329
0.3271606581458171
0.32716003584364683
0.32716003584364683
0.32716003584364683
0.32716003584364683
0.32716003584364683
0.3271606581458171
0.32716074672727874
0.3271606581458171
0.3276052193034541
0.3271606581458171
0.3271606581458171
0.3271606581458171
0.6891297049337389
0.3271606581458171
0.3271593300548329
0.32716003584364683
0.32716003584364683
0.3271840256543456
0.33039257248199555
0.3271606581458171
0.32717688878973494
0.3271606581458171
0.32716003584364683
0.32716003584364683
0.3271606581458171
1.6201698123046004
0.32716003584364683
0.3271606581458171
0.3271606581458171
0.3596407492951629
0.3271606581458171
0.327161369029449
0.32716074672727874
0.32716003584364683
0.3271606581458171
0.3271606581458171
0.42602905168317107
0.3271606581458171
0.3271606581458171
0.3271606581458171
0.3271606581458171
0.3271606581458171
0.3271606581458171
0.33096608460001575
0.3271599523570031
0.3271606581458171
0.3515749128292982
0.32716003584364683
0.32716003584364683
0.32718393707288396
0.32716003584364683
0.32716003584364683
0.3271606581458171
0.32716003584364683
0.3271606581458171
0.562522179388985
0.3271606581458171
0.32716003584364683
0.3271599523570031
0.3309746789313679
0.32716003584364683
0.3515735796434961
0.3271606581458171
0.33119007657791893
0.32716003584364683
0.32716003584364683
0.32716003584364683
0.32841608881333817
0.3271592414733713
0.32716074672727874
0.32716003584364683
0.32716003584364683
0.3271606581458171
0.3271606581458171
0.32716074672727874
0.32716074672727874
0.3271606581458171
0.32716003584364683
0.32716003584364683
0.32716003584364683
0.32715861917120104
0.3271606581458171
0.32716003584364683
0.32716003584364683
0.32716003584364683
0.3271833147707137
0.3271606581458171
0.32718535374532975
0.32716003584364683
0.3271593300548329
0.3271833147707137
0.327161369029449
0.3271606581458171
0.32716003584364683
0.32716003584364683
0.32716003584364683
0.3271833147707137
0.3298320660616157
0.3271606581458171
0.32716003584364683
0.32716003584364683
0.3271606581458171
0.32716003584364683
0.32716074672727874
0.32716074672727874
0.562522179388985
0.3271606581458171
0.3271606581458171
0.988079454924457
0.32716003584364683
0.32716003584364683
0.32716003584364683
0.32716074672727874
0.32716003584364683
0.5625221046311004
0.32716003584364683
0.4262406717834949
0.3271768053030913
0.3271606581458171
0.32718393707288396
0.32716003584364683
0.32716003584364683
0.3271606581458171
0.6011556077282691
0.3271606581458171
0.3271606581458171
0.3271606581458171
0.3271833147707137
0.3271606581458171
0.3271606581458171
0.3283978191948042
0.3271606581458171
0.32716074672727874
0.32716003584364683
0.3271592414733713
0.5297342117397468
0.3271606581458171
0.327161369029449
0.3271606581458171
0.3271606581458171
0.32716003584364683
0.32716003584364683
0.32716003584364683
0.32715861917120104
0.3271606581458171
0.32716003584364683
0.3271606581458171
0.327161369029449
0.32716003584364683
0.3271606581458171
0.32716003584364683
0.32716003584364683
0.32716003584364683
0.3271606581458171
0.3271606581458171
0.32716003584364683
0.3271606581458171
0.32718464795651586
0.32716003584364683
0.32839923586725006
0.32716003584364683
0.3271606581458171
0.327719637547496
0.32716074672727874
0.32716003584364683
0.3515735796434961
0.3271606581458171
0.327161369029449
0.32716003584364683
0.3271606581458171
0.32716003584364683
0.32716003584364683
0.351574290527128
0.32716003584364683
0.32716003584364683
0.3271606581458171
0.327161369029449
0.32716003584364683
0.32716003584364683
0.32716074672727874
0.327161369029449
0.32716003584364683
0.32716003584364683
0.35964012699299264
0.3271760944194594
0.3271606581458171
0.32716003584364683
0.32716003584364683
0.32715861917120104
0.32715861917120104
0.3271833147707137
0.3271606581458171
0.32716074672727874
0.32716003584364683
0.327161369029449
0.3271606581458171
0.32716003584364683
0.3271593300548329
0.32716003584364683
0.3271606581458171
0.32716003584364683
0.3271606581458171
0.32716003584364683
0.32716003584364683
1.620170220404379
0.3312000875817169
0.32716003584364683
0.327161369029449
0.32716003584364683
0.327719637547496
0.3271854423267914
0.3271606581458171
0.32716003584364683
0.33096608460001575
0.32716003584364683
0.34998580219751785
0.32716074672727874
0.3271606581458171
0.3271606581458171
0.32716003584364683
0.3271606581458171
0.327161369029449
0.32718535374532975
0.3271606581458171
0.32716003584364683
0.3271606581458171
0.32716003584364683
0.68912753273307
0.32716003584364683
0.3271606581458171
0.3271606581458171
0.32716003584364683
0.3271606581458171
0.3271606581458171
0.3271606581458171
0.32715861917120104
0.3271606581458171
0.3271606581458171
0.3271606581458171
0.32716003584364683
0.9880799718928676
0.3271606581458171
0.32760584160562434
0.3271606581458171
0.32716003584364683
0.3271593300548329
0.32716003584364683
0.32716003584364683
0.3271606581458171
0.5625221046311004
0.3271592414733713
0.327161369029449
0.3271592414733713
0.32716003584364683
0.32716003584364683
0.32716003584364683
0.3271592414733713
0.32716003584364683
0.3271606581458171
0.3271606581458171
0.3456181625478633
0.327161369029449
0.32716003584364683
0.3271606581458171
0.32716003584364683
0.327161369029449
0.32716003584364683
0.3271606581458171
0.3271606581458171
0.3271592414733713
0.327161369029449
0.32716003584364683
0.3271606581458171
0.32716003584364683
0.32716003584364683
0.7279004069234539
0.32716003584364683
0.32716003584364683
0.32716003584364683
0.3309768064874456
0.32715861917120104
0.32839923586725006
0.32716074672727874
0.3271592414733713
0.327161369029449
0.3271592414733713
0.32716003584364683
0.327161369029449
0.3271606581458171
0.32716003584364683
0.3312147721774316
0.32716003584364683
0.3271606581458171
0.3271592414733713
0.32716003584364683
0.3271606581458171
0.32716003584364683
0.327161369029449
0.3271606581458171
0.3271606581458171
0.3271606581458171
0.3271606581458171
0.32716003584364683
0.3271606581458171
0.327161369029449
0.32718393707288396
0.32716074672727874
0.3271606581458171
0.3271606581458171
0.32715861917120104
0.327161369029449
0.3271606581458171
0.3271606581458171
0.3271606581458171
0.32716003584364683
0.32716003584364683
0.32716003584364683
0.327161369029449
0.32716003584364683
0.3271606581458171
0.32716003584364683
0.3271606581458171
0.349796071302909
0.3271606581458171
0.32716003584364683
0.7279238813831017
0.3271592414733713
0.32716003584364683
0.32717751109190524
0.3271606581458171
0.32717547211728915
0.3271606581458171
0.32716003584364683
0.3271606581458171
0.32716003584364683
0.3271606581458171
0.3271606581458171
0.3271606581458171
0.3271606581458171
0.32716074672727874
0.32716003584364683
0.3271606581458171
0.3271847314431595
0.3271606581458171
0.32716003584364683
0.32716003584364683
0.32716074672727874
0.32716003584364683
0.3596393326227171
0.32716003584364683
0.3271606581458171
0.3271606581458171
0.3271606581458171
0.3271606581458171
0.32716074672727874
0.3271606581458171
0.32716003584364683
0.3271606581458171
0.3271606581458171
0.7279010936784176
0.32716003584364683
0.32716003584364683
0.3271606581458171
0.32716003584364683
0.32716003584364683
0.3271593300548329
0.3271606581458171
0.32715861917120104
0.32716003584364683
0.351596858570563
0.3271606581458171
0.32716003584364683
0.3271606581458171
0.3271606581458171
0.32716003584364683
0.327161369029449
0.32716003584364683
0.3271606581458171
0.3271606581458171
0.34560130960177515
0.32716003584364683
0.32716003584364683
0.3271606581458171
0.3271606581458171
0.742090503593914
0.32716003584364683
0.3271606581458171
0.32716003584364683
0.32718464795651586
0.3271606581458171
0.3271606581458171
1.6201819855371187
0.32716074672727874
0.32716074672727874
0.32716003584364683
0.3271606581458171
1.6201811717063825
0.32716003584364683
0.32716003584364683
0.3309993745308806
0.3276052193034541
0.3271606581458171
0.32715861917120104
0.327161369029449
0.3271606581458171
0.4252982868439156
0.327161369029449
0.32716003584364683
0.32715861917120104
0.32716074672727874
0.3271606581458171
0.3271606581458171
0.3271606581458171
0.3271606581458171
0.3450577664737386
0.3596387103205468
0.3271606581458171
0.32716003584364683
0.3271606581458171
0.32716003584364683
0.32716003584364683
0.3271606581458171
0.3271606581458171
0.3271592414733713
0.5627376560753075
0.32716003584364683
0.32716003584364683
0.3271606581458171
0.32716003584364683
0.32772034843112785
0.3271606581458171
0.32716003584364683
0.32716003584364683
0.32718393707288396
0.32716003584364683
0.3271606581458171
0.3271606581458171
0.3271606581458171
0.3271606581458171
0.32716003584364683
0.32716003584364683
0.327161369029449
0.3271847314431595
0.32715861917120104
0.32716003584364683
0.32716003584364683
0.32716074672727874
0.3271606581458171
0.32716074672727874
0.3271606581458171
0.7419527033598842
0.32716003584364683
0.5575058892279742
0.32716003584364683
0.327161369029449
0.3271593300548329
0.3638174133331655
0.32716003584364683
0.3271606581458171
0.32715861917120104
0.3271606581458171
0.32716003584364683
0.32716074672727874
0.32716003584364683
0.327161369029449
0.327161369029449
0.3271606581458171
0.32716003584364683
0.3271606581458171
0.3271606581458171
0.32716003584364683
0.3456019319039454
0.3271606581458171
0.32716003584364683
0.32716003584364683
0.3271606581458171
0.3271606581458171
0.32716074672727874
0.32716074672727874
0.3312147721774316
0.3271606581458171
0.32718393707288396
0.3284167111155084
0.32716003584364683
0.3271592414733713
0.3271606581458171
0.3271606581458171
0.3271606581458171
0.32716003584364683
0.32716003584364683
0.3271606581458171
0.32716003584364683
0.32716003584364683
0.32716003584364683
0.3271606581458171
0.32716003584364683
0.3271592414733713
0.3271606581458171
0.32716003584364683
0.3271833147707137
0.3271606581458171
0.327161369029449
0.3271606581458171
0.327161369029449
0.32718393707288396
0.33096608460001575
0.3271592414733713
0.33119007657791893
0.32717688878973494
0.3271847314431595
0.3271592414733713
0.3276052193034541
0.3271606581458171
0.32716003584364683
0.32716003584364683
0.32718606462896166
0.3271606581458171
0.32716003584364683
0.32715861917120104
0.327161369029449
0.3271606581458171
0.3271606581458171
0.32716003584364683
0.3271606581458171
0.32716003584364683
0.32715861917120104
0.32716003584364683
0.32716003584364683
0.33096608460001575
0.32716003584364683
0.32771972612895767
0.32716003584364683
0.3271592414733713
0.5297342117397468
0.32715861917120104
0.3271606581458171
0.3271606581458171
0.3271606581458171
0.32716003584364683
0.32716074672727874
0.3271833147707137
0.3271854423267914
0.3271592414733713
0.32716003584364683
0.32716074672727874
0.3638169021500174
0.32716074672727874
0.3271606581458171
0.3271606581458171
0.3271606581458171
0.32716003584364683
0.32716074672727874
0.32715861917120104
0.32716003584364683
0.32839923586725006
0.32760584160562434
0.689161410920943
0.3271592414733713
0.32716003584364683
0.32716003584364683
0.4252982868439156
0.32760584160562434
0.3271606581458171
0.32716003584364683
0.327161369029449
0.3271606581458171
0.32771901524532576
0.32716074672727874
0.3309760956038137
0.327161369029449
0.32715861917120104
0.3271606581458171
0.3271840256543456
0.32716003584364683
0.3271606581458171
0.3271606581458171
0.3271606581458171
0.32716074672727874
0.3271606581458171
0.32716003584364683
0.3271606581458171
0.3271606581458171
0.3456020204854071
0.3271606581458171
0.3271606581458171
0.3271606581458171
0.3271606581458171
0.3271606581458171
0.3271592414733713
0.327161369029449
0.3515735796434961
0.32716003584364683
0.32716003584364683
0.7419539244997491
0.32716003584364683
0.3271833147707137
0.32839915238060635
0.327161369029449
0.3271606581458171
0.3271606581458171
0.3271606581458171
0.32716003584364683
0.3271606581458171
0.3271606581458171
0.32715861917120104
0.32716003584364683
0.327161369029449
0.9881425616108472
0.32716003584364683
0.32716003584364683
0.6891035480171892
0.3303931200262814
0.3271606581458171
0.3271606581458171
0.32716003584364683
0.32716003584364683
0.32718464795651586
0.3271606581458171
0.3271606581458171
0.3271606581458171
0.3271606581458171
0.3271606581458171
0.3271606581458171
0.32715861917120104
0.3271606581458171
0.3271593300548329
0.32716074672727874
0.3271606581458171
0.32716003584364683
0.32716003584364683
0.32716074672727874
0.32716003584364683
0.32716074672727874
0.32716003584364683
0.3271606581458171
0.3271606581458171
0.3271606581458171
0.32716074672727874
0.32718393707288396
0.3638174133331655
0.7279010936784176
0.3271606581458171
0.3271606581458171
0.3271606581458171
0.327161369029449
0.32716003584364683
1.620180763606604
0.32715861917120104
0.327161369029449
0.32717688878973494
0.3276044249331785
0.34560130960177515
0.3271606581458171
0.327161369029449
0.32716074672727874
0.327161369029449
0.3271606581458171
0.32716003584364683
0.32716003584364683
0.3271606581458171
0.32716003584364683
0.32716074672727874
0.327161369029449
0.3312147721774316
0.32716074672727874
0.32716003584364683
0.32716003584364683
0.3271606581458171
0.32716003584364683
0.3271833147707137
0.3271606581458171
0.3271606581458171
0.327161369029449
0.32841679969697
0.32716003584364683
0.3271606581458171
0.32716003584364683
0.32716003584364683
0.3271592414733713
0.32716003584364683
0.32716003584364683
0.3271606581458171
0.32717688878973494
0.32716074672727874
0.7278997937962769
0.7419514034777435
0.32760584160562434
0.32716003584364683
