0.5238745103502453
0.3292494673443662
0.3268533902680544
0.3268533902680544
0.32685331551016994
0.3268774635653968
0.32687808586756706
0.3268533902680544
0.3268533902680544
0.5238745103502453
0.3268533902680544
0.3268533902680544
0.3268533902680544
0.3268533902680544
0.32685276796588414
0.3268533902680544
0.3268533902680544
0.32685276796588414
0.3268533902680544
0.32687808586756706
0.3268533902680544
0.8912240674011968
0.32860343259785857
0.3268533902680544
0.3268533902680544
1.4414514960420408
0.7957372607177207
0.3268533902680544
0.4242565408460075
0.3268533902680544
0.3268533902680544
0.3268533902680544
0.3268533902680544
0.3268533902680544
0.3268533902680544
0.3268533902680544
0.32689571795079975
0.32685276796588414
0.3268533902680544
0.3268533902680544
0.3268533902680544
0.3268533902680544
0.35472349874386466
0.5240900617944523
0.3268533902680544
0.32685276796588414
0.5032988812999457
0.3268533902680544
0.32687808586756706
0.3268533902680544
0.32685276796588414
0.3268533902680544
0.3268533902680544
0.3385382442396946
0.32685276796588414
0.4242565408460075
0.3268533902680544
0.5238745103502453
0.3268533902680544
0.32685276796588414
0.3268533902680544
0.32685276796588414
0.32784025507436865
0.3268533902680544
0.9418430097426558
0.3268533902680544
0.32685276796588414
0.3268533902680544
0.3268533902680544
0.3268533902680544
0.32685276796588414
0.3268774635653968
0.35013904965080417
0.3268533902680544
0.32685276796588414
0.3385382442396946
1.4414510735002701
0.7957372607177207
0.4556374785148568
0.32687808586756706
0.3268533902680544
0.35472349874386466
0.7957372607177207
0.3268774635653968
0.3268533902680544
0.32685276796588414
0.3385382442396946
0.3547811486641095
0.3268533902680544
0.3268533902680544
0.3268533902680544
0.32685276796588414
0.5668296562675345
0.32685276796588414
0.34713550759989553
0.32687808586756706
0.3268533902680544
0.3385382442396946
0.3268533902680544
0.3268533902680544
0.32687808586756706
0.32685276796588414
0.3268533902680544
0.3268533902680544
0.3268533902680544
0.3268533902680544
0.9504594396517244
0.326911587732585
0.3268533902680544
1.2337732691518548
0.32839915238060635
1.4414514960420408
0.32685276796588414
0.326911587732585
0.3268533902680544
0.9801120699550547
0.32685276796588414
0.3268533902680544
0.3547235735017491
0.9504584860621205
0.32685276796588414
0.3268533902680544
0.3268533902680544
0.326935586272043
0.32685276796588414
0.3268533902680544
0.3268950956486295
0.32685276796588414
0.3268533902680544
0.3268533902680544
0.3268533902680544
0.3268533902680544
0.32687808586756706
0.3268533902680544
0.35472349874386466
0.3268526932079997
0.3268533902680544
0.3285887480021438
0.3268533902680544
0.32685276796588414
0.3268533902680544
0.3268704000491168
0.32685276796588414
0.3268533902680544
0.3667760368601213
0.32687808586756706
0.32685276796588414
0.32685276796588414
0.326911587732585
0.3268774635653968
0.32685276796588414
0.3268533902680544
0.35472349874386466
0.32691096543041476
0.32685276796588414
0.3268533902680544
0.3268533902680544
0.3285787369983459
0.3268533902680544
0.32693566102992744
0.3268533902680544
0.3268533902680544
0.35474819434337734
1.1771282477976037
0.3268774635653968
0.3471101896982126
0.32685276796588414
0.3268533902680544
0.3268533902680544
0.32685276796588414
0.3268533902680544
0.3292347827486515
0.32685276796588414
0.32691096543041476
0.32685276796588414
0.3268533902680544
0.32687102235128707
0.3297733210527992
0.3268533902680544
0.3268533902680544
0.3268533902680544
0.32685276796588414
0.3268533902680544
0.3268533902680544
0.3268533902680544
0.3268533902680544
0.3268533902680544
0.3278408773765389
0.9504594396517244
0.3286210646810913
0.32685276796588414
0.32685276796588414
0.3268533902680544
0.3268533902680544
0.3385382442396946
0.3268533902680544
0.32685276796588414
0.3268533902680544
0.3268533902680544
0.32687102235128707
0.33813005462214
0.3385382442396946
0.3268533902680544
0.3268533902680544
0.3268533902680544
0.3268533902680544
0.3268533902680544
0.3268533902680544
0.32685276796588414
0.3268533902680544
0.3268533902680544
0.3268533902680544
0.32685276796588414
0.3268533902680544
0.32685276796588414
0.32691096543041476
0.3268533902680544
0.32685331551016994
0.32687808586756706
0.3268533902680544
0.32977394335496946
0.3268533902680544
0.3268526932079997
0.32693628333209773
0.32687808586756706
0.326911587732585
0.7957641285179022
0.32687808586756706
0.3268533902680544
0.32685276796588414
0.3268533902680544
0.3268533902680544
0.3268533902680544
0.3268533902680544
0.32685276796588414
0.35472349874386466
0.3292594783481642
0.32685276796588414
0.3268774635653968
0.3268533902680544
0.3268533902680544
0.32685276796588414
0.3268533902680544
0.3268533902680544
0.32687808586756706
0.3268533902680544
0.3268533902680544
0.3268533902680544
0.32685276796588414
0.32685276796588414
0.32685276796588414
0.3268533902680544
0.326911587732585
0.32784025507436865
1.4414516063343241
0.3268533902680544
0.35472349874386466
0.32685276796588414
0.3268533902680544
0.3268533902680544
0.3268533902680544
0.3268533902680544
0.9504594396517244
0.3268533902680544
0.32687808586756706
0.32693566102992744
0.3274138219305498
0.3268533902680544
0.3268533902680544
0.3268533902680544
0.32693628333209773
0.3268533902680544
0.32685276796588414
0.5238745103502453
0.3268533902680544
0.3268533902680544
0.3268533902680544
0.3292594783481642
0.3268704000491168
0.32685276796588414
0.4242869981129621
0.3268533902680544
0.32687808586756706
0.3268533902680544
0.3268774635653968
0.3268533902680544
0.3465497580357172
0.3547235735017491
0.3268533902680544
0.3268533902680544
0.3268533902680544
0.3268533902680544
0.35472295119957886
0.3268533902680544
0.3268533902680544
0.42425582996237565
0.32687808586756706
0.32685276796588414
0.32687808586756706
0.5238745103502453
0.3381313449424327
1.4414514960420408
1.1966622587100724
0.32685276796588414
0.32977394335496946
0.32685276796588414
0.3268533902680544
0.3268533902680544
0.3268533902680544
0.7957372607177207
0.3268533902680544
0.3268533902680544
0.32741444423272004
0.32685276796588414
0.3268533902680544
0.5238745103502453
0.32685276796588414
0.3268533902680544
0.3268533902680544
0.35474819434337734
0.32687808586756706
0.3268533902680544
0.3268533902680544
0.3268533902680544
0.3268774635653968
0.3268533902680544
0.3268533902680544
0.3268533902680544
0.3268533902680544
0.3268533902680544
0.32693628333209773
0.326911587732585
0.8912329417586258
0.5669688785170275
0.3268533902680544
0.3268533902680544
0.32685276796588414
0.3268533902680544
0.32685276796588414
0.32685276796588414
0.3268774635653968
0.32693566102992744
0.3268533902680544
0.3268533902680544
0.3268774635653968
0.32685276796588414
0.32687102235128707
0.3268533902680544
0.32687808586756706
0.3268533902680544
0.3285887480021438
0.3268533902680544
0.32685276796588414
0.5238745103502453
0.32685276796588414
0.32685276796588414
0.32839915238060635
0.7307550562873716
0.32685276796588414
0.3268533902680544
0.3292594783481642
0.3268774635653968
0.3268533902680544
0.34711081200038285
0.32685276796588414
0.3268774635653968
0.35472349874386466
0.32687102235128707
0.3268533902680544
0.3268533902680544
0.3268533902680544
0.3268533902680544
0.32977394335496946
0.5821323373150242
0.32685276796588414
0.3268533902680544
0.3547235735017491
0.3268533902680544
0.3268533902680544
0.3268533902680544
0.32685276796588414
0.3268533902680544
0.32685276796588414
0.32685276796588414
0.3268533902680544
0.326911587732585
0.98011084881519
0.3274385175300625
0.3268533902680544
0.32685276796588414
0.32685276796588414
0.3268533902680544
0.3268774635653968
0.32841600532669446
0.3268533902680544
0.3268533902680544
0.3268533902680544
0.34711081200038285
0.3268533902680544
0.3268533902680544
0.3268533902680544
0.3268533902680544
0.3268533902680544
0.32685276796588414
0.3268533902680544
1.4414401221982664
0.3268533902680544
0.32839915238060635
0.4242869981129621
0.3268533902680544
0.7957641285179022
0.3268533902680544
0.3268533902680544
0.32977394335496946
0.3268533902680544
0.3268533902680544
0.3268533902680544
0.8665505399940734
0.3268533902680544
0.3268533902680544
0.32687808586756706
0.3268533902680544
0.3268533902680544
0.3268533902680544
0.32685276796588414
1.1967464771958571
0.32685276796588414
0.32687808586756706
0.3268533902680544
0.3268533902680544
0.3268533902680544
0.3268533902680544
0.32685276796588414
0.3268533902680544
0.3268533902680544
0.3268533902680544
0.3268533902680544
0.326911587732585
0.32685276796588414
0.32685276796588414
0.3268533902680544
0.8912329417586258
0.32685276796588414
0.3268533902680544
0.3268533902680544
0.33813005462214
0.3268533902680544
0.3268533902680544
0.3268533902680544
0.32691096543041476
0.523874435592361
0.7957372607177207
0.3268533902680544
0.32685276796588414
0.32685276796588414
0.32691096543041476
0.32983214081950013
0.3465497580357172
0.3268533902680544
0.3268533902680544
0.32685276796588414
0.3268533902680544
0.3268533902680544
0.3268533902680544
0.3268533902680544
0.7960324352958629
0.32685276796588414
0.3268533902680544
0.3268533902680544
0.32687102235128707
0.3268533902680544
0.32922477174485354
0.3268533902680544
0.3268533902680544
0.3268533902680544
0.32685276796588414
0.3268533902680544
0.3268533902680544
0.3268533902680544
0.3268533902680544
0.32685276796588414
0.3268533902680544
0.32685276796588414
0.32687102235128707
0.3268533902680544
0.8912250209908006
0.3268533902680544
0.3268533902680544
0.3268533902680544
0.32685276796588414
0.3268533902680544
0.3268533902680544
0.32685276796588414
0.32687808586756706
0.3268533902680544
0.3292494673443662
0.32685276796588414
0.3268533902680544
0.3268533902680544
0.32685276796588414
0.7960593030960443
0.3268533902680544
0.7957372607177207
0.3268533902680544
0.32861344360165656
0.32685276796588414
0.3268533902680544
0.3268533902680544
0.3268533902680544
0.32685276796588414
0.32685276796588414
0.32685276796588414
0.3268533902680544
0.3268533902680544
0.32687808586756706
0.3268533902680544
1.4414401221982664
0.3268533902680544
0.3268533902680544
0.32685276796588414
0.32685276796588414
0.32784025507436865
0.3268533902680544
0.3268533902680544
0.3268533902680544
0.3268533902680544
0.3268533902680544
0.3268533902680544
0.3268533902680544
0.3268533902680544
0.32687808586756706
0.32693628333209773
0.3268533902680544
0.3268533902680544
0.44452430727632686
0.7790415310743739
0.3268533902680544
0.5297342864976313
0.32839915238060635
0.3268533902680544
0.3268533902680544
0.3268533902680544
0.3268533902680544
0.3268533902680544
0.3268533902680544
0.3465497580357172
0.32685276796588414
0.3268533902680544
0.5537079119882033
0.32687808586756706
0.3268533902680544
0.32687808586756706
0.3268533902680544
0.32687808586756706
0.3268533902680544
0.3268533902680544
0.3268533902680544
0.32685276796588414
0.3268774635653968
0.8917843521830551
0.4242869981129621
0.5668306098571383
0.32685331551016994
0.35472349874386466
0.3268533902680544
0.32685276796588414
0.3268533902680544
0.3268533902680544
0.32685276796588414
0.32685276796588414
0.3268533902680544
0.3268533902680544
0.32685276796588414
0.3297733210527992
0.32685276796588414
0.3268533902680544
0.3268533902680544
0.7960346074965317
0.3268533902680544
0.3268533902680544
0.5716219643007102
0.3268533902680544
0.3268533902680544
0.3268533902680544
0.32685276796588414
0.8912250209908006
0.3268533902680544
0.3268533902680544
0.32685276796588414
0.32687808586756706
0.3268533902680544
0.32685276796588414
0.7957371859598362
0.32685276796588414
0.3268533902680544
0.3268533902680544
0.5821310374328834
0.32687808586756706
0.3268533902680544
0.3268533902680544
0.5238745103502453
0.32685276796588414
0.3268533902680544
0.3268533902680544
0.3268533902680544
0.3268533902680544
0.3268533902680544
0.3268533902680544
0.3547235735017491
0.3268533902680544
0.45564140985873985
0.3268533902680544
0.3268533902680544
0.32685276796588414
0.32685276796588414
0.32685276796588414
0.32693566102992744
0.32685276796588414
0.3268533902680544
0.3268533902680544
0.32685276796588414
0.3268533902680544
1.4414516063343241
0.3268533902680544
0.32693628333209773
0.3268774635653968
0.3278408773765389
0.32685276796588414
0.3268533902680544
0.3268533902680544
0.3268533902680544
0.3268533902680544
0.3268533902680544
0.3268774635653968
0.3268533902680544
0.3268533902680544
0.32685276796588414
0.3271599523570031
0.3268533902680544
0.3268533902680544
0.3488700885122805
0.3268533902680544
0.32685276796588414
0.32685276796588414
0.5238745103502453
0.3268533902680544
0.3268533902680544
0.3268533902680544
0.3268533902680544
0.32685276796588414
0.32685276796588414
0.3268533902680544
0.3268533902680544
0.3268533902680544
1.4414520288760948
0.32685276796588414
0.3268533902680544
0.32685276796588414
0.326911587732585
0.3268533902680544
0.32685276796588414
0.32685276796588414
0.3268533902680544
0.32687808586756706
0.32685276796588414
0.3268533902680544
0.7957372607177207
0.3268533902680544
0.32685276796588414
0.5238745103502453
0.32685276796588414
0.32685276796588414
0.3268533902680544
0.32687808586756706
0.32685276796588414
0.32685276796588414
0.3268533902680544
0.3268533902680544
0.35472349874386466
0.3268533902680544
0.3285787369983459
0.32685276796588414
0.32685276796588414
0.3268533902680544
0.5535227430530666
0.3268533902680544
0.3268533902680544
0.32687808586756706
0.32685276796588414
0.3268533902680544
0.3268533902680544
0.3268533902680544
0.3268533902680544
0.3268533902680544
0.3268533902680544
0.3268533902680544
0.3268533902680544
0.3285887480021438
0.3381294323199697
0.3268533902680544
0.5821323373150242
0.35472349874386466
0.32685276796588414
0.8912250209908006
0.3268533902680544
0.32685276796588414
0.3268533902680544
0.3471101896982126
0.3268533902680544
0.32687102235128707
0.32693628333209773
0.32979157543820214
0.32685276796588414
0.3268533902680544
0.32685276796588414
0.3268533902680544
0.3268533902680544
0.3268533902680544
0.3268533902680544
0.7957372607177207
0.3268533902680544
0.32685276796588414
0.3268533902680544
0.3465497580357172
0.3268533902680544
0.3268533902680544
0.3268533902680544
0.35474819434337734
0.3286469454666745
0.3268533902680544
0.3268533902680544
0.3268533902680544
0.3268533902680544
0.3268780111096826
0.3268533902680544
0.32693628333209773
0.7957372607177207
0.3268533902680544
0.3465497580357172
0.3268533902680544
0.326911587732585
0.32685276796588414
0.32685276796588414
0.3268533902680544
0.8912329417586258
0.3268533902680544
0.32687102235128707
0.33853816948181015
0.3268533902680544
0.32687808586756706
0.7957372607177207
0.3268533902680544
0.3268533902680544
0.326911587732585
0.3268533902680544
0.3268533902680544
0.3268533902680544
0.32685276796588414
0.3268533902680544
0.32687808586756706
0.3268533902680544
0.3268533902680544
0.3268533902680544
0.32685276796588414
0.3465497580357172
0.3268533902680544
0.3268533902680544
0.3268533902680544
0.32693628333209773
0.3268533902680544
0.32839915238060635
0.32685276796588414
0.3268533902680544
0.5668293099749976
0.32685276796588414
0.32685276796588414
0.3268533902680544
0.3268533902680544
1.4414514960420408
0.32685276796588414
0.3268533902680544
0.3268533902680544
0.3268533902680544
0.3268533902680544
0.559111365889656
0.3268533902680544
0.3268774635653968
0.32687102235128707
0.3268533902680544
0.3268533902680544
0.3268533902680544
0.3268533902680544
0.3268533902680544
0.32685276796588414
0.4556374785148568
0.3381294323199697
0.3667760368601213
0.32685276796588414
0.3268533902680544
0.32685276796588414
0.32685276796588414
0.3268533902680544
0.32693628333209773
0.32685276796588414
0.33223928543811565
0.35472295119957886
0.326911587732585
0.3268533902680544
0.3268533902680544
0.3292594783481642
0.32685276796588414
0.326911587732585
0.3268950956486295
0.3268533902680544
0.32685276796588414
0.3268533902680544
0.3268533902680544
0.3268533902680544
0.3268533902680544
0.3268533902680544
0.32687808586756706
0.3381313449424327
0.3268533902680544
0.32784025507436865
0.3268533902680544
0.3268533902680544
0.3268533902680544
0.3268533902680544
0.3268533902680544
0.32685276796588414
0.3268533902680544
0.3268533902680544
0.8912329417586258
0.32685276796588414
0.32687808586756706
0.3268533902680544
0.32685276796588414
0.3268533902680544
0.32861344360165656
0.3268533902680544
0.3268533902680544
0.32693628333209773
0.3268533902680544
0.326911587732585
0.3268533902680544
0.3268533902680544
0.3268533902680544
0.3268533902680544
0.32687808586756706
0.32977394335496946
0.32687102235128707
0.3268533902680544
0.3274138219305498
0.3268533902680544
0.4242565408460075
0.3268533902680544
0.32685276796588414
0.3268533902680544
0.3268774635653968
0.3268533902680544
0.3268533902680544
0.3268533902680544
0.32685276796588414
0.3268533902680544
0.8912250209908006
0.3268533902680544
0.3268533902680544
1.1695780351973508
0.9504594396517244
0.3268533902680544
0.32685276796588414
1.4414510735002701
0.32685276796588414
0.3268533902680544
0.326911587732585
0.3268533902680544
0.3268533902680544
0.3268533902680544
0.3268533902680544
0.3268533902680544
0.3268533902680544
0.3268533902680544
0.32685276796588414
0.3268533902680544
0.32687808586756706
0.3268533902680544
0.3547228764416944
0.32685276796588414
0.3268533902680544
0.3285887480021438
0.3268533902680544
0.3268533902680544
0.3268533902680544
0.3268533902680544
0.3471101896982126
0.4242565408460075
0.3268533902680544
0.32687808586756706
0.35472295119957886
0.3268533902680544
0.3268533902680544
0.3268533902680544
0.3268533902680544
0.3268533902680544
0.32693566102992744
0.3268533902680544
0.3268533902680544
0.32685276796588414
0.3292347827486515
0.34711081200038285
0.3268533902680544
0.32685276796588414
1.4414510735002701
0.4242565408460075
0.34032178843451677
0.32839915238060635
0.32691096543041476
0.3268533902680544
0.32687808586756706
0.32685276796588414
0.3268533902680544
0.5238745103502453
0.32687808586756706
0.3268533902680544
0.32685276796588414
0.3268533902680544
0.3268533902680544
0.326911587732585
0.3268533902680544
0.326911587732585
0.3268533902680544
0.3268533902680544
0.3268533902680544
0.3268533902680544
0.3268533902680544
0.3268774635653968
0.3268533902680544
0.3268533902680544
0.32687808586756706
0.3268533902680544
0.3268533902680544
0.3268533902680544
0.3268533902680544
0.3268533902680544
0.3268533902680544
0.3268533902680544
0.3268533902680544
0.3268533902680544
0.3268533902680544
0.3268533902680544
0.3268533902680544
0.32861344360165656
0.3268533902680544
0.3268533902680544
0.326911587732585
0.3268533902680544
0.3268533902680544
0.8665752355935861
0.3268774635653968
0.32685276796588414
0.8912250209908006
0.3268533902680544
0.3268533902680544
0.3268533902680544
0.32685276796588414
0.3268533902680544
0.3285787369983459
0.3268533902680544
0.3268533902680544
0.3285887480021438
0.326911587732585
0.3268533902680544
0.3268533902680544
0.3268533902680544
0.32687808586756706
0.3268533902680544
0.3268533902680544
0.3268533902680544
0.3268533902680544
0.3268533902680544
0.3268533902680544
0.32685276796588414
0.3268533902680544
0.9504594396517244
0.3547228764416944
0.3268774635653968
0.3268533902680544
0.3268533902680544
0.7957372607177207
0.5239048928593155
0.3268533902680544
0.7957372607177207
0.3268533902680544
0.3268533902680544
0.3268533902680544
0.34654913573354695
0.3268533902680544
0.3268533902680544
0.32860343259785857
0.3268533902680544
