0.3283985300784361
0.32685276796588414
0.3292347827486515
0.32685276796588414
0.5668293099749976
0.32685276796588414
0.32693566102992744
0.32685276796588414
0.3268533902680544
0.32685276796588414
1.418007022259378
0.3268533902680544
0.32685276796588414
0.3283985300784361
0.32685276796588414
0.3268533902680544
0.32685276796588414
0.32687808586756706
0.51776567815895
0.3268533902680544
0.32685276796588414
0.7960593030960443
0.7957372607177207
0.32685276796588414
0.32693628333209773
0.32685276796588414
0.5534923605439964
0.3268533902680544
0.32685276796588414
0.3268533902680544
0.32685276796588414
0.32685276796588414
0.3268533902680544
0.32685276796588414
0.5241670528546767
0.5668293099749976
0.3268533902680544
0.32685276796588414
0.3268533902680544
0.3268533902680544
0.32685276796588414
0.33853816948181015
0.3268533902680544
0.32685276796588414
0.3268533902680544
0.32685276796588414
0.32685276796588414
0.32685276796588414
0.32685276796588414
0.3288437135382433
0.32685276796588414
0.32685276796588414
0.32685276796588414
0.3268533902680544
0.32685276796588414
0.3391174669727401
0.3385382442396946
0.32687102235128707
0.32685276796588414
0.32685276796588414
0.34711081200038285
0.3268533902680544
0.3268533902680544
0.32685276796588414
0.32685276796588414
0.32685276796588414
0.3268533902680544
0.3268533902680544
0.3268533902680544
0.32687808586756706
0.32685276796588414
0.5239049676172
0.32685276796588414
0.32685276796588414
1.4414401221982664
0.32685331551016994
0.32784025507436865
0.32685276796588414
0.3268533902680544
0.34712774702356086
0.3268533902680544
0.3268533902680544
0.3268533902680544
0.3268533902680544
0.32786557297605157
0.32784025507436865
0.5822706059749134
0.3307608081612837
0.32685276796588414
0.33853762193752435
0.32685276796588414
0.32693628333209773
0.3547228764416944
0.5238745103502453
0.5534923605439964
0.3268533902680544
0.32685276796588414
0.32685276796588414
0.32839915238060635
0.3268526932079997
0.32685276796588414
0.3268533902680544
0.3268533902680544
0.32685276796588414
0.32685276796588414
0.32685276796588414
0.5239049676172
0.32839915238060635
0.32685276796588414
0.3268533902680544
0.3268533902680544
0.32685276796588414
0.32685276796588414
0.3268704000491168
0.32693566102992744
0.3285887480021438
0.3268533902680544
0.3268533902680544
0.32685276796588414
0.32685276796588414
0.33853762193752435
0.32685276796588414
0.3385375471796399
0.32741444423272004
0.3268533902680544
0.3268533902680544
0.32685276796588414
0.941850930510481
0.32685276796588414
1.4414401221982664
0.3268533902680544
0.3268533902680544
0.32685276796588414
0.3268533902680544
0.3268533902680544
0.3268533902680544
0.4242869981129621
0.32693566102992744
0.3268533902680544
0.3268533902680544
0.3385382442396946
0.5822683525031688
0.35472295119957886
0.32685276796588414
0.32685276796588414
0.3268526932079997
0.32685276796588414
0.3385375471796399
0.3268533902680544
0.3278408773765389
0.3268533902680544
0.33813005462214
0.3268533902680544
0.32685276796588414
0.34711081200038285
0.3268533902680544
0.5239049676172
0.32784025507436865
0.8912329417586258
0.3268533902680544
0.3268533902680544
0.3268533902680544
0.32685276796588414
0.32685276796588414
0.951026691611804
0.32685276796588414
0.3268533902680544
0.3268526932079997
0.3268526932079997
0.32685276796588414
0.34711081200038285
0.3268533902680544
0.328957509480115
0.32685276796588414
0.3268526932079997
0.32685276796588414
0.3268533902680544
0.3268533902680544
0.3292347827486515
0.9510187708439789
0.3268533902680544
0.32685276796588414
0.3268533902680544
0.3274720193950804
0.32685276796588414
0.32685276796588414
0.3268533902680544
0.3268533902680544
0.5668306098571383
0.3268533902680544
0.3268533902680544
0.5821323373150242
0.3268533902680544
0.3268533902680544
0.3268526932079997
0.3268533902680544
0.3268533902680544
0.32685276796588414
0.32685276796588414
0.3278408773765389
0.32685276796588414
0.3268533902680544
0.3268533902680544
0.3268526932079997
0.32685276796588414
0.32685276796588414
0.32685276796588414
0.3268533902680544
0.9504594396517244
0.3381294323199697
0.3268533902680544
0.32685276796588414
0.3268533902680544
0.3268526932079997
0.32685276796588414
0.32685276796588414
0.9504673604195495
0.3283985300784361
1.4414405447400374
0.32687102235128707
0.3268533902680544
0.3292929802131822
0.3547235735017491
0.3268533902680544
0.3268533902680544
0.3289581317822853
0.3268533902680544
0.32839915238060635
0.32685276796588414
0.32685276796588414
0.553492285786112
0.3268533902680544
0.32685331551016994
0.32685276796588414
0.32685276796588414
0.32685276796588414
0.32685276796588414
0.3268533902680544
0.3268526932079997
0.3292347827486515
0.3268533902680544
0.32685276796588414
0.32839915238060635
0.9504673604195495
0.32685276796588414
0.3268533902680544
0.33853762193752435
0.3268533902680544
0.3268533902680544
0.3268533902680544
1.4406511328762701
0.42498730568526305
0.3381294323199697
0.32685331551016994
0.34654913573354695
0.3285787369983459
0.32685276796588414
0.3297733210527992
0.32685276796588414
1.4414510735002701
0.32685276796588414
0.3385382442396946
0.3268533902680544
0.32685276796588414
0.32685276796588414
0.3285787369983459
0.32687102235128707
0.3268533902680544
0.3381294323199697
0.32685276796588414
0.3268533902680544
0.3268533902680544
0.3289581317822853
1.4196435739091426
0.32685276796588414
0.32687808586756706
0.32685276796588414
0.32685276796588414
0.32685276796588414
0.3268526932079997
0.32685276796588414
0.32685276796588414
0.3268533902680544
0.3268533902680544
0.3268533902680544
0.3268533902680544
0.3268526932079997
0.32685276796588414
0.3268533902680544
0.35472295119957886
0.3268533902680544
0.32685331551016994
0.3268533902680544
0.32685276796588414
1.4196435739091426
0.32685276796588414
0.3268533902680544
0.3268533902680544
0.3268533902680544
0.33853816948181015
0.32685276796588414
0.3268533902680544
0.32685276796588414
0.32685276796588414
0.3268533902680544
0.3268533902680544
0.3268533902680544
0.3268533902680544
0.3268533902680544
0.3278408773765389
0.32685276796588414
0.7957641285179022
0.3268533902680544
0.3283985300784361
0.3268533902680544
0.8912250209908006
0.3268533902680544
0.32685276796588414
0.32685276796588414
0.3268533902680544
0.3268533902680544
0.3268533902680544
0.3268533902680544
0.32693628333209773
0.32685276796588414
0.5821310374328834
0.32685276796588414
0.3268533902680544
0.32685276796588414
0.3268533902680544
0.3268526932079997
0.32685276796588414
0.32685276796588414
0.3268533902680544
0.3268533902680544
0.32685276796588414
0.326911587732585
0.34654913573354695
0.951026691611804
0.3268533902680544
0.32685276796588414
0.32979863895448214
0.3268533902680544
0.3268533902680544
0.32693628333209773
0.32685276796588414
0.32685276796588414
0.3268533902680544
0.3268533902680544
0.7957641285179022
1.4414401221982664
0.3268533902680544
0.7957641285179022
0.32784025507436865
0.32685276796588414
0.3268533902680544
0.32685276796588414
0.33853762193752435
0.32685276796588414
0.32687808586756706
0.32685276796588414
0.3268533902680544
0.5239049676172
0.51776567815895
0.32685276796588414
0.7960324352958629
0.32685276796588414
0.32685276796588414
0.3268533902680544
0.3471101896982126
0.32685276796588414
0.32685276796588414
0.32685276796588414
0.33853762193752435
0.3268526932079997
0.32685276796588414
0.32784025507436865
0.32685276796588414
0.32685276796588414
0.3268533902680544
0.3268533902680544
0.32685276796588414
0.32685276796588414
0.32685276796588414
0.3268533902680544
1.4196450693895526
0.32685276796588414
0.33853762193752435
0.32685276796588414
0.32930766480889695
0.3471101896982126
0.3268533902680544
0.3268533902680544
0.3268533902680544
0.32685276796588414
0.33853762193752435
0.3268533902680544
0.32685276796588414
0.3268703252912324
0.35472295119957886
0.3268533902680544
0.8912250209908006
0.32685276796588414
0.32685331551016994
0.32685276796588414
0.32685276796588414
0.32685276796588414
0.3268533902680544
0.3268533902680544
0.32685276796588414
0.32693566102992744
0.32685276796588414
0.32685276796588414
0.3268533902680544
0.35472295119957886
0.3297733210527992
0.32685276796588414
0.32685276796588414
0.3283985300784361
0.32685276796588414
0.32685276796588414
0.553522817810951
0.3268533902680544
0.32685276796588414
0.5822693060927726
0.3268533902680544
0.3268533902680544
0.8912250209908006
0.32687102235128707
0.326911587732585
0.3268533902680544
0.3268533902680544
0.32687102235128707
0.32685276796588414
0.3268704000491168
0.32687808586756706
0.32685276796588414
0.3268533902680544
0.7957641285179022
0.32685276796588414
0.3268533902680544
0.3547235735017491
0.3268533902680544
0.32691096543041476
1.4414510735002701
0.33853816948181015
0.32685276796588414
0.32685276796588414
0.32685276796588414
0.32687808586756706
0.32685276796588414
0.7960593030960443
0.32685276796588414
0.3268533902680544
0.32685276796588414
0.32685276796588414
0.3465497580357172
0.3268526932079997
0.3268526932079997
0.3268533902680544
0.32685276796588414
0.32685276796588414
0.3268704000491168
0.3268533902680544
0.9317565911065293
0.32685276796588414
0.32685276796588414
0.3268533902680544
0.3385375471796399
0.3268533902680544
0.32685276796588414
0.32685276796588414
0.3268533902680544
0.3465497580357172
0.32685276796588414
0.3268533902680544
0.34654913573354695
0.3268533902680544
0.32685276796588414
0.32685276796588414
0.3385382442396946
0.32685276796588414
1.4414401221982664
0.32685276796588414
0.32685331551016994
0.7957372607177207
1.4180171148644245
1.4414510735002701
0.32685276796588414
0.3268533902680544
0.3268533902680544
0.32685276796588414
0.32685276796588414
0.3268533902680544
0.3268533902680544
0.3268533902680544
0.32685276796588414
0.5239049676172
0.32685276796588414
0.3552840051642445
0.3268533902680544
0.3268533902680544
0.32685276796588414
0.3268533902680544
1.5571483243874784
0.3268533902680544
0.3268533902680544
0.3268533902680544
0.32685276796588414
0.32687102235128707
0.32685276796588414
0.3268533902680544
0.32685276796588414
0.3268704000491168
0.3268533902680544
0.3268533902680544
0.32685276796588414
0.32685276796588414
0.3268533902680544
0.32685276796588414
0.3292347827486515
0.3268704000491168
0.32685276796588414
0.32685276796588414
0.32685276796588414
0.3471101896982126
0.3268774635653968
0.33813005462214
0.5668283563853936
0.3268533902680544
0.3268533902680544
0.32685276796588414
0.3292347827486515
0.32685276796588414
0.32685331551016994
0.3268533902680544
0.3268526932079997
0.3268533902680544
0.32685276796588414
0.32685276796588414
0.9512137082398219
0.3268533902680544
0.32687808586756706
0.32685276796588414
0.3268533902680544
0.33853762193752435
0.3268533902680544
0.3268533902680544
0.3268533902680544
0.32685276796588414
0.3268533902680544
0.3268533902680544
0.3268533902680544
1.4414510735002701
0.3268533902680544
0.3268533902680544
1.4196445376924822
0.7957641285179022
0.32839915238060635
0.32685276796588414
0.7960324352958629
0.3268533902680544
0.32685276796588414
0.3268533902680544
0.3297890519213675
0.32685276796588414
0.5239049676172
0.3278408773765389
0.3268533902680544
0.32741444423272004
0.3268533902680544
0.3385382442396946
0.32685276796588414
0.32860343259785857
0.3268533902680544
0.3268704000491168
0.3268533902680544
0.32685276796588414
0.32685276796588414
0.5535227430530666
0.3268533902680544
0.3268533902680544
0.32685276796588414
0.3278408773765389
0.3268533902680544
0.5822693060927726
0.3268533902680544
0.32685276796588414
0.42498730568526305
0.32685276796588414
0.32685276796588414
0.3385382442396946
0.3268533902680544
0.3268533902680544
0.32685276796588414
0.32685276796588414
0.32685276796588414
0.32685276796588414
0.35472349874386466
0.32784025507436865
0.3268533902680544
0.3268533902680544
0.32685276796588414
0.3268533902680544
0.3268533902680544
0.3381294323199697
0.32685276796588414
0.3268533902680544
0.32685276796588414
0.32685276796588414
0.3268533902680544
0.32784080261865445
0.32685276796588414
0.3268533902680544
0.32685276796588414
0.3268533902680544
0.32685276796588414
0.3268533902680544
0.32685276796588414
0.33853762193752435
0.9504594396517244
0.32685276796588414
0.32685276796588414
0.3268533902680544
0.3268533902680544
0.32685331551016994
0.3268533902680544
0.32685331551016994
0.32685276796588414
0.32685276796588414
0.32685276796588414
0.32685276796588414
0.3292494673443662
0.9504594396517244
1.5571373969409021
0.32687808586756706
0.3268704000491168
0.3268533902680544
0.3268533902680544
0.3268533902680544
0.32685276796588414
0.32685276796588414
1.294994769865508
1.4414514960420408
0.3268533902680544
0.32685276796588414
0.8912329417586258
0.3268533902680544
0.32691096543041476
0.32685276796588414
0.32685276796588414
0.32687102235128707
0.3268533902680544
0.3278408773765389
0.32685331551016994
0.5238745103502453
0.3268533902680544
0.32685276796588414
0.3268533902680544
0.3268533902680544
0.32685276796588414
0.32685276796588414
0.32685276796588414
0.3268526932079997
0.32687102235128707
0.3268533902680544
0.32685276796588414
0.32685276796588414
0.3268533902680544
0.3268533902680544
0.3268526932079997
0.3283985300784361
0.32685276796588414
0.32685276796588414
0.34654913573354695
0.32685276796588414
0.3268533902680544
0.3268533902680544
0.9506464562797423
0.8914120376188185
0.32685276796588414
0.32685276796588414
0.3268533902680544
0.32689571795079975
0.3385382442396946
0.3268533902680544
0.3268533902680544
0.34654968327783275
0.32685276796588414
0.32685276796588414
0.32685276796588414
0.5674422551425813
0.3268533902680544
0.32685276796588414
0.32685276796588414
1.5571373969409021
0.32685276796588414
0.3268533902680544
0.34654913573354695
0.3268704000491168
0.3268533902680544
0.3268533902680544
0.32687102235128707
0.32685276796588414
0.34711081200038285
0.3268533902680544
0.5096568206535596
0.32685276796588414
0.32685276796588414
0.3268526932079997
0.32685276796588414
0.3268533902680544
0.3385382442396946
0.32685276796588414
0.3465497580357172
0.3268533902680544
0.3268533902680544
0.3268533902680544
0.3268533902680544
0.5239049676172
0.32685276796588414
0.32685276796588414
0.3268533902680544
0.32685276796588414
0.32685276796588414
0.32685276796588414
0.3268533902680544
0.3268533902680544
0.32685276796588414
0.3268526932079997
0.3547228764416944
0.32685331551016994
0.3278408773765389
0.32685276796588414
1.4414514960420408
0.3268533902680544
0.32741374717266536
0.3268533902680544
0.32685276796588414
0.3268533902680544
0.3268533902680544
0.3268533902680544
0.33952510904600885
0.3268533902680544
0.3268533902680544
0.5238745103502453
0.3385375471796399
0.32685276796588414
0.3268533902680544
0.3268533902680544
0.3268533902680544
0.5668293099749976
0.3268533902680544
0.7957371859598362
0.33813005462214
0.3268533902680544
0.3268533902680544
1.4414401221982664
1.2955875422516556
0.32685276796588414
0.9505539459103746
0.3268533902680544
0.32685276796588414
0.32685331551016994
0.3268533902680544
0.7957372607177207
0.3268533902680544
0.32685276796588414
0.3268533902680544
0.3268533902680544
0.3268704000491168
0.3268533902680544
0.3268533902680544
0.7957372607177207
0.32685276796588414
0.32685276796588414
0.32685276796588414
0.3268533902680544
0.32685276796588414
0.3268533902680544
0.32685276796588414
0.3268533902680544
0.3268533902680544
0.3385382442396946
0.32685331551016994
0.3268533902680544
0.7957372607177207
0.3268533902680544
0.3268533902680544
0.32685276796588414
0.35472349874386466
0.32685276796588414
0.32687808586756706
0.3268533902680544
0.32685276796588414
0.32685276796588414
0.32685276796588414
0.3268533902680544
0.32685276796588414
0.32685276796588414
0.32685276796588414
0.7960593030960443
0.3268704000491168
1.5571483482429058
0.32695384065744604
0.33853762193752435
0.3268533902680544
0.3268533902680544
0.3268533902680544
0.4250177629522176
0.34654913573354695
0.32685276796588414
0.3268533902680544
1.4196541026693754
0.32685276796588414
0.32685276796588414
0.32685276796588414
0.3268533902680544
0.7957641285179022
0.553522817810951
0.3268533902680544
0.3268533902680544
0.3268533902680544
0.32685276796588414
0.3268533902680544
0.32685276796588414
0.3268533902680544
0.3268526932079997
0.3268533902680544
0.32685276796588414
0.32685276796588414
0.32685276796588414
0.34656676781677964
0.5668306098571383
0.3385375471796399
0.5239049676172
0.32685276796588414
0.3268533902680544
0.32685276796588414
0.32977394335496946
0.32685276796588414
0.328957509480115
0.32693566102992744
0.32687102235128707
1.4196541026693754
0.3268533902680544
0.3268533902680544
0.7957641285179022
0.32685276796588414
0.326911587732585
0.3268526932079997
0.32685276796588414
0.32685276796588414
0.32784025507436865
0.3283985300784361
0.32685276796588414
0.3285887480021438
0.32685276796588414
0.7957641285179022
0.32685276796588414
0.3268526932079997
0.32685276796588414
0.3268533902680544
0.3481892592779666
0.3268533902680544
0.32784025507436865
0.32685276796588414
0.33853816948181015
0.32685276796588414
0.32685331551016994
0.32685276796588414
0.3471101896982126
0.32841600532669446
0.32685276796588414
0.3268533902680544
0.32685331551016994
0.32685276796588414
0.32685276796588414
0.34654913573354695
0.32685276796588414
0.7960324352958629
0.32685276796588414
0.3268533902680544
0.3268533902680544
0.3268533902680544
0.3268533902680544
1.4414510735002701
0.3268533902680544
0.32685276796588414
0.3268533902680544
0.32685276796588414
0.3268533902680544
0.3268533902680544
0.5239049676172
0.3278408773765389
0.3268533902680544
0.3268533902680544
0.32685276796588414
0.5241205190614069
0.3268533902680544
0.3268533902680544
0.32685276796588414
0.32685331551016994
0.3268533902680544
1.4414510735002701
0.32685276796588414
0.32685276796588414
0.33813005462214
0.3268774635653968
0.3268533902680544
0.32687102235128707
0.3268533902680544
0.32685276796588414
0.3268533902680544
1.4414510735002701
0.32685276796588414
0.32685276796588414
0.3268533902680544
0.32685331551016994
0.3268533902680544
0.3268533902680544
0.32685276796588414
0.3552840051642445
0.3268533902680544
0.3268533902680544
0.5239049676172
0.3285787369983459
0.3268533902680544
0.4242565408460075
0.32685276796588414
0.329773868597085
0.32784025507436865
0.32685331551016994
1.4414514960420408
0.32685276796588414
0.35472295119957886
0.3268533902680544
0.32685276796588414
0.32685276796588414
0.3268533902680544
0.3268526932079997
0.3385388374999326
0.3268533902680544
0.3268533902680544
0.5238745103502453
0.32685276796588414
0.32685276796588414
0.5542258588197883
0.34654913573354695
0.32685276796588414
0.32685276796588414
0.3268533902680544
0.3385375471796399
0.3268533902680544
0.32685276796588414
0.3268533902680544
0.3268533902680544
0.32685276796588414
0.32691096543041476
0.3268533902680544
0.32685276796588414
0.32685276796588414
0.3268533902680544
0.3268533902680544
0.3268774635653968
0.32685276796588414
0.32685276796588414
0.32741444423272004
0.42498730568526305
0.32685276796588414
0.5537079119882033
0.3385382442396946
0.3285887480021438
0.3268533902680544
0.3274138219305498
0.32685276796588414
0.32685276796588414
0.32685276796588414
0.3268533902680544
0.3268704000491168
0.3268533902680544
0.5542562413288584
0.3268533902680544
0.3268533902680544
0.32685276796588414
0.32685276796588414
0.3268533902680544
0.3268533902680544
0.32685276796588414
0.32685276796588414
0.32685276796588414
0.32685276796588414
0.3268533902680544
0.3268533902680544
0.3268533902680544
0.32685276796588414
0.32685276796588414
0.7960593030960443
0.3268533902680544
0.33813005462214
