0.32979157543820214
0.32685276796588414
0.3547228764416944
0.3268533902680544
0.3268533902680544
0.3285887480021438
0.32685276796588414
0.35472349874386466
0.32685276796588414
0.3268533902680544
0.3465497580357172
0.3268533902680544
0.3268533902680544
0.3268533902680544
0.3268533902680544
0.5668293099749976
0.3268533902680544
0.5868886548999244
1.4422082525140032
0.3268533902680544
0.3268533902680544
0.3268533902680544
0.32685276796588414
0.674339881353186
0.3381294323199697
0.3268533902680544
0.32685276796588414
0.32685276796588414
0.32685276796588414
0.4549371709425558
0.3268533902680544
0.5239049676172
0.32685276796588414
0.3268533902680544
0.3268533902680544
0.32685276796588414
0.32685276796588414
0.3297909531360319
0.32685276796588414
0.3293176758126949
0.3268533902680544
0.3268533902680544
0.3285887480021438
0.32685276796588414
0.3268533902680544
0.3268533902680544
0.3268533902680544
0.32685276796588414
0.3268533902680544
0.3268533902680544
0.32685276796588414
0.32685276796588414
0.326911587732585
0.3268533902680544
0.3268533902680544
0.3268533902680544
0.3547235735017491
0.3268533902680544
0.3268533902680544
0.3268533902680544
0.3268533902680544
0.3268533902680544
0.32685276796588414
0.3268533902680544
0.32687102235128707
0.3409196367202917
0.3268533902680544
0.4556374785148568
0.3268533902680544
0.3268533902680544
0.3268533902680544
0.3268533902680544
0.3268774635653968
0.32685276796588414
0.3268533902680544
0.3268533902680544
0.5239049676172
1.4172851184604034
0.32977394335496946
0.3268533902680544
0.3268533902680544
0.32863107568488925
0.32685276796588414
0.3268533902680544
0.3268533902680544
0.3268533902680544
0.32685276796588414
0.3268533902680544
0.3268533902680544
0.3268533902680544
0.33853762193752435
0.3268533902680544
0.3268533902680544
0.3268533902680544
0.3268533902680544
0.32685276796588414
0.32685276796588414
0.42387341073900975
0.32685276796588414
0.32741444423272004
0.32685276796588414
0.32685276796588414
0.32685276796588414
0.32685276796588414
0.32977394335496946
0.32685331551016994
0.32685276796588414
0.3268533902680544
0.3268533902680544
0.32977394335496946
0.3268533902680544
0.3268533902680544
0.3268533902680544
0.3268533902680544
0.3381294323199697
0.3268533902680544
0.3268533902680544
0.5668306098571383
0.3268533902680544
0.3268533902680544
0.3385382442396946
0.32741444423272004
0.3268533902680544
0.3268533902680544
0.32685276796588414
0.4673020962467366
0.3268533902680544
0.3268533902680544
0.3268533902680544
0.3268533902680544
0.3268533902680544
0.3268533902680544
1.4180171148644245
0.32685276796588414
0.5668306098571383
0.32685276796588414
0.3268533902680544
1.4414401221982664
0.3268533902680544
0.3268533902680544
0.3268533902680544
0.3268533902680544
0.9510187708439789
0.3385382442396946
0.32685276796588414
0.3268533902680544
0.32685276796588414
0.3268533902680544
0.7957372607177207
0.3268533902680544
0.3268533902680544
0.3268533902680544
0.3268533902680544
0.9510187708439789
0.3274138219305498
0.5668293099749976
0.3268533902680544
0.32685276796588414
0.3268533902680544
0.3268533902680544
0.32685276796588414
0.3268533902680544
0.3268533902680544
0.3268533902680544
0.32685276796588414
0.3268704000491168
0.32685276796588414
0.3268533902680544
0.32687102235128707
0.7957372607177207
0.3268533902680544
0.32687808586756706
0.951026691611804
0.3268533902680544
0.5668306098571383
0.3268533902680544
0.3268533902680544
0.32685276796588414
0.3268533902680544
0.32685276796588414
0.8912250209908006
0.32685276796588414
0.32685276796588414
0.7957372607177207
0.3268533902680544
0.34654913573354695
0.3268533902680544
0.3268533902680544
0.3268533902680544
0.32685276796588414
0.32685276796588414
0.32685276796588414
0.3297733210527992
0.3268533902680544
0.3268533902680544
0.32977394335496946
0.3268533902680544
0.3268533902680544
0.7957641285179022
0.3286716410661872
0.3268533902680544
0.32685276796588414
0.32685276796588414
0.3268533902680544
0.3268533902680544
0.3278408773765389
0.3268533902680544
0.3268533902680544
0.9510187708439789
0.3268533902680544
1.4414510735002701
1.4414514960420408
0.35472349874386466
0.3268533902680544
0.32784025507436865
0.326911587732585
0.33813005462214
0.32839915238060635
0.42291536780408456
0.32685276796588414
0.3385382442396946
0.32923470799076704
0.3268533902680544
0.3268533902680544
0.3278408773765389
0.3268533902680544
0.5668306098571383
0.3268533902680544
0.3268533902680544
0.3268533902680544
0.3268533902680544
0.3268533902680544
0.42425582996237565
0.32685276796588414
0.3268533902680544
0.3268533902680544
0.3268533902680544
0.3268533902680544
0.3268533902680544
0.3268533902680544
0.3268533902680544
0.3268533902680544
0.3268533902680544
0.32784025507436865
0.3268533902680544
0.33853762193752435
0.3268533902680544
0.3268533902680544
0.32685276796588414
0.32685276796588414
0.8912329417586258
0.3268533902680544
0.3268533902680544
0.3268533902680544
0.32685276796588414
0.8913952627871309
0.4242565408460075
0.3268533902680544
0.7957372607177207
0.3268533902680544
0.3286716410661872
0.32687808586756706
0.32685276796588414
0.3465497580357172
0.3268533902680544
0.3268533902680544
0.32687102235128707
0.3268533902680544
0.8912250209908006
0.32860343259785857
0.3268533902680544
0.3293176758126949
0.32685276796588414
0.32685276796588414
1.4414510735002701
0.3268533902680544
0.3297909531360319
0.3268533902680544
0.3268533902680544
0.3268533902680544
0.3268533902680544
0.3268533902680544
0.3268533902680544
0.3268533902680544
0.3268533902680544
0.32685276796588414
0.3268533902680544
0.3285887480021438
0.32685276796588414
0.3268533902680544
0.3268533902680544
0.32784025507436865
0.3268533902680544
0.3268533902680544
0.3465744536352299
0.3268533902680544
0.32685276796588414
0.3268533902680544
0.3268774635653968
0.3268533902680544
0.32741444423272004
0.3268533902680544
0.3285887480021438
0.3268533902680544
0.3268533902680544
0.32784025507436865
0.32685276796588414
1.6051880400387482
0.3278408773765389
0.3268533902680544
0.3268533902680544
0.3268533902680544
0.3268526932079997
0.32866163006238924
0.32685276796588414
0.32685276796588414
0.3268533902680544
0.32685276796588414
0.3268533902680544
0.3268533902680544
0.7957619563172333
0.3268533902680544
0.3268533902680544
0.3268533902680544
0.3268533902680544
0.3268533902680544
0.3268533902680544
0.3268533902680544
0.3268533902680544
0.3268533902680544
0.3268533902680544
0.3547235735017491
0.34711081200038285
0.3268533902680544
0.4249912370291461
0.32685276796588414
0.3315821083914199
0.3278408773765389
0.3268533902680544
0.3547228764416944
0.32685276796588414
1.4414405447400374
0.5238745103502453
0.32685276796588414
0.3268533902680544
0.32685276796588414
0.3268533902680544
0.3268533902680544
1.4180171148644245
0.5534923605439964
0.32685276796588414
0.5080399071916968
0.3268533902680544
0.4251587231991135
0.3268533902680544
0.3268533902680544
0.32977394335496946
0.3315821831493043
0.32685276796588414
0.5099791164447927
0.3268533902680544
0.3268533902680544
0.3547228764416944
0.3268533902680544
0.3268533902680544
0.3268533902680544
0.3268533902680544
0.33813005462214
0.32685276796588414
0.32685276796588414
0.3268533902680544
0.3297733210527992
0.4250177629522176
0.326911587732585
0.3268533902680544
0.32685276796588414
1.419655066452715
0.33986541235622947
0.3268533902680544
0.32685276796588414
0.3268533902680544
0.5080703644586513
0.32685276796588414
0.3268533902680544
0.32685276796588414
0.3268533902680544
0.3268533902680544
0.32741444423272004
0.3268533902680544
0.3268533902680544
0.3268533902680544
0.3385382442396946
1.42048107562022
0.32687808586756706
0.3268533902680544
0.35472295119957886
0.3268533902680544
0.3268533902680544
0.32685276796588414
0.3268533902680544
0.3268533902680544
0.3465497580357172
0.3268533902680544
0.3268533902680544
0.32977394335496946
0.3268533902680544
0.3268533902680544
0.3385382442396946
0.32784025507436865
0.32685276796588414
0.3268533902680544
0.3278408773765389
0.3278408773765389
0.3268533902680544
0.3268533902680544
0.3297733210527992
0.3268533902680544
0.3268533902680544
0.32685276796588414
0.7960077396963502
0.32685276796588414
0.32685276796588414
0.4250177629522176
0.3547235735017491
0.3268533902680544
0.3268533902680544
0.3268533902680544
0.32687102235128707
0.3268533902680544
0.3268533902680544
0.3268533902680544
0.3268533902680544
0.3268533902680544
0.3268950956486295
0.3268533902680544
0.3268533902680544
0.3268533902680544
0.3297733210527992
0.3268533902680544
0.3268533902680544
0.32685276796588414
0.3268533902680544
0.3268533902680544
0.5104561503579241
0.4250177629522176
0.3268533902680544
0.3268533902680544
0.3547228764416944
0.3268533902680544
0.3268533902680544
0.3268533902680544
0.3268533902680544
0.32685276796588414
0.3268533902680544
0.32685276796588414
0.4231978672507954
0.32922477174485354
0.32685276796588414
0.3268533902680544
0.32685276796588414
0.32691096543041476
0.32685276796588414
0.3268533902680544
0.3268533902680544
0.3268533902680544
0.34711081200038285
0.3268533902680544
0.32685276796588414
0.5534923605439964
0.3268533902680544
0.32685276796588414
0.3268533902680544
0.5668293099749976
0.3268533902680544
0.32687102235128707
0.3268533902680544
0.3646408790969924
0.3268533902680544
0.326911587732585
0.5238745103502453
0.3268533902680544
0.3268704000491168
0.32685276796588414
0.34819927028176456
0.3381313449424327
0.5845870417712208
0.3268533902680544
0.3268533902680544
0.3268533902680544
0.3268533902680544
0.32685276796588414
0.3268533902680544
0.3268533902680544
0.3268533902680544
0.3285887480021438
0.3268533902680544
0.32784025507436865
0.3268533902680544
0.3268533902680544
1.4354032041893097
0.7957372607177207
0.3268533902680544
0.3268533902680544
0.3268533902680544
0.42498730568526305
0.32685276796588414
0.32741444423272004
0.3268533902680544
0.3268533902680544
0.3268533902680544
0.3268533902680544
0.8912329417586258
0.3268533902680544
0.3268533902680544
0.9667229989690627
0.3268533902680544
0.3268533902680544
0.3268533902680544
0.3268533902680544
0.3268533902680544
0.3268533902680544
0.3268533902680544
0.3268533902680544
0.32685276796588414
0.7960077396963502
0.7957372607177207
0.3268533902680544
0.3268533902680544
0.32685276796588414
0.3268533902680544
0.3268533902680544
0.3268533902680544
0.32685276796588414
0.3268533902680544
0.33813005462214
0.32685276796588414
0.3278408773765389
0.32685276796588414
0.3646408790969924
0.32685331551016994
0.32685276796588414
0.3268533902680544
0.3268533902680544
0.3268533902680544
0.3268533902680544
0.3292347827486515
0.34711081200038285
0.3268533902680544
0.3268533902680544
0.3292347827486515
0.3268533902680544
0.32685276796588414
0.3268533902680544
0.3268533902680544
0.3268533902680544
0.3268533902680544
0.3268533902680544
0.32977394335496946
0.3268533902680544
0.3268533902680544
0.33853762193752435
0.3268533902680544
0.32977394335496946
0.32685276796588414
0.3268533902680544
0.3268533902680544
0.3268533902680544
0.3268533902680544
0.3268533902680544
0.3268533902680544
0.3268533902680544
0.32979157543820214
0.3285887480021438
0.32685276796588414
0.3293176758126949
0.3268533902680544
0.3268533902680544
0.8912329417586258
0.3268533902680544
0.3268533902680544
0.3268533902680544
0.3268533902680544
0.3268533902680544
0.7307281884871901
0.3285887480021438
0.3268533902680544
0.3268533902680544
0.3268533902680544
0.3268533902680544
0.32685276796588414
0.32784025507436865
0.3268533902680544
0.3268533902680544
0.3268533902680544
0.3268774635653968
0.3268533902680544
0.34654913573354695
0.3268533902680544
0.32685276796588414
1.4414510735002701
0.3268533902680544
0.35472349874386466
1.4414514960420408
0.5241204443035224
0.3268533902680544
1.4414968232525567
0.3268533902680544
0.3268533902680544
0.3268533902680544
0.3268533902680544
0.3271768053030913
0.3268533902680544
1.4519896569757422
0.3268533902680544
0.3268533902680544
0.3268533902680544
0.3268533902680544
0.32685276796588414
0.3268533902680544
0.32685276796588414
0.3268533902680544
0.3268533902680544
0.5238745103502453
0.3268533902680544
0.3547235735017491
0.3268533902680544
0.3268533902680544
0.5238745103502453
0.32784025507436865
0.3268533902680544
0.3268533902680544
0.5238745103502453
0.34828216334580797
0.3385382442396946
0.32685276796588414
0.3268533902680544
0.3268533902680544
0.3268533902680544
0.3285887480021438
0.3268533902680544
0.3268533902680544
0.3268533902680544
0.32685276796588414
0.3268533902680544
0.32685276796588414
0.32685276796588414
0.3268533902680544
0.32685276796588414
1.4414514960420408
0.3268533902680544
0.3268533902680544
0.32685276796588414
0.32685276796588414
0.32685276796588414
0.3667760368601213
0.3268533902680544
0.32685276796588414
0.3268533902680544
0.32685276796588414
0.3471101896982126
0.3268533902680544
0.3268533902680544
0.5668306098571383
0.3268533902680544
0.3268533902680544
0.553522817810951
0.8912329417586258
0.326911587732585
0.3268533902680544
0.7960346074965317
0.3268533902680544
0.3268533902680544
0.8912250209908006
0.3268533902680544
0.3268533902680544
0.3268533902680544
0.3285887480021438
0.3268533902680544
0.3268533902680544
0.32687102235128707
0.3268533902680544
0.3268533902680544
0.32685276796588414
0.3286716410661872
0.3268533902680544
0.7957372607177207
0.32685276796588414
0.32685276796588414
0.3268533902680544
0.5238745103502453
0.3268533902680544
0.32687808586756706
0.32685276796588414
0.32685276796588414
0.3268533902680544
0.35033305197023223
0.3268533902680544
0.8927825692691059
0.3667760368601213
1.4414514960420408
0.3268533902680544
0.3646415013991626
0.3268533902680544
0.32685276796588414
0.3285887480021438
0.32685276796588414
0.5668306098571383
0.3646415013991626
0.32685276796588414
0.5534923605439964
0.32784025507436865
0.42498730568526305
0.3646415013991626
0.3268533902680544
0.3268533902680544
0.3268533902680544
0.3268533902680544
0.32685276796588414
0.9063970708749294
0.32685276796588414
0.7957372607177207
0.5668306098571383
0.3465497580357172
0.8892549287059128
0.3268533902680544
0.3268533902680544
0.7960077396963502
0.32685276796588414
0.3268533902680544
0.3268533902680544
0.3286716410661872
0.32685276796588414
0.3268533902680544
0.32685331551016994
0.32685276796588414
0.32685276796588414
0.32685276796588414
0.3268533902680544
0.3268533902680544
0.32685276796588414
0.3547235735017491
0.3268533902680544
1.6422380026758006
0.3268533902680544
0.3268533902680544
0.3268533902680544
0.32685276796588414
0.3268533902680544
0.3278408773765389
0.32685276796588414
0.3268533902680544
0.326911587732585
0.32685276796588414
0.3268533902680544
0.32687808586756706
0.32784025507436865
0.3268533902680544
0.32685276796588414
0.3268533902680544
0.32685276796588414
0.3268533902680544
0.3268533902680544
0.3268533902680544
0.32685276796588414
0.5080399071916968
0.32685276796588414
0.3385382442396946
0.3268533902680544
0.3268533902680544
0.3268533902680544
0.3268533902680544
0.32979157543820214
0.3268533902680544
0.3268533902680544
0.3283985300784361
0.33279148004784487
0.3268533902680544
0.3268533902680544
0.3268533902680544
0.3268533902680544
0.32685276796588414
0.3268533902680544
0.3268533902680544
0.3268533902680544
0.3268533902680544
0.32741444423272004
0.3268533902680544
0.3268533902680544
0.3268533902680544
0.32685276796588414
0.523874435592361
0.3268533902680544
0.3268533902680544
0.3268533902680544
0.3268533902680544
0.32861344360165656
0.3268533902680544
0.32866163006238924
0.32685276796588414
0.5668293099749976
0.3268533902680544
0.3268533902680544
0.3646415013991626
0.3268533902680544
0.32685276796588414
0.32685276796588414
0.3268533902680544
0.3268533902680544
0.3268533902680544
0.3268533902680544
0.3268533902680544
0.3268533902680544
0.3268533902680544
0.3268533902680544
0.32685276796588414
0.3268533902680544
0.3268533902680544
0.4242565408460075
0.3268533902680544
0.3268533902680544
0.3268533902680544
0.42498730568526305
0.3268533902680544
0.3268533902680544
0.32685276796588414
0.3278408773765389
0.32685276796588414
0.32685276796588414
0.32685276796588414
0.3268533902680544
0.3268704000491168
0.3268533902680544
0.32685276796588414
0.33862113730373794
0.3268533902680544
0.9487564415147132
0.32977394335496946
0.3268533902680544
0.3268533902680544
0.3268533902680544
0.3268533902680544
0.3268533902680544
0.3268533902680544
0.32685276796588414
0.3268533902680544
0.3268533902680544
0.32922477174485354
0.32685276796588414
0.32685276796588414
0.3268533902680544
0.32685276796588414
0.3268533902680544
0.5238745103502453
0.8912250209908006
0.3268533902680544
0.3268533902680544
0.3268533902680544
0.3268533902680544
0.3268533902680544
0.32685276796588414
0.5668306098571383
0.3268533902680544
0.32685276796588414
0.3268533902680544
0.7307550562873716
0.3268533902680544
0.32685276796588414
0.3268533902680544
0.7957372607177207
0.32979157543820214
0.3268533902680544
0.32685276796588414
0.3274138219305498
0.3268533902680544
0.32685276796588414
0.3268533902680544
0.3646408790969924
0.3268533902680544
0.3268533902680544
0.3268533902680544
0.3268533902680544
0.3268533902680544
0.3292347827486515
0.3268533902680544
0.3385382442396946
0.32685276796588414
0.4242565408460075
0.32685276796588414
0.5668293099749976
0.3268533902680544
0.3268533902680544
0.3268533902680544
0.32685276796588414
0.3268533902680544
0.3268533902680544
0.32685276796588414
0.3285887480021438
0.3278408773765389
0.32685276796588414
0.3268533902680544
0.3268533902680544
0.3268533902680544
0.3268533902680544
0.3268533902680544
0.32685276796588414
0.34654913573354695
0.3268533902680544
0.32687102235128707
0.34711081200038285
0.3268533902680544
0.3268533902680544
0.32685276796588414
0.33813005462214
0.32685276796588414
0.3268533902680544
0.3268533902680544
0.3278408773765389
0.32685276796588414
0.3285887480021438
0.3268533902680544
0.3268533902680544
0.3274138219305498
0.3268533902680544
0.3268533902680544
0.5238745103502453
0.3292347827486515
0.32685276796588414
0.5240900617944523
0.3268533902680544
0.32685276796588414
0.326911587732585
0.32685276796588414
0.3268533902680544
0.3268533902680544
0.3268533902680544
0.32685276796588414
0.3268533902680544
0.3268533902680544
0.3286716410661872
0.3268533902680544
0.3268533902680544
0.42447209229021443
0.32693628333209773
0.3292347827486515
0.3268533902680544
0.3268533902680544
0.32685276796588414
0.3268533902680544
0.3268533902680544
0.32979157543820214
0.3385382442396946
0.32685276796588414
0.32979157543820214
0.3268533902680544
0.8913952627871309
0.32977394335496946
0.3268533902680544
0.32685276796588414
0.7957641285179022
0.3268533902680544
0.3268533902680544
0.32685276796588414
0.3571355469306944
0.3268533902680544
0.5080399071916968
0.32685276796588414
0.32685276796588414
0.3268533902680544
0.3268533902680544
0.32784025507436865
0.3268533902680544
0.326911587732585
0.3268533902680544
0.3292594783481642
0.32685276796588414
0.3268533902680544
0.3268533902680544
0.5238745103502453
0.5238745103502453
0.3268533902680544
0.3268533902680544
0.35472295119957886
0.3268533902680544
0.3268533902680544
0.32685276796588414
0.32977394335496946
0.32685276796588414
0.32741444423272004
0.32685276796588414
0.3268533902680544
0.3268533902680544
0.3268533902680544
0.3268533902680544
0.8912250209908006
0.3268533902680544
0.3268533902680544
0.32685276796588414
0.3268533902680544
0.32685276796588414
0.3268533902680544
