0.3271592414733713
0.3271606581458171
0.42602905168317107
0.32716003584364683
0.3271592414733713
0.3271592414733713
0.3271854423267914
0.32716003584364683
0.3271599523570031
0.32718464795651586
0.3271606581458171
0.32718393707288396
0.32716003584364683
0.37775865132232395
0.32716003584364683
0.3271606581458171
0.33096608460001575
0.3596407492951629
0.32716003584364683
1.620170220404379
0.7280383646420354
0.3271606581458171
0.32716074672727874
0.32716003584364683
0.3271606581458171
0.33098936352708264
0.32715861917120104
0.5624916473641459
0.3271768053030913
0.7095239491698392
0.32716074672727874
0.3271606581458171
0.32716003584364683
0.32716003584364683
0.32716074672727874
0.327161369029449
0.327161369029449
0.3271833147707137
0.33119007657791893
0.32716003584364683
0.327161369029449
0.32716003584364683
0.3271606581458171
0.6891304158173708
0.3271606581458171
0.32715861917120104
0.3271606581458171
0.3271606581458171
0.3271606581458171
0.32716003584364683
0.32716003584364683
0.32715861917120104
0.32716003584364683
0.3271833147707137
0.32718535374532975
0.32716074672727874
0.35157287385468217
0.32716003584364683
0.3271599523570031
0.3271606581458171
0.7279004069234539
0.8018889651742639
0.3450676481017792
0.32716003584364683
0.32716074672727874
0.3271782219755371
0.32716003584364683
0.327161369029449
0.32839985816942024
0.32716003584364683
0.3271606581458171
0.32771901524532576
0.32716003584364683
0.42526782957696097
0.3271847314431595
0.7406633278812943
0.32716003584364683
0.32716003584364683
0.32716003584364683
0.3271606581458171
0.3271606581458171
0.3271606581458171
0.32716003584364683
0.3456019319039454
0.32716003584364683
0.32716003584364683
0.3271606581458171
0.327161369029449
0.34562662750345813
0.32716003584364683
0.32716074672727874
0.35157420194566635
0.727899185783589
0.32716074672727874
0.327161369029449
0.32716003584364683
0.32716003584364683
0.359640038411531
0.32716074672727874
0.3309900744107145
0.5409062278630368
0.3271606581458171
0.32716003584364683
0.32716003584364683
0.32718606462896166
0.32720079001897207
0.3456019319039454
0.32718535374532975
0.327161369029449
0.32716003584364683
0.9880720511250425
0.33122407739241566
0.3271833147707137
0.5298714133537277
0.32716074672727874
0.327719637547496
0.327161369029449
0.3309760956038137
0.3271606581458171
0.327161369029449
0.327161369029449
0.3271606581458171
0.3271606581458171
0.32771901524532576
0.3271606581458171
0.3271593300548329
0.32716003584364683
0.32715861917120104
0.32716003584364683
0.9880799718928676
0.32718393707288396
0.3271606581458171
0.32716003584364683
0.34504091352765043
0.32716003584364683
0.3276065524892562
0.3271592414733713
0.32715861917120104
0.3271606581458171
0.3271606581458171
0.3271606581458171
0.3271606581458171
0.32716074672727874
0.3271606581458171
0.32716074672727874
0.3515735796434961
0.32716003584364683
0.3271606581458171
0.3638175244521876
0.3271606581458171
0.3271606581458171
0.32716074672727874
0.7279010149361418
0.3271606581458171
0.32983144375944545
0.32718393707288396
0.359640038411531
0.32716003584364683
0.3271606581458171
0.32716003584364683
0.32716003584364683
0.3271606581458171
0.3638180356353357
0.3271606581458171
0.32718464795651586
0.3271592414733713
0.3271606581458171
0.32717751109190524
0.3271833147707137
0.3271606581458171
0.7419526246176084
0.3271606581458171
0.3271592414733713
0.32716074672727874
0.3271606581458171
0.32716003584364683
0.32716003584364683
0.3271592414733713
0.3271847314431595
0.32716003584364683
0.32716003584364683
0.32716003584364683
0.3271833147707137
0.3271599523570031
0.32716003584364683
0.3271592414733713
0.3271847314431595
0.3271606581458171
0.3271606581458171
0.3515721629710503
0.3271833147707137
0.32716003584364683
0.3271592414733713
0.3638168135685557
0.32716003584364683
0.3271593300548329
0.32716003584364683
0.3271606581458171
0.3271606581458171
0.5298409560867731
0.3271606581458171
0.3271782219755371
0.32716003584364683
0.3271606581458171
0.32716003584364683
0.327161369029449
0.3271847314431595
0.327161369029449
0.34560130960177515
0.3271592414733713
0.32715861917120104
0.32771901524532576
0.32716003584364683
0.3271606581458171
0.327161369029449
0.32716003584364683
0.3271606581458171
0.32715861917120104
0.3271606581458171
0.32841529444306256
0.32716003584364683
0.32716003584364683
0.32718393707288396
0.3271606581458171
0.32716003584364683
0.32718393707288396
0.3271606581458171
0.3271833147707137
0.6901844131209245
0.3271606581458171
0.3271606581458171
0.35964012699299264
0.32716003584364683
1.620170220404379
0.32716003584364683
0.3271606581458171
0.32716074672727874
0.32716003584364683
0.3271606581458171
0.3271593300548329
0.3271606581458171
1.6201811717063825
0.32716003584364683
0.32716003584364683
0.32716003584364683
0.3271606581458171
0.3271606581458171
0.327161369029449
0.3271606581458171
0.32715861917120104
0.3271606581458171
0.3271606581458171
0.33119007657791893
0.32716003584364683
0.6892591770018546
0.32715861917120104
0.3271606581458171
0.32716003584364683
0.32716003584364683
0.32718464795651586
0.32716003584364683
0.3271606581458171
0.32716003584364683
0.3271606581458171
0.3271606581458171
0.7420905823361899
0.3271593300548329
0.32716003584364683
0.32715861917120104
0.327161369029449
0.3271606581458171
0.32716003584364683
0.32716003584364683
0.32715861917120104
0.32716003584364683
0.32718535374532975
0.32717751109190524
0.3271606581458171
0.32715861917120104
0.5627071988083528
0.32716074672727874
0.3271606581458171
0.3271606581458171
0.3271854423267914
0.32716003584364683
0.32716003584364683
0.3819748245495587
1.6201698123046004
0.3271592414733713
0.3271606581458171
0.3271606581458171
0.3456019319039454
0.32716074672727874
0.32716003584364683
0.327719637547496
0.32716003584364683
0.3284167111155084
0.3271606581458171
0.5409061531051524
0.32716074672727874
0.3271606581458171
0.32715861917120104
0.3271606581458171
0.7279010936784176
0.32716074672727874
0.3271840256543456
0.32715861917120104
0.32771901524532576
0.32716003584364683
0.3271606581458171
0.32717751109190524
0.32716003584364683
0.3271606581458171
0.3271847314431595
0.3271606581458171
0.3322035222962993
0.3271606581458171
0.327161369029449
0.3271592414733713
0.32716003584364683
0.32979794189442746
0.3271606581458171
0.3271606581458171
0.5624916473641459
0.3271592414733713
0.3271606581458171
0.327161369029449
0.32716003584364683
0.32716003584364683
0.3271593300548329
0.3271592414733713
0.32716003584364683
0.9880811930327325
0.32716003584364683
1.2144392544117988
0.32716003584364683
0.32716003584364683
0.3271606581458171
0.32716003584364683
0.32716003584364683
0.3271606581458171
0.32839985816942024
0.32716003584364683
0.32716003584364683
0.32716003584364683
0.32716003584364683
0.32716003584364683
0.32716003584364683
0.32715861917120104
0.32760584160562434
0.32716003584364683
0.32716003584364683
0.3271606581458171
0.3271606581458171
0.7421296710892623
0.3271592414733713
0.3271606581458171
0.3271606581458171
0.32717751109190524
0.3271592414733713
0.32716003584364683
0.32716003584364683
0.3271606581458171
0.3271847314431595
0.3515735796434961
0.3638154854775716
0.32716003584364683
0.32718535374532975
1.090044316466841
0.3271606581458171
0.7279004856657298
0.32716003584364683
0.33119007657791893
0.3271606581458171
0.32716003584364683
0.32716074672727874
0.6901914235086158
0.3271606581458171
0.3271606581458171
0.3271592414733713
0.3271592414733713
0.3271606581458171
0.32716003584364683
0.3271833147707137
0.3271606581458171
0.32716003584364683
0.6901597175214118
0.32716003584364683
0.6901914235086158
0.3271606581458171
0.3271606581458171
0.3638175244521876
0.32716003584364683
0.32716003584364683
0.3284167111155084
0.3271606581458171
0.32716003584364683
0.3271606581458171
0.32983144375944545
0.32716003584364683
0.3271592414733713
0.32716003584364683
0.3271606581458171
0.32716074672727874
0.3271606581458171
0.32716003584364683
0.32716003584364683
0.32716003584364683
0.3271606581458171
0.32717759967336685
0.327161369029449
0.32717547211728915
0.3271592414733713
0.6018587234949909
1.620170220404379
0.3271592414733713
0.32716003584364683
0.32716003584364683
0.32716074672727874
0.3271606581458171
0.3309760956038137
0.7278997937962769
0.32716003584364683
0.3271606581458171
0.32716074672727874
0.327161369029449
0.32716003584364683
0.3271606581458171
0.32716074672727874
0.32716003584364683
0.32718393707288396
0.5624916473641459
0.32716003584364683
0.32715861917120104
0.3271606581458171
0.32715861917120104
0.32716003584364683
0.3309760956038137
0.5624917221220304
0.32715861917120104
0.3271606581458171
0.32716003584364683
0.32983144375944545
0.3271593300548329
0.3271606581458171
0.3271847314431595
0.32716003584364683
0.33119007657791893
0.32716003584364683
0.3271599523570031
0.32716003584364683
0.32715861917120104
1.6208830755897154
0.32716074672727874
0.3271606581458171
0.3271606581458171
0.32716003584364683
0.3271833147707137
0.68912753273307
0.3271606581458171
0.3271592414733713
0.3638180356353357
0.32839923586725006
0.3271606581458171
0.3271606581458171
0.3312000875817169
1.4196449590972693
0.32716003584364683
0.35964012699299264
0.3271606581458171
0.32716003584364683
0.5624154350419588
0.32716074672727874
0.3271606581458171
0.3271606581458171
0.7280389726547233
0.32716003584364683
0.32716074672727874
1.620226022939797
0.32717688878973494
0.3271606581458171
0.3271606581458171
0.32716074672727874
0.42602905168317107
0.327161369029449
0.32716003584364683
0.32716003584364683
0.3271606581458171
0.327161369029449
0.32716003584364683
1.7620065483356415
0.3271606581458171
0.32839985816942024
0.32716003584364683
0.3271833147707137
0.32716003584364683
0.7420892824540491
0.32716003584364683
0.32717688878973494
0.6902182913087973
0.3271592414733713
0.32716003584364683
0.3271606581458171
0.32716003584364683
0.3456252108310123
0.7423684622460593
0.32716003584364683
0.3271606581458171
0.7280376727725826
0.3271592414733713
0.3271606581458171
0.38432999299390574
0.327161369029449
0.3271593300548329
0.3271606581458171
0.32716003584364683
0.32716003584364683
0.32718393707288396
0.3271606581458171
0.3271606581458171
0.3271606581458171
0.32716074672727874
0.3271606581458171
0.32716003584364683
0.3271847314431595
0.32716074672727874
0.32716003584364683
0.3271599523570031
0.32717759967336685
0.3271599523570031
0.5625221046311004
0.327161369029449
0.327161369029449
0.327719637547496
0.32716003584364683
0.32715861917120104
0.3271592414733713
0.3311886599054731
0.32717751109190524
0.32716003584364683
0.32716003584364683
0.329773868597085
0.3271606581458171
1.6201698123046004
0.3271606581458171
0.32718535374532975
0.5627377308331918
0.3271606581458171
0.3271592414733713
0.32718393707288396
0.3271854423267914
0.32716003584364683
0.3271606581458171
0.32716003584364683
0.32716003584364683
0.3271606581458171
0.3271606581458171
0.3271606581458171
0.7280388939124474
0.32716003584364683
0.3271606581458171
0.3271606581458171
0.327161369029449
0.3596394161093607
0.327605930187086
0.327161369029449
0.32716003584364683
0.32716003584364683
0.32716003584364683
0.32716003584364683
0.3271606581458171
0.327719637547496
0.32716003584364683
0.35039117467687847
0.7341847854320384
0.3271606581458171
0.32716003584364683
0.32716003584364683
0.3271592414733713
0.327161369029449
0.3271606581458171
0.5624916473641459
0.32839985816942024
1.6201710342351152
0.32715861917120104
0.32716003584364683
0.32715861917120104
0.3456019319039454
0.34504295250226646
0.327161369029449
0.3271606581458171
0.3450423302000963
0.3271833147707137
0.3271606581458171
0.3596386217390852
1.6201698123046004
0.3321216929684211
0.3271606581458171
0.3271840256543456
0.34504091352765043
0.3450436633858984
0.3271606581458171
0.327161369029449
0.32983144375944545
0.3271606581458171
0.42599859441621646
0.3271593300548329
0.32716003584364683
0.32715861917120104
0.32718393707288396
0.32717751109190524
0.3271606581458171
0.32716003584364683
0.36129592001867217
0.32716003584364683
0.3312000875817169
0.32716003584364683
0.3271840256543456
0.32715861917120104
0.32760584160562434
0.32716003584364683
0.32716003584364683
0.32716003584364683
0.3271606581458171
0.3271606581458171
0.3271606581458171
0.32717751109190524
0.32716003584364683
0.32716003584364683
0.32716003584364683
0.32716003584364683
0.32716003584364683
0.3271606581458171
0.33096608460001575
1.044719051398733
0.32717751109190524
0.3271606581458171
0.3271606581458171
0.32716003584364683
0.32718535374532975
0.3271606581458171
0.32718393707288396
0.32716003584364683
0.32716074672727874
0.32716003584364683
0.32716003584364683
0.32716003584364683
0.32716003584364683
0.327161369029449
0.32983144375944545
0.3638175244521876
0.3271833147707137
0.3271606581458171
0.32716074672727874
0.327161369029449
0.32716003584364683
0.3596387103205468
0.32716074672727874
0.32716003584364683
0.327161369029449
1.6201715670691692
0.32716003584364683
0.3271606581458171
0.3271606581458171
0.3271606581458171
0.3271833147707137
0.32841467214089237
0.327161369029449
0.32716003584364683
0.3271606581458171
0.32717688878973494
0.38432999299390574
0.32716074672727874
0.32716003584364683
0.327161369029449
0.32716074672727874
0.3271606581458171
0.32715861917120104
0.32716074672727874
0.5297646690067014
0.32716074672727874
0.3271593300548329
0.32772034843112785
0.4252982868439156
0.32716003584364683
0.32716003584364683
0.32715861917120104
0.32716003584364683
0.7279004856657298
0.9880811930327325
0.359640038411531
0.35964012699299264
0.3271606581458171
0.3271606581458171
0.3271606581458171
1.620170220404379
0.34504295250226646
0.32716003584364683
0.32716003584364683
0.7419526246176084
0.32716003584364683
0.32716074672727874
0.32715861917120104
0.3271606581458171
0.32716003584364683
0.32717688878973494
0.3271606581458171
0.7279023148182826
0.32716003584364683
0.327161369029449
0.327161369029449
0.32716003584364683
0.32716003584364683
0.32716074672727874
0.32717688878973494
0.3271606581458171
0.32716003584364683
0.32716003584364683
0.32716003584364683
0.32716074672727874
0.3596393326227171
0.32716003584364683
0.5298714133537277
0.32716003584364683
0.4252982868439156
0.3271606581458171
0.3271606581458171
0.32716003584364683
0.327161369029449
0.35964012699299264
0.3271592414733713
0.3271606581458171
0.7280376727725826
0.32716003584364683
0.3271606581458171
0.32715861917120104
0.3271592414733713
0.32716003584364683
0.3271592414733713
0.32716074672727874
0.3596407492951629
0.3271606581458171
0.3271606581458171
0.3456005152314996
0.3271760944194594
0.3271606581458171
0.32716003584364683
0.32717751109190524
0.3271606581458171
0.32718393707288396
0.34504295250226646
0.3271606581458171
0.3271606581458171
0.32716003584364683
0.32716003584364683
0.32716003584364683
0.3271606581458171
0.3271606581458171
0.32716074672727874
0.32716074672727874
0.3271606581458171
0.3271592414733713
0.32716003584364683
0.32715861917120104
0.327161369029449
0.3271606581458171
0.3271606581458171
0.32716003584364683
0.3843293706917355
0.3271606581458171
0.3271833147707137
0.32716003584364683
0.3596407492951629
0.3271592414733713
0.32716003584364683
0.7278997937962769
0.3271606581458171
0.3456005152314996
0.32716074672727874
0.32716003584364683
0.32716003584364683
0.3456181625478633
0.327161369029449
0.3271606581458171
0.9886045589259252
0.32716003584364683
0.3503905523747082
0.32716074672727874
0.3271606581458171
0.3271606581458171
0.359640038411531
0.32715861917120104
0.7280617603594074
0.32716003584364683
0.3271606581458171
0.32716003584364683
0.327161369029449
0.3276052193034541
0.34504295250226646
0.3271606581458171
0.3271606581458171
0.686217764228544
0.3271606581458171
0.32716003584364683
0.327161369029449
1.0432646482221044
0.3271606581458171
0.3638180356353357
0.32716003584364683
0.32716003584364683
0.32716003584364683
0.3271606581458171
0.32716074672727874
0.3271606581458171
0.32716003584364683
0.32716003584364683
0.689161410920943
0.32716003584364683
0.32716003584364683
0.3271606581458171
0.7419520953471963
0.32716074672727874
0.33096608460001575
0.3271606581458171
0.32716003584364683
0.3271833147707137
0.32716003584364683
0.3271606581458171
0.3276065524892562
0.35039117467687847
0.32718393707288396
0.32716003584364683
0.327161369029449
0.3515735796434961
0.32716003584364683
0.3271847314431595
0.32716003584364683
0.3284167111155084
0.32717751109190524
0.3271833147707137
0.32716074672727874
0.3271606581458171
0.3271592414733713
0.327161369029449
0.3271606581458171
0.3311907874615508
0.42599859441621646
0.32716003584364683
0.3271606581458171
0.3596407492951629
0.32716074672727874
0.32716003584364683
1.2595319724403118
0.3271606581458171
0.3271606581458171
0.3271606581458171
0.3271847314431595
0.35157420194566635
0.3271606581458171
0.3271606581458171
0.3271592414733713
0.3271606581458171
0.33096608460001575
0.3276052193034541
0.3271606581458171
0.3271606581458171
0.32716003584364683
0.3271606581458171
0.3271606581458171
0.32718393707288396
0.32717751109190524
0.686217053344912
0.327161369029449
0.32716074672727874
0.3596394161093607
0.32716003584364683
0.32716003584364683
0.32716003584364683
0.3271606581458171
0.3271606581458171
0.32716003584364683
0.32716003584364683
0.32715861917120104
0.5298714133537277
0.32718393707288396
0.3271606581458171
0.327161369029449
0.3271606581458171
0.3271606581458171
0.3271606581458171
0.3271606581458171
0.32716003584364683
0.3284167111155084
0.9880720511250425
0.3271592414733713
0.3271599523570031
0.32716003584364683
0.3309768064874456
0.3271606581458171
0.32716003584364683
0.3271606581458171
0.3271606581458171
1.6201807375075834
0.32715861917120104
0.3271606581458171
0.3271606581458171
0.3596407492951629
0.3271606581458171
0.3271606581458171
0.3271847314431595
0.32716003584364683
0.32716003584364683
0.3271606581458171
0.3271606581458171
0.32716003584364683
0.3271592414733713
0.3271606581458171
0.32715861917120104
0.327161369029449
0.3596393326227171
0.3298320660616157
0.7420905823361899
0.3271606581458171
0.32718535374532975
1.6201698123046004
0.32716003584364683
0.32718393707288396
0.32716074672727874
0.32716003584364683
0.32716003584364683
0.7420905823361899
0.7278997937962769
0.32716003584364683
0.327719637547496
0.689161410920943
0.3271606581458171
0.34560130960177515
0.32716003584364683
0.3271606581458171
0.3271606581458171
0.3596407492951629
0.32718393707288396
0.32716003584364683
1.619324506202587
0.3271606581458171
0.32716003584364683
0.3271606581458171
0.3271606581458171
0.32716074672727874
0.327161369029449
0.327161369029449
0.7279023148182826
0.32716003584364683
0.3271606581458171
0.3271606581458171
0.3271606581458171
0.32716003584364683
0.32716003584364683
0.9880720511250425
0.34982957316792695
0.32716074672727874
0.32771901524532576
0.327161369029449
0.3311886599054731
0.3271606581458171
0.32716003584364683
0.3271606581458171
0.32717688878973494
0.327161369029449
0.3271833147707137
0.32716003584364683
0.3271606581458171
0.359640038411531
0.3450436633858984
0.35964063817614067
0.5298410308446575
0.3271592414733713
0.32716003584364683
0.3271833147707137
0.3271606581458171
0.689161410920943
0.3271606581458171
0.3271606581458171
0.3271606581458171
0.32716003584364683
0.32716003584364683
0.3271592414733713
0.3271606581458171
0.32716003584364683
0.3271847314431595
0.32716003584364683
0.32716003584364683
0.3271606581458171
0.32715861917120104
0.3271606581458171
0.327161369029449
0.32715861917120104
0.32716003584364683
0.3450423302000963
0.7420905823361899
