0.32685276796588414
0.32685331551016994
0.523874435592361
0.3268526932079997
0.3268774635653968
0.32685331551016994
0.3278401803164842
0.32857866224046145
1.4414401221982664
0.32685276796588414
0.3268526932079997
0.32685331551016994
0.3268780111096826
1.4414401221982664
0.32685331551016994
0.3268526932079997
0.3268526932079997
0.3268780111096826
0.3268773888075124
0.3381293575620853
0.32685276796588414
0.3268526932079997
0.3268526932079997
0.32685331551016994
0.32685276796588414
0.3268533902680544
0.32685276796588414
0.3278408773765389
0.3268526932079997
0.3268526932079997
0.32685331551016994
0.3268526932079997
0.7957371859598362
0.3268533902680544
0.3268526932079997
0.3268526932079997
0.32685276796588414
0.32685331551016994
0.3268526932079997
0.3381293575620853
0.3269108906725303
0.3268526932079997
0.32685276796588414
0.3268533902680544
0.3268526932079997
0.3268526932079997
0.32685276796588414
0.3268526932079997
0.3471101149403282
0.3268526932079997
0.3268533902680544
0.8912319881690218
0.3268526932079997
0.32685331551016994
0.32685276796588414
0.3268526932079997
0.32685331551016994
0.3268526932079997
0.3268526932079997
0.32685331551016994
0.32685331551016994
0.32685331551016994
0.3268526932079997
0.3268526932079997
0.3268526932079997
0.3268526932079997
0.32685331551016994
0.3268526932079997
0.553522817810951
0.3268526932079997
0.32685331551016994
0.3268526932079997
0.3268773888075124
0.3268533902680544
0.3268526932079997
0.32685276796588414
0.32685331551016994
0.32685331551016994
0.3268533902680544
0.3560585189970421
0.3268526932079997
0.3268526932079997
0.3268526932079997
0.32685331551016994
0.32685276796588414
0.3268526932079997
0.32685331551016994
0.3268533902680544
0.8913952627871309
0.32685331551016994
0.7960324352958629
0.32685276796588414
0.3268526932079997
0.3268526932079997
0.32685276796588414
0.3268526932079997
0.3268526932079997
0.3268526932079997
0.5668557692973921
0.3268526932079997
0.3268526932079997
0.8675826271447329
0.32685331551016994
0.3268526932079997
0.32685276796588414
0.329773868597085
0.3268526932079997
0.7957640537600177
0.32685276796588414
0.32685331551016994
0.32685276796588414
0.3268526932079997
0.32685276796588414
0.32685276796588414
0.3268533902680544
0.3268526932079997
0.3268533902680544
0.32685331551016994
0.3268526932079997
0.42498730568526305
0.3268533902680544
0.326935586272043
0.3268526932079997
0.5668296562675345
0.3268533902680544
0.32685276796588414
0.32685331551016994
0.32685276796588414
0.3268526932079997
0.3268526932079997
0.8912240674011968
0.3268526932079997
0.3268526932079997
0.3297732462949148
0.32685276796588414
0.3268526932079997
0.3268526932079997
0.3385375471796399
0.3268526932079997
0.42501705206858575
0.32685331551016994
0.33813005462214
0.32693566102992744
0.3268773888075124
0.3268526932079997
0.9504584860621205
0.3268526932079997
0.3268773888075124
0.32685331551016994
0.32685276796588414
0.32685276796588414
0.7957640537600177
0.32685331551016994
0.3268526932079997
0.32685331551016994
0.3268526932079997
0.32685331551016994
0.3268526932079997
0.3268526932079997
0.32784080261865445
0.8675826271447329
0.3268526932079997
0.3268526932079997
0.3268526932079997
0.3268526932079997
0.3268526932079997
0.8912319881690218
0.32685276796588414
0.32685331551016994
0.3268526932079997
0.3268526932079997
0.3381293575620853
0.32685331551016994
0.3268526932079997
0.32741374717266536
0.3268526932079997
0.5668296562675345
0.8676094949449146
0.32860335783997413
0.3268526932079997
0.3268526932079997
0.5535227430530666
0.3268533902680544
0.3268526932079997
0.3268526932079997
0.32685331551016994
0.32685331551016994
0.32685276796588414
0.3283978191948042
0.3268533902680544
0.32685331551016994
0.3289574208986534
0.32685331551016994
0.32685331551016994
0.32685331551016994
0.32685331551016994
0.32685331551016994
0.8912319881690218
0.3297732462949148
0.3268526932079997
1.4414501097169305
0.32685331551016994
0.32685331551016994
0.3285787369983459
0.32685276796588414
0.32685331551016994
0.3268526932079997
0.32685276796588414
0.3297732462949148
0.35472349874386466
0.79605922833816
0.32685276796588414
0.3268526932079997
1.4414501097169305
0.3268526932079997
0.3268526932079997
0.32685276796588414
0.3274138219305498
0.32685331551016994
0.32685276796588414
0.32685331551016994
0.5668293099749976
1.4414401221982664
0.3289574208986534
0.3268526932079997
0.3268774635653968
0.3268526932079997
0.3268526932079997
0.3268526932079997
0.32685331551016994
0.32685276796588414
1.4414501097169305
0.32685276796588414
0.32685276796588414
0.3268533902680544
0.32685276796588414
0.32685276796588414
0.3268533902680544
1.5791548491672562
0.32685331551016994
0.32685276796588414
0.32685276796588414
0.3268533902680544
1.4414501097169305
0.7960323605379784
0.3268526932079997
0.3268526932079997
0.32685331551016994
0.32857866224046145
0.3268526932079997
0.3268526932079997
0.32685331551016994
0.32685331551016994
0.32685276796588414
0.32741374717266536
0.5668554230048553
0.32685331551016994
0.3268533902680544
0.35472295119957886
0.34654913573354695
0.3268526932079997
0.32860335783997413
0.7957640537600177
1.4414391584149269
0.3268526932079997
0.32685276796588414
0.3268526932079997
0.32685331551016994
0.3268773888075124
0.3268526932079997
0.3268533902680544
0.3268526932079997
0.3268526932079997
0.3268533902680544
0.3268533902680544
0.3268526932079997
0.3268526932079997
0.32685331551016994
0.32685331551016994
0.3268526932079997
0.3268526932079997
0.3268526932079997
0.32685331551016994
0.3268526932079997
0.3268526932079997
0.3268533902680544
0.891386388429702
0.32784025507436865
0.3268526932079997
1.4414501097169305
0.3465490609756625
0.32685331551016994
0.32685331551016994
0.3268533902680544
0.32685331551016994
0.3268533902680544
0.3268533902680544
0.3268526932079997
0.3268526932079997
0.3268526932079997
0.33813072264026245
0.32685331551016994
0.3268526932079997
0.3268526932079997
0.3268526932079997
0.32860335783997413
0.32685331551016994
0.7900594040244066
1.4420373823992958
0.3268526932079997
0.32685276796588414
0.32685331551016994
0.3268526932079997
0.32857866224046145
0.3471101149403282
0.32685331551016994
0.3268526932079997
0.32685331551016994
0.32685331551016994
0.32685276796588414
0.3268526932079997
0.32685276796588414
0.3268526932079997
0.32685331551016994
0.79605922833816
0.3268533902680544
0.3274138219305498
0.3268533902680544
0.5822683525031688
0.3268526932079997
0.32685331551016994
0.3465490609756625
0.32691151297470056
0.3268533902680544
0.32685276796588414
0.33853816948181015
0.3268709475934026
0.32685331551016994
0.3268526932079997
0.5668283563853936
0.3268526932079997
0.3268526932079997
0.3268526932079997
0.32685331551016994
0.79605922833816
0.3268526932079997
0.3268526932079997
0.32685331551016994
0.5535227430530666
0.5668283563853936
0.3268526932079997
0.3268526932079997
0.32685276796588414
0.33853762193752435
0.3268526932079997
0.32685331551016994
0.3268533902680544
0.3268526932079997
0.32685331551016994
0.3268526932079997
0.3292246969869691
0.32685276796588414
0.3385375471796399
0.32685276796588414
0.33821361570430575
0.33813127018454825
0.33813072264026245
0.3268526932079997
0.3381294323199697
0.32685276796588414
1.4414391584149269
0.32685276796588414
0.5535227430530666
0.3268526932079997
0.3268526932079997
0.3268526932079997
0.3268526932079997
0.3268533902680544
0.42425582996237565
0.32685276796588414
0.3268526932079997
0.3268526932079997
0.32685276796588414
0.32685331551016994
0.553522817810951
0.32685331551016994
0.3268526932079997
0.32685276796588414
0.32685331551016994
0.3268526932079997
0.32685331551016994
0.3268526932079997
0.9510257380222
0.3268526932079997
0.32685331551016994
0.32685331551016994
0.32685276796588414
0.32685276796588414
0.5822696523853095
0.3268526932079997
0.3268526932079997
0.32685331551016994
0.32685331551016994
1.4414391584149269
0.3268533902680544
0.32784025507436865
0.3381299798642556
0.3292493925864818
0.3268533902680544
0.32685276796588414
0.5668283563853936
0.3268526932079997
0.3268526932079997
0.3268703252912324
0.3268526932079997
0.32685331551016994
0.32685276796588414
0.32685331551016994
0.32685276796588414
0.3268526932079997
0.32685331551016994
0.3268526932079997
0.3547228764416944
0.33813072264026245
0.32691096543041476
0.3268526932079997
0.32685331551016994
0.32685276796588414
0.32685331551016994
0.3385375471796399
0.891394309197527
0.3268526932079997
0.8912329417586258
0.32691151297470056
0.32685331551016994
0.32685276796588414
0.32685331551016994
0.3268526932079997
0.3268526932079997
0.32685331551016994
0.32685331551016994
0.3268526932079997
0.3268774635653968
0.3268526932079997
0.3283978191948042
0.3268526932079997
0.32685276796588414
0.3268526932079997
0.3268526932079997
0.3268526932079997
0.3268526932079997
0.32685331551016994
0.32685331551016994
0.3268526932079997
0.3268526932079997
0.3268526932079997
0.32685276796588414
0.3268526932079997
0.3268526932079997
0.3268526932079997
0.3268526932079997
0.8912240674011968
0.3268526932079997
0.5242271886505486
0.32895679859648314
0.34712774702356086
0.3268526932079997
0.32685276796588414
0.3268533902680544
0.3268526932079997
0.3268526932079997
0.3268526932079997
0.3268533902680544
0.3268526932079997
0.3268526932079997
0.32784080261865445
0.3268526932079997
0.32685331551016994
0.3268526932079997
0.3284018565833201
0.32685331551016994
0.3268526932079997
0.3268774635653968
0.3268526932079997
0.32685276796588414
0.3268526932079997
0.32741374717266536
0.3268526932079997
0.32685331551016994
0.32685276796588414
0.33853762193752435
0.3268526932079997
0.3268526932079997
0.3268526932079997
0.3268526932079997
0.3268526932079997
0.8912319881690218
0.3268526932079997
0.32685331551016994
0.5821310374328834
0.32685331551016994
0.3268526932079997
0.3268526932079997
0.3268526932079997
0.32685276796588414
0.32685276796588414
0.3268526932079997
0.3268526932079997
0.3268703252912324
0.32685331551016994
0.3268526932079997
0.3268526932079997
0.3268526932079997
0.3268526932079997
0.32685331551016994
0.3268526932079997
0.32685276796588414
0.32685276796588414
0.326935586272043
0.32685276796588414
0.3268526932079997
0.3268773888075124
0.5821300838432796
0.32685331551016994
0.3268526932079997
0.3381293575620853
0.3268526932079997
0.3297733210527992
0.326935586272043
0.3268533902680544
0.32685276796588414
0.3268533902680544
0.3268533902680544
0.3268780111096826
0.32685331551016994
0.3268526932079997
0.3268526932079997
0.32685276796588414
0.5668544694152513
0.32685276796588414
0.32685276796588414
0.3475366359686426
0.32685331551016994
0.32685331551016994
0.32685331551016994
0.6740589899473814
0.32685276796588414
0.3268526932079997
0.32685331551016994
0.3268526932079997
0.7957641285179022
0.3268526932079997
0.32685276796588414
0.3268526932079997
0.32685276796588414
0.3268526932079997
0.3268526932079997
0.33149921532737653
0.3268526932079997
0.3268533902680544
0.32685276796588414
0.3268526932079997
0.3268533902680544
0.32685276796588414
0.32685276796588414
0.3297733210527992
0.3278408773765389
0.3268780111096826
0.3268526932079997
0.3268526932079997
0.3283978191948042
0.32685331551016994
0.5469830413560203
0.3285886732442594
0.3268526932079997
0.3268709475934026
0.3268526932079997
0.32685331551016994
0.3268526932079997
0.32685331551016994
0.32685331551016994
0.3268526932079997
0.3268526932079997
0.32685331551016994
0.3268526932079997
0.3268526932079997
0.32685276796588414
0.5822693060927726
0.32685276796588414
0.32685331551016994
0.3268526932079997
0.32685331551016994
0.3268526932079997
0.3268526932079997
0.32685276796588414
0.32685276796588414
0.3268526932079997
0.3289574208986534
0.3268526932079997
0.32685276796588414
0.8912329417586258
0.3268526932079997
0.3268526932079997
0.8912240674011968
0.32685276796588414
0.338130647882378
1.4414395809566978
0.3268526932079997
0.32685331551016994
0.3385375471796399
0.32685331551016994
0.32685331551016994
0.32922477174485354
0.3268526932079997
0.32685276796588414
0.32685331551016994
0.32685331551016994
0.3268526932079997
0.3268526932079997
0.7957640537600177
0.5822696523853095
0.32685331551016994
0.3269108906725303
0.3268526932079997
0.3268526932079997
0.3278408773765389
0.32685331551016994
0.32685331551016994
0.3268526932079997
0.3268526932079997
0.3268526932079997
0.32685276796588414
0.32784080261865445
0.32685331551016994
0.3268526932079997
0.32685276796588414
0.3268526932079997
0.3268526932079997
0.3268526932079997
0.3268526932079997
0.3268526932079997
0.7957371859598362
0.3268526932079997
0.3268526932079997
0.3268526932079997
0.32685331551016994
0.3268526932079997
0.3268526932079997
0.33869103382892124
0.3268526932079997
0.32685276796588414
0.32685331551016994
0.32685331551016994
0.32685331551016994
0.32685276796588414
0.32685276796588414
0.32685276796588414
0.3268526932079997
0.3268526932079997
0.3268526932079997
0.32685276796588414
0.3268533902680544
0.3268526932079997
0.3268526932079997
0.32685331551016994
0.32685276796588414
0.32685331551016994
0.3268526932079997
0.3268526932079997
0.3268526932079997
0.3268526932079997
0.3268526932079997
0.32685331551016994
0.3268526932079997
0.5535227430530666
0.42501705206858575
0.7960076649384658
0.32685331551016994
0.5669666250452828
0.32685276796588414
0.32685276796588414
0.32685331551016994
0.7960346074965317
0.3268526932079997
0.32685331551016994
0.32685276796588414
0.32685331551016994
0.32857866224046145
0.32685276796588414
0.3268526932079997
0.32685331551016994
0.3268773888075124
0.3547228764416944
0.32685331551016994
0.3268533902680544
0.3268526932079997
0.3268773888075124
0.3268526932079997
0.32685276796588414
0.3268526932079997
0.32685331551016994
0.32691096543041476
0.3278408773765389
0.3268526932079997
0.32685331551016994
0.32685331551016994
0.32685276796588414
0.32685331551016994
0.3268526932079997
1.4414391584149269
0.3268526932079997
0.3268526932079997
0.32685331551016994
0.32685331551016994
0.3268526932079997
0.32685276796588414
0.3268526932079997
0.3292594035902798
0.32685276796588414
0.3268526932079997
0.32685331551016994
0.32685331551016994
0.8912319881690218
0.3268526932079997
0.32685331551016994
0.3268526932079997
0.3268526932079997
0.32685331551016994
0.3268526932079997
0.3268526932079997
0.3560471349526796
0.32685276796588414
0.42300338437191537
0.3268526932079997
0.3381293575620853
0.3286615553045048
0.32860343259785857
0.3268709475934026
0.3381299798642556
0.3285787369983459
0.32685331551016994
0.3268526932079997
0.32685331551016994
0.3268526932079997
0.8676094201870301
0.3268526932079997
0.32685331551016994
0.3268526932079997
0.3268526932079997
0.32685331551016994
0.3268526932079997
0.32685276796588414
0.32685276796588414
0.32840123428114987
0.32685276796588414
0.32685276796588414
0.32685331551016994
0.3268526932079997
0.3268526932079997
0.3268526932079997
1.4414391584149269
0.32922477174485354
0.3327660735647003
0.3268526932079997
0.3268533902680544
0.3268526932079997
0.35472295119957886
0.3268526932079997
0.32685331551016994
0.32685276796588414
1.5571373969409021
0.32685331551016994
0.3268526932079997
0.3283978191948042
0.32685331551016994
0.5869694412736245
0.3268526932079997
0.3268526932079997
0.32685331551016994
0.3268533902680544
0.3268526932079997
0.3268526932079997
0.3268526932079997
0.3268533902680544
0.3268526932079997
0.3268533902680544
0.3269108906725303
0.3268526932079997
0.32685276796588414
0.32687102235128707
0.32685276796588414
0.32685276796588414
0.32685331551016994
0.32685276796588414
0.3268526932079997
0.3268526932079997
0.3268526932079997
0.32685331551016994
0.32685276796588414
0.32685276796588414
0.3268526932079997
0.32685276796588414
0.32685276796588414
0.3268526932079997
0.3268526932079997
0.3381293575620853
0.3268526932079997
0.3268526932079997
0.32685276796588414
0.3269362085742133
0.32685276796588414
0.3268526932079997
0.32685331551016994
0.32685331551016994
0.32685331551016994
0.3268526932079997
0.3268526932079997
0.5822706059749134
0.3268526932079997
0.3268526932079997
0.32685331551016994
0.32685331551016994
0.3268526932079997
0.32685331551016994
0.32685331551016994
0.3268526932079997
0.3268533902680544
0.3268526932079997
0.3268526932079997
0.3268526932079997
0.32685276796588414
0.32685276796588414
0.3268526932079997
0.3268526932079997
0.3268526932079997
0.3268526932079997
0.3268533902680544
0.32685331551016994
0.32685331551016994
0.3268526932079997
0.3268533902680544
0.3268526932079997
0.3381293575620853
0.3268526932079997
0.32685331551016994
0.553522817810951
0.32685331551016994
0.32685276796588414
0.3268704000491168
0.3268526932079997
0.32685331551016994
0.3268533902680544
0.3283978191948042
0.3268526932079997
0.32857866224046145
0.3268526932079997
0.32685331551016994
2.2804509844818974
0.3268526932079997
0.3268704000491168
0.32685331551016994
0.3268526932079997
0.32685331551016994
0.3268526932079997
0.3268526932079997
0.3268526932079997
0.32784080261865445
0.3268526932079997
0.3268703252912324
0.36437375399561855
0.32685331551016994
0.5668296562675345
0.3268526932079997
0.5668283563853936
0.3268526932079997
0.3268526932079997
0.32685276796588414
0.3268526932079997
0.3268526932079997
0.32685276796588414
0.3268533902680544
0.32685331551016994
0.32685276796588414
1.440639750624981
0.3268526932079997
0.32685276796588414
0.32685331551016994
0.32685331551016994
0.32685276796588414
0.32685276796588414
0.3268526932079997
0.42498730568526305
0.32685276796588414
0.3268526932079997
0.32685331551016994
0.32685276796588414
0.35472349874386466
0.32685331551016994
0.32685276796588414
0.3268526932079997
0.32685276796588414
0.32685331551016994
0.3471101896982126
0.3268526932079997
0.3268526932079997
0.32685331551016994
0.32685331551016994
0.32685331551016994
0.3268526932079997
0.3268526932079997
0.3268526932079997
0.32687102235128707
0.3268533902680544
0.3268526932079997
0.3268526932079997
0.32685276796588414
1.4414510735002701
0.32685331551016994
1.1977137319129614
0.3268533902680544
0.3268526932079997
0.3268526932079997
0.3268526932079997
0.3268526932079997
0.32685276796588414
0.3385375471796399
0.3268526932079997
0.3268526932079997
0.5668283563853936
0.32685276796588414
0.5535227430530666
0.3268533902680544
0.32685276796588414
0.3268526932079997
0.3268773888075124
0.3283985300784361
0.32685331551016994
0.3268526932079997
0.3268526932079997
0.32685331551016994
0.3285886732442594
0.32685331551016994
0.32685331551016994
0.3268533902680544
0.32861344360165656
0.32685276796588414
0.3268526932079997
0.32685331551016994
0.3268526932079997
1.19597328522379
0.32784080261865445
0.32685331551016994
0.3268526932079997
0.32685276796588414
0.7957640537600177
0.3268526932079997
0.32685331551016994
0.3268526932079997
0.32685276796588414
0.523874435592361
0.32685331551016994
0.32685276796588414
0.32685331551016994
0.32685331551016994
0.3268526932079997
0.32685331551016994
0.3268526932079997
0.3268526932079997
0.3268526932079997
0.3268526932079997
0.3268526932079997
0.5239048928593155
0.32685331551016994
0.3268526932079997
0.3268526932079997
0.3268526932079997
0.3268533902680544
0.3268526932079997
0.33985540135243153
0.32685331551016994
0.3268526932079997
0.5668306098571383
0.3268526932079997
0.3268533902680544
0.3268526932079997
0.3292347827486515
0.3268526932079997
0.3268526932079997
0.32685331551016994
0.3268533902680544
0.32685276796588414
0.3268526932079997
0.3268526932079997
0.3268526932079997
0.32685331551016994
0.3268526932079997
0.3268526932079997
0.3268526932079997
0.3268526932079997
0.32685276796588414
