0.3268533902680544
0.3268526932079997
0.3268526932079997
0.32685331551016994
0.3268533902680544
0.7957641285179022
0.32685331551016994
0.32685331551016994
0.5668296562675345
0.5534923605439964
0.32685276796588414
0.32685276796588414
0.3268526932079997
0.32685331551016994
0.32685276796588414
0.34654968327783275
0.3268533902680544
0.3268526932079997
0.3268533902680544
0.32685331551016994
0.32685331551016994
0.3292493925864818
0.32685331551016994
0.32685331551016994
0.3268526932079997
0.3268526932079997
0.3268526932079997
0.3268526932079997
0.3268526932079997
0.3292246969869691
0.32685331551016994
0.32685331551016994
0.3268526932079997
0.3268773888075124
0.3268526932079997
0.7960345327386473
0.32685331551016994
0.3268709475934026
0.32685331551016994
0.3268526932079997
0.42501705206858575
0.5668296562675345
0.32685331551016994
0.3268526932079997
0.32685331551016994
0.32693566102992744
0.3547228764416944
0.3268526932079997
0.3471101149403282
0.33853816948181015
0.32685331551016994
0.3268526932079997
0.3268526932079997
0.3268526932079997
0.32685276796588414
0.3268526932079997
0.32685331551016994
0.32685331551016994
0.5668306098571383
0.3268526932079997
0.3268526932079997
0.3268526932079997
1.6422485458780254
0.32685331551016994
0.3268526932079997
0.5239049676172
0.3385375471796399
0.32689502089074507
0.32685276796588414
0.891394309197527
0.32685331551016994
0.553522817810951
0.3268526932079997
0.3268533902680544
0.3268526932079997
0.7891175280268861
0.32685331551016994
0.4242869981129621
0.32685331551016994
0.328957509480115
0.32685331551016994
0.329773868597085
0.3268780111096826
0.32685276796588414
0.35472349874386466
0.8912319881690218
0.3268526932079997
0.3268709475934026
0.3292246969869691
0.32685331551016994
0.5104564155945489
0.3268526932079997
0.3268773888075124
0.32685331551016994
0.3268526932079997
0.3285887480021438
0.32685276796588414
0.3268526932079997
0.3268533902680544
0.3268526932079997
0.3268526932079997
0.3268526932079997
0.32685331551016994
0.32685331551016994
0.32685276796588414
1.4414401221982664
0.3268526932079997
0.3268526932079997
0.5239048928593155
0.32784080261865445
0.32687808586756706
0.3268526932079997
1.1984869238850284
0.5821313837254203
0.32685276796588414
0.32685331551016994
0.3268526932079997
0.32685276796588414
0.8912319881690218
0.8665773330363704
0.3268526932079997
0.7957640537600177
0.32685331551016994
0.3268526932079997
0.4250177629522176
0.3268526932079997
0.3268526932079997
0.32685276796588414
0.3268533902680544
0.3268526932079997
0.32685331551016994
0.3268526932079997
0.3381293575620853
0.3465490609756625
0.329773868597085
0.7957640537600177
0.3268526932079997
0.3268526932079997
0.32685276796588414
0.32685331551016994
0.32895679859648314
0.32685331551016994
0.32685276796588414
0.3268526932079997
0.3268526932079997
0.3268526932079997
0.32741374717266536
0.3381293575620853
0.32685331551016994
0.3268533902680544
0.7460796132397072
0.3268533902680544
0.3268526932079997
0.5239048928593155
0.3268526932079997
0.32685331551016994
0.32685331551016994
0.553492285786112
1.5571373969409021
0.32741374717266536
0.32685276796588414
0.32685276796588414
0.32685276796588414
0.32685331551016994
0.3268533902680544
0.32685276796588414
0.3285886732442594
0.32685276796588414
0.3268526932079997
0.32685276796588414
0.3286133688437721
0.3268526932079997
0.7960323605379784
0.32685276796588414
0.3297732462949148
0.33033430025958044
0.32685331551016994
0.3268526932079997
0.3268526932079997
0.3297733210527992
0.3297732462949148
0.566879165014764
0.7907789662485134
2.157227863456972
0.32922477174485354
1.4414505322587012
0.32685331551016994
0.3268526932079997
0.3268533902680544
0.3268526932079997
0.3471101896982126
0.3286133688437721
0.3268526932079997
0.32685331551016994
0.3268526932079997
0.3268526932079997
0.3465490609756625
0.32685331551016994
0.3268533902680544
0.32685276796588414
0.3268526932079997
0.32685331551016994
0.3268526932079997
0.3268526932079997
0.3268526932079997
0.32685276796588414
0.32895679859648314
0.3268526932079997
0.3268526932079997
0.32685331551016994
0.3268526932079997
1.4414391584149269
0.3268526932079997
0.32685276796588414
0.32685331551016994
0.32685331551016994
0.3268526932079997
0.3268533902680544
0.3268526932079997
0.3268526932079997
0.3268526932079997
0.3268526932079997
0.3268526932079997
0.32685331551016994
0.3268773888075124
0.3268526932079997
0.3268526932079997
0.3547228764416944
0.32685331551016994
0.3268526932079997
0.3268773888075124
0.32685276796588414
0.5822683525031688
0.3268526932079997
0.32685331551016994
0.3268526932079997
0.3268526932079997
0.32685276796588414
0.3268526932079997
0.5668293099749976
0.3268526932079997
0.3268526932079997
0.3268533902680544
0.3268533902680544
0.338130647882378
0.7788247584903022
0.328957509480115
0.3268526932079997
0.5535227430530666
0.3268526932079997
0.32685331551016994
0.3268526932079997
0.3268526932079997
0.3268773888075124
0.3268526932079997
0.32685331551016994
0.32857866224046145
0.4250177629522176
0.3268780111096826
0.523874435592361
0.3268533902680544
0.3268526932079997
0.32685331551016994
0.32685331551016994
0.32685276796588414
0.3268526932079997
0.3268533902680544
0.3268526932079997
0.3268526932079997
0.3547228764416944
0.32685331551016994
0.32685331551016994
0.32685276796588414
0.32685276796588414
0.3268526932079997
0.3268526932079997
0.6639854625021359
0.32685276796588414
0.32895679859648314
0.32685331551016994
0.32685331551016994
0.32685276796588414
0.3268526932079997
0.32685276796588414
0.32685331551016994
0.8912319881690218
0.3284225147943169
0.3268526932079997
0.3268533902680544
1.4414401221982664
0.32922477174485354
0.32685331551016994
0.7957640537600177
0.3268526932079997
0.3381313449424327
0.5535227430530666
0.32685331551016994
0.3268526932079997
0.32685331551016994
0.32685331551016994
0.3268533902680544
0.3547235735017491
0.3268526932079997
0.3268526932079997
0.32685276796588414
0.36677670487824376
0.3268526932079997
0.32685331551016994
0.523874435592361
0.3268780111096826
0.8185425424409322
0.3381299798642556
0.32685331551016994
0.3381299798642556
0.3268533902680544
0.32685276796588414
0.32685331551016994
0.34654968327783275
0.3268526932079997
0.3268773888075124
0.3268526932079997
0.8665505399940734
0.32685331551016994
0.3268526932079997
0.3292594035902798
0.3284225147943169
0.3547228764416944
0.3268526932079997
0.3268526932079997
0.3268709475934026
0.3268526932079997
0.3268526932079997
0.32685276796588414
0.663845893960106
0.7958599014031973
0.5821300838432796
0.3268526932079997
0.3268526932079997
0.33909867590219
0.32685331551016994
1.4414391584149269
0.33853762193752435
0.3269108906725303
0.3268526932079997
0.32685276796588414
0.3268774635653968
0.32685276796588414
0.3778889061296925
0.3283978191948042
1.452777417091074
0.32685276796588414
0.3268533902680544
0.3268526932079997
0.5535227430530666
0.32685331551016994
0.32685276796588414
0.32685331551016994
0.8912329417586258
0.32685276796588414
0.3268526932079997
0.3381293575620853
0.32685276796588414
0.3268526932079997
0.32685331551016994
0.32685276796588414
0.3268526932079997
0.32685276796588414
0.3268526932079997
0.3381299798642556
0.32685276796588414
0.3268526932079997
0.32685276796588414
0.3268533902680544
0.3268533902680544
0.3547228764416944
0.3268533902680544
0.32685331551016994
0.32685276796588414
0.3268533902680544
0.3268526932079997
0.32685276796588414
0.34654968327783275
0.3268526932079997
0.32685276796588414
0.3268526932079997
0.32685276796588414
0.3268533902680544
0.3268526932079997
0.3268526932079997
0.5668801186043679
0.32685276796588414
0.3268526932079997
0.32685276796588414
0.32685331551016994
0.3268533902680544
0.32685276796588414
0.3283978191948042
0.3268533902680544
0.32685331551016994
0.32685331551016994
0.3385382442396946
0.32685331551016994
0.32685331551016994
0.32685331551016994
0.32685331551016994
0.7957640537600177
0.3268526932079997
0.3268526932079997
0.3268526932079997
0.32784080261865445
0.32685331551016994
0.3268526932079997
0.3268526932079997
0.3268533902680544
0.3286133688437721
0.32685331551016994
0.33815467546376826
0.8912240674011968
0.32685331551016994
0.3268526932079997
0.32895679859648314
0.32685331551016994
0.32685276796588414
0.32685331551016994
0.3268526932079997
0.32685276796588414
0.4556672248981795
0.35604783201273427
0.5821300838432796
0.3292594035902798
0.3268526932079997
0.5668306098571383
0.3268780111096826
0.3268526932079997
0.3269108906725303
0.3269362085742133
0.32685276796588414
0.328957509480115
0.32685276796588414
0.3268526932079997
0.32691151297470056
0.32857866224046145
0.33813005462214
0.33986533759834503
0.32685276796588414
0.32784080261865445
0.3268526932079997
0.3268526932079997
0.32685331551016994
0.328957509480115
0.32685276796588414
0.32685276796588414
0.3268526932079997
0.3268526932079997
0.3268526932079997
0.3381293575620853
0.3268526932079997
0.32685276796588414
0.32685331551016994
0.3268526932079997
0.32685331551016994
0.3274138219305498
0.32685331551016994
0.3268526932079997
0.32685331551016994
0.3268526932079997
0.32685276796588414
0.32860343259785857
0.3268533902680544
0.32685276796588414
0.32685331551016994
0.32685276796588414
0.3268526932079997
0.3268709475934026
0.32685331551016994
0.3268533902680544
0.338130647882378
0.3268526932079997
0.3297733210527992
0.32685331551016994
0.32685276796588414
0.889416296144814
0.3268526932079997
0.3274391398322327
0.3268526932079997
0.32685276796588414
0.32685331551016994
0.32685276796588414
0.5177656034010656
0.32685276796588414
0.32685276796588414
0.32685276796588414
0.3285886732442594
0.3268526932079997
0.32685331551016994
0.34654968327783275
0.32685276796588414
0.3268526932079997
0.3268526932079997
0.32685331551016994
0.32685276796588414
0.32685276796588414
0.32685331551016994
0.32685331551016994
0.33853816948181015
0.32685331551016994
0.3268526932079997
0.3268526932079997
0.3268526932079997
0.32685331551016994
0.3268526932079997
0.32685331551016994
0.3268526932079997
0.32685331551016994
0.5822706059749134
0.3471101149403282
0.32685276796588414
0.33853762193752435
0.32685331551016994
0.3268526932079997
0.32685331551016994
1.4414395809566978
0.32685331551016994
0.3268526932079997
0.32741374717266536
0.3268703252912324
0.3268526932079997
0.32784080261865445
0.3268526932079997
0.32685331551016994
0.32685331551016994
0.3268526932079997
0.3268526932079997
0.3268526932079997
0.32685331551016994
0.32685331551016994
0.3268526932079997
0.3268526932079997
0.32685331551016994
0.36067612104519003
0.32685276796588414
0.3268526932079997
0.32685331551016994
0.32685331551016994
0.3269108906725303
0.33853816948181015
0.32685276796588414
0.3269362085742133
0.3547228764416944
0.8913873420193058
0.32839915238060635
0.3471107372424984
0.3283985300784361
0.32741374717266536
0.3268526932079997
0.3385375471796399
0.32685331551016994
0.3268773888075124
0.3268526932079997
0.3268526932079997
0.3268533902680544
0.5668296562675345
0.3268526932079997
0.5822693060927726
0.32685331551016994
0.3268526932079997
0.3268533902680544
0.3268526932079997
0.32685276796588414
0.7957641285179022
0.32685331551016994
0.8912319881690218
0.32685276796588414
0.33869048628463544
0.32685331551016994
0.32685331551016994
0.3268526932079997
0.3268526932079997
0.3268526932079997
0.3283978191948042
0.3268526932079997
0.32685276796588414
0.3268533902680544
0.5668283563853936
0.32685331551016994
0.3268533902680544
0.5828810392627112
0.3268526932079997
0.3268526932079997
0.3268526932079997
0.32685276796588414
0.3268526932079997
1.5578949947045864
0.3268526932079997
0.32685331551016994
0.3268526932079997
0.32685331551016994
0.7973599247655
0.32685331551016994
0.3268526932079997
0.3268526932079997
0.3268526932079997
0.32685331551016994
0.5534923605439964
0.32685331551016994
0.3268526932079997
0.32685331551016994
0.32685331551016994
0.3268526932079997
0.32685331551016994
0.3268526932079997
0.32685331551016994
0.32685276796588414
0.32685331551016994
0.3268526932079997
0.3268526932079997
0.3268526932079997
0.32685276796588414
0.3268526932079997
1.4414391584149269
0.3268526932079997
0.3385375471796399
0.3268526932079997
0.5716112757169418
0.3268526932079997
0.3268526932079997
0.3268526932079997
0.3268526932079997
0.32857866224046145
0.32685331551016994
0.8676094949449146
0.32685331551016994
1.4414501097169305
0.3289742738447415
0.32685276796588414
0.3268533902680544
0.3268526932079997
0.3268526932079997
0.3278408773765389
0.32685331551016994
0.34656676781677964
0.5822706059749134
0.32685276796588414
0.3292347827486515
0.7957641285179022
0.3268526932079997
0.3268526932079997
0.42498659480163115
0.3268526932079997
0.3268526932079997
0.3268526932079997
0.3268526932079997
0.32685276796588414
0.3268526932079997
1.762006522236621
0.8675825523868486
0.9418950495755797
0.5821300838432796
0.3268526932079997
0.328957509480115
0.32685331551016994
0.7960593030960443
0.3268526932079997
0.32685276796588414
0.3268526932079997
0.33853816948181015
0.3268526932079997
0.3268533902680544
0.32685331551016994
0.32741374717266536
0.32685331551016994
0.3268526932079997
0.3268526932079997
0.3268533902680544
0.3385375471796399
0.3268526932079997
0.7960346074965317
0.32685331551016994
0.32685331551016994
0.3268526932079997
0.32685276796588414
0.5535227430530666
0.5358704829766741
0.32685276796588414
0.3385375471796399
0.3278401803164842
0.3268526932079997
0.7960076649384658
0.3285886732442594
0.32685331551016994
0.32685276796588414
0.32685276796588414
0.32741374717266536
0.3268526932079997
0.3268526932079997
0.3381294323199697
0.3268526932079997
0.3268526932079997
0.32685276796588414
0.3268526932079997
0.32685276796588414
0.32685276796588414
0.32685331551016994
0.3268533902680544
0.32685331551016994
0.3268526932079997
0.3268526932079997
0.3268774635653968
0.3268526932079997
0.3278401803164842
0.5624153602840742
0.32685331551016994
0.3268773888075124
0.32685331551016994
0.32685331551016994
0.3268533902680544
0.42501705206858575
0.32685331551016994
0.7957371859598362
0.3268533902680544
0.8912329417586258
0.3381293575620853
0.3268526932079997
0.3268526932079997
0.32685331551016994
0.32685331551016994
0.3268703252912324
0.3268533902680544
0.32685331551016994
0.32685331551016994
0.3268526932079997
0.32685276796588414
0.42498659480163115
0.32685331551016994
0.32685331551016994
0.32685331551016994
0.33853762193752435
0.5668306098571383
0.3268533902680544
0.3268526932079997
0.5239048928593155
0.5668283563853936
0.32685331551016994
0.32685331551016994
0.3268526932079997
0.3268526932079997
0.8912319881690218
0.3268526932079997
0.3268533902680544
0.3268526932079997
0.3268526932079997
0.32685331551016994
0.5668283563853936
0.3268533902680544
0.3268526932079997
0.3268526932079997
0.3268526932079997
0.32685276796588414
0.33853762193752435
0.7322322343394383
0.3268526932079997
0.3268526932079997
0.3268526932079997
0.3268526932079997
0.32685331551016994
1.4414401221982664
0.3268526932079997
0.7957641285179022
0.32685331551016994
0.32685331551016994
0.32685276796588414
0.5668283563853936
0.3385375471796399
0.3268526932079997
1.4414391584149269
0.32685276796588414
0.7957372607177207
0.32863107568488925
0.32685276796588414
0.3268533902680544
0.3268526932079997
1.4414391584149269
0.3547228764416944
0.32685276796588414
0.32685331551016994
0.32685331551016994
0.4242862872293302
0.3268526932079997
0.36067666858947584
0.5239049676172
0.3268526932079997
0.32685331551016994
0.3278401803164842
0.3268526932079997
1.1763572540262464
0.32685276796588414
0.32685331551016994
0.8676094201870301
0.7960345327386473
0.3381299798642556
0.3268526932079997
0.3268533902680544
0.3297732462949148
0.3268526932079997
0.32685331551016994
0.326935586272043
0.32977394335496946
0.3268526932079997
0.32685276796588414
0.32685331551016994
0.326911587732585
0.32685276796588414
0.32685276796588414
0.32685276796588414
0.8913952627871309
0.32685276796588414
0.3274143694748356
0.32685276796588414
0.32685276796588414
0.32685331551016994
0.3268533902680544
0.32685331551016994
0.32685276796588414
0.3289574208986534
0.3278401803164842
0.3268526932079997
1.4414391584149269
0.3268533902680544
0.3268526932079997
0.3268526932079997
0.3268526932079997
0.3268526932079997
0.3268526932079997
0.7957371859598362
0.3268526932079997
0.32685276796588414
0.3268526932079997
0.3268526932079997
0.3268709475934026
0.3268526932079997
0.3268526932079997
0.3465497580357172
0.3268526932079997
0.8912250209908006
0.3268533902680544
0.3268526932079997
0.8912240674011968
0.5238745103502453
0.3268533902680544
0.3268533902680544
0.3268526932079997
0.3268526932079997
0.32685276796588414
0.9504673604195495
0.3268526932079997
0.3471107372424984
0.32741374717266536
0.3268526932079997
0.3268526932079997
0.3268533902680544
0.867705342588094
1.4414401221982664
1.4414405436030535
0.3268526932079997
0.32685331551016994
0.32685331551016994
0.32685331551016994
0.32685331551016994
0.3292594035902798
0.3268703252912324
0.32685331551016994
0.32685331551016994
0.3268526932079997
0.32685276796588414
1.4414391584149269
0.3268526932079997
0.4242862872293302
0.797066619889307
0.32685276796588414
0.32685331551016994
0.3268526932079997
0.32685276796588414
0.3268526932079997
0.5668283563853936
0.4242862872293302
0.32685276796588414
0.32895679859648314
0.7406316218940903
0.3268773888075124
0.8676094201870301
0.33853816948181015
0.7957640537600177
0.34053735826465803
0.32685331551016994
0.32685331551016994
0.3381313449424327
0.32685331551016994
0.79605922833816
0.3268526932079997
0.32685276796588414
0.32685276796588414
0.3268526932079997
0.3297733210527992
0.32687102235128707
0.32685331551016994
0.32839844149697445
0.32860335783997413
0.32685276796588414
0.32685276796588414
0.3268526932079997
0.3292493925864818
0.3268773888075124
0.5668283563853936
0.32895679859648314
0.5822683525031688
0.3268526932079997
0.32685331551016994
0.32685331551016994
0.3268526932079997
0.3268526932079997
0.32685331551016994
0.3268526932079997
0.3268526932079997
0.3268526932079997
0.3268533902680544
0.32685331551016994
0.5239048928593155
0.6740599435369854
0.523874435592361
0.32741374717266536
0.32685331551016994
0.8665774077942549
0.8665504652361888
0.32860335783997413
0.3268526932079997
0.32685276796588414
0.32685276796588414
0.3268526932079997
0.3268526932079997
0.32685331551016994
0.32685276796588414
0.3268526932079997
0.3268774635653968
0.8912240674011968
0.3268526932079997
0.3268533902680544
0.3268526932079997
0.3268526932079997
0.3283985300784361
0.3268526932079997
0.3268526932079997
0.3321699456733969
0.3268533902680544
0.7320956552452733
0.3385375471796399
0.32685331551016994
0.3268526932079997
0.3268526932079997
0.32685331551016994
0.33853816948181015
0.32685331551016994
0.9690039009883542
0.35472295119957886
0.3268533902680544
1.4414391584149269
0.32693566102992744
0.3278401803164842
0.32741374717266536
0.32685331551016994
0.3268526932079997
0.3268526932079997
0.3268526932079997
0.32922477174485354
0.9506287278584509
0.32685276796588414
0.32685276796588414
0.8912319881690218
0.3268526932079997
0.3268526932079997
0.3268526932079997
0.35472295119957886
0.3268526932079997
0.3268526932079997
0.3268526932079997
0.32857866224046145
0.32685331551016994
0.3268526932079997
0.3268533902680544
0.3268526932079997
0.3268526932079997
0.3285886732442594
0.3268526932079997
0.3283978191948042
0.32685276796588414
0.3268526932079997
0.32685276796588414
0.32685276796588414
0.3268704000491168
1.4414391584149269
0.32685276796588414
