0.3268526932079997
0.3268526932079997
0.32685276796588414
0.32685276796588414
0.3268526932079997
0.32685276796588414
0.3268526932079997
0.3268526932079997
0.3268533902680544
0.3268526932079997
0.3268526932079997
0.3268533902680544
0.3268526932079997
1.5571364093021354
0.3268526932079997
0.3471101149403282
0.32685331551016994
0.3268526932079997
0.32685276796588414
0.3268526932079997
0.3268703252912324
0.3268526932079997
0.3268526932079997
0.3268526932079997
0.3268526932079997
0.3268526932079997
0.3268526932079997
0.3268526932079997
0.3268526932079997
0.8912319881690218
0.3268709475934026
0.3268526932079997
0.3646415013991626
0.3268526932079997
0.3268709475934026
0.3268526932079997
0.3268526932079997
0.3268526932079997
0.32685331551016994
0.3268526932079997
0.3268704000491168
0.32685276796588414
0.3268526932079997
0.3268526932079997
0.3268526932079997
0.3268526932079997
0.3268526932079997
0.3268526932079997
0.3268526932079997
0.3268533902680544
0.3268526932079997
0.3268526932079997
0.32685276796588414
0.3268526932079997
0.3268533902680544
0.3268526932079997
0.4243083487368864
0.32922477174485354
0.3268526932079997
0.3268526932079997
0.3268956431929153
0.32685276796588414
0.3268533902680544
0.3268704000491168
0.32685276796588414
0.32685331551016994
0.32685276796588414
0.32685276796588414
0.3268526932079997
0.3268526932079997
0.3268526932079997
0.32685331551016994
0.326935586272043
0.3268526932079997
0.32685276796588414
0.7960077396963502
0.32685331551016994
0.3268526932079997
0.32685331551016994
0.32687102235128707
0.32685331551016994
0.32685331551016994
0.3268533902680544
0.32685276796588414
0.32685276796588414
0.32685331551016994
0.3268526932079997
0.32685276796588414
0.3289574208986534
0.3268526932079997
0.3268526932079997
0.3268526932079997
0.3268526932079997
0.32685276796588414
0.3268526932079997
0.4242565408460075
1.5571373730854747
0.3268533902680544
0.3268526932079997
0.3268533902680544
0.3268780111096826
0.3268709475934026
0.3268526932079997
0.3268526932079997
0.3268526932079997
0.3268526932079997
0.32693566102992744
0.3268526932079997
0.32857866224046145
0.3268526932079997
0.3268526932079997
0.42425582996237565
0.3268526932079997
0.3268526932079997
0.3268526932079997
0.3268526932079997
0.3268526932079997
0.3268526932079997
0.32685331551016994
0.3268526932079997
0.32685331551016994
0.3268526932079997
0.32685331551016994
0.3268526932079997
0.3268526932079997
0.3268526932079997
0.3268526932079997
0.32685331551016994
0.4468497242395054
0.3268526932079997
0.32685276796588414
0.3268526932079997
0.32685331551016994
0.3285962943236942
0.3268526932079997
0.3465490609756625
0.32685276796588414
0.3268526932079997
0.3268526932079997
0.3471101896982126
0.3268526932079997
0.32685276796588414
0.32685331551016994
0.32685331551016994
0.32685276796588414
0.32685331551016994
0.3268526932079997
0.32931760105481045
0.3268526932079997
0.44687947062282807
0.3268526932079997
0.3268526932079997
0.3268526932079997
0.32685276796588414
0.32685276796588414
0.3268526932079997
0.3289574208986534
0.3268526932079997
0.32685276796588414
1.4414395809566978
0.3268526932079997
0.3268526932079997
0.7960345327386473
0.3268526932079997
0.3293075900510125
1.4414391584149269
0.3268709475934026
0.3268526932079997
0.3268526932079997
0.3268533902680544
0.8917913193612763
0.3547405085249271
0.3268533902680544
0.3268703252912324
0.3268704000491168
0.32687102235128707
0.3268526932079997
0.34711081200038285
0.3268526932079997
0.32685276796588414
0.34656709405584973
0.32685331551016994
0.338130647882378
0.3268526932079997
0.32685276796588414
0.3268526932079997
0.3268526932079997
0.3268533902680544
0.3268526932079997
0.3268526932079997
0.3268526932079997
0.3268526932079997
0.3268703252912324
0.3268703252912324
0.32685276796588414
0.3268526932079997
0.32685276796588414
0.3268526932079997
0.32693566102992744
0.32685276796588414
0.3268526932079997
0.32685331551016994
0.32685276796588414
0.3268533902680544
0.3268526932079997
0.3268526932079997
0.3471101149403282
0.3268526932079997
0.3268526932079997
0.3268526932079997
0.3268526932079997
0.32685276796588414
0.32685276796588414
0.3268526932079997
0.4242565408460075
0.3268526932079997
0.32685331551016994
0.3268533902680544
0.3292246969869691
0.32685331551016994
0.32685331551016994
0.3268526932079997
0.3268526932079997
0.32687102235128707
0.32685331551016994
0.3285886732442594
0.32685276796588414
0.3268526932079997
0.3268526932079997
0.8913284016068799
0.3268533902680544
0.3268533902680544
0.32685331551016994
0.3268526932079997
0.3268526932079997
0.3268526932079997
0.3268526932079997
0.3268526932079997
0.32685276796588414
0.3268526932079997
0.32685276796588414
0.32685276796588414
0.3292347827486515
0.3268526932079997
0.32685276796588414
0.32685331551016994
0.32685331551016994
0.3268526932079997
0.3471683124048588
0.32685331551016994
0.3268526932079997
0.3268526932079997
0.3268526932079997
0.3268526932079997
0.32685331551016994
0.32685331551016994
0.9510257380222
0.3268709475934026
0.3268526932079997
0.3268526932079997
0.32685331551016994
0.3268526932079997
0.32685276796588414
0.32685276796588414
0.3268526932079997
0.32685331551016994
0.3268533902680544
0.3268526932079997
0.5669679249274236
0.3268526932079997
0.3268526932079997
0.32685331551016994
0.35472295119957886
0.3268526932079997
0.3268526932079997
0.32685331551016994
0.8912329417586258
0.3268526932079997
0.3268526932079997
0.3268533902680544
0.32685276796588414
0.3268526932079997
0.3268526932079997
0.3268526932079997
0.3268526932079997
1.4414510735002701
0.3268526932079997
0.3268526932079997
0.32923470799076704
0.32685331551016994
0.3268526932079997
0.3268526932079997
0.32687102235128707
0.32685276796588414
0.32685276796588414
0.3268533902680544
0.3268526932079997
0.3268526932079997
0.3268526932079997
0.32685276796588414
0.3268526932079997
0.32685276796588414
0.32685331551016994
0.32685331551016994
0.3268526932079997
0.3268526932079997
0.32685276796588414
0.3268526932079997
0.32685276796588414
0.32685331551016994
0.3268704000491168
0.3268526932079997
0.3268526932079997
0.32685276796588414
0.32685276796588414
0.32685276796588414
0.3268533902680544
2.28940304541901
0.3268526932079997
0.32685276796588414
0.3268533902680544
0.32685331551016994
0.3268526932079997
0.326911587732585
0.3268526932079997
0.3268526932079997
0.34711081200038285
0.3268526932079997
0.32685276796588414
0.3268526932079997
0.32685276796588414
0.32687102235128707
0.32685276796588414
0.32685276796588414
0.3268533902680544
0.32685331551016994
0.32685276796588414
0.3268526932079997
0.3268703252912324
0.3268526932079997
0.3268526932079997
0.3268704000491168
0.3268526932079997
0.32741374717266536
0.8912329417586258
0.32685276796588414
0.3268526932079997
0.32685276796588414
0.32685276796588414
0.3268526932079997
0.5821300838432796
1.5571373969409021
0.32685331551016994
0.3268526932079997
0.3268526932079997
0.32685331551016994
0.3268526932079997
0.3268526932079997
0.3547228764416944
0.3268526932079997
0.3268526932079997
0.3547235735017491
0.3268526932079997
0.3268526932079997
0.32741374717266536
0.32685331551016994
0.9504584860621205
0.3268526932079997
0.3268533902680544
0.3268526932079997
0.3268526932079997
0.32685276796588414
0.3268533902680544
0.32685276796588414
0.32685276796588414
0.32685276796588414
0.32685276796588414
0.3268526932079997
0.32685276796588414
0.3268526932079997
0.32685331551016994
0.3268526932079997
0.3268526932079997
0.3268709475934026
0.32685331551016994
0.32685331551016994
0.32685276796588414
0.3268533902680544
0.32685331551016994
0.3268526932079997
0.32685276796588414
0.3465490609756625
0.3268526932079997
0.32685276796588414
0.32685331551016994
0.3268526932079997
0.3268526932079997
0.3268526932079997
0.3268526932079997
0.32685276796588414
0.3268526932079997
0.32685331551016994
0.32685276796588414
0.32685276796588414
0.3268526932079997
0.32685331551016994
0.3268526932079997
0.32685331551016994
0.3268526932079997
0.32685276796588414
0.3268526932079997
0.32685276796588414
0.3268526932079997
0.3268526932079997
0.3283978191948042
0.3268526932079997
0.3268526932079997
0.3268533902680544
0.32685331551016994
0.32685276796588414
0.32685331551016994
0.7960345327386473
0.3268526932079997
0.32685331551016994
0.3268526932079997
0.32685276796588414
0.3268526932079997
0.32685331551016994
0.3268526932079997
0.32685331551016994
0.32685276796588414
0.32685331551016994
0.3268703252912324
0.5668296562675345
0.3268526932079997
0.3268526932079997
0.3268526932079997
0.3268526932079997
0.3268526932079997
0.3646408790969924
0.3268526932079997
0.32685276796588414
0.32685276796588414
0.32685276796588414
0.3268533902680544
0.3268526932079997
0.4242869981129621
0.3269108906725303
0.32685331551016994
0.3268526932079997
0.32685276796588414
0.3268780111096826
0.3268526932079997
0.32685331551016994
0.3268533902680544
0.34654913573354695
0.32685331551016994
0.32685276796588414
0.32685331551016994
0.3268533902680544
0.3381547502216527
0.32685276796588414
0.3268526932079997
0.3269108906725303
0.32685331551016994
0.32685331551016994
1.5571373969409021
0.3268526932079997
0.32685331551016994
0.32685331551016994
0.32685276796588414
0.3268526932079997
0.32685276796588414
0.32685331551016994
0.32685276796588414
0.3268526932079997
0.3268526932079997
0.3268526932079997
0.32685276796588414
0.3268526932079997
0.32685331551016994
1.420617864927863
0.3268780111096826
0.32685276796588414
0.3268703252912324
0.3268526932079997
0.32685331551016994
0.32685276796588414
0.32685331551016994
0.3268526932079997
0.3268526932079997
0.32685331551016994
0.3268526932079997
0.3268526932079997
0.3268526932079997
0.32685331551016994
0.3283978191948042
0.3471101149403282
0.3268526932079997
0.32685331551016994
0.3268526932079997
0.3268526932079997
0.3268526932079997
0.3268526932079997
0.32685276796588414
0.32685276796588414
0.3268526932079997
0.3268526932079997
0.32685276796588414
0.3268703252912324
0.32685331551016994
0.3292246969869691
1.5571364331575628
0.3268533902680544
0.3268703252912324
0.32685331551016994
0.3268526932079997
0.3268533902680544
0.32685331551016994
0.3268526932079997
0.3268526932079997
0.32685331551016994
0.32685276796588414
0.3268533902680544
0.3268533902680544
0.3268526932079997
0.32685331551016994
0.3268526932079997
0.3268526932079997
0.3268526932079997
0.32685276796588414
0.3268526932079997
0.4242869981129621
0.3268526932079997
0.32685331551016994
0.32685331551016994
0.3268526932079997
0.3269108906725303
0.3268703252912324
0.3292594035902798
0.3268526932079997
0.32685276796588414
0.3268526932079997
0.32685331551016994
0.32784025507436865
0.3268526932079997
0.3268526932079997
0.32685276796588414
0.3268526932079997
0.32685331551016994
0.3268526932079997
0.3268526932079997
0.7957640537600177
0.32685331551016994
0.32685331551016994
0.3268526932079997
0.3268526932079997
0.3268526932079997
0.3268526932079997
0.3268526932079997
0.3268704000491168
0.32685276796588414
0.3268533902680544
0.3268526932079997
0.3268526932079997
0.32685331551016994
0.3268526932079997
0.32685276796588414
0.3268526932079997
0.3268526932079997
0.32895679859648314
0.32685276796588414
0.32685331551016994
0.32685331551016994
0.32685276796588414
0.3268526932079997
0.3268526932079997
1.4414395809566978
0.3268526932079997
0.3268526932079997
0.32685276796588414
0.3268526932079997
0.32685276796588414
0.32685276796588414
0.32923470799076704
0.3268533902680544
0.3268533902680544
0.3268703252912324
0.32741374717266536
0.32685276796588414
0.3268526932079997
0.3268526932079997
0.3268526932079997
0.32685276796588414
0.3268526932079997
0.3268526932079997
0.32685331551016994
0.3268526932079997
0.32685331551016994
0.32685276796588414
0.3268526932079997
0.32685331551016994
0.32691151297470056
0.3268526932079997
0.32685331551016994
0.32685331551016994
0.3268526932079997
0.3268773888075124
0.3268703252912324
0.3268526932079997
0.32685331551016994
0.3268526932079997
0.3268526932079997
0.3268526932079997
0.32685331551016994
0.3268533902680544
0.3268533902680544
0.3268526932079997
0.32685331551016994
0.32685276796588414
0.32685331551016994
0.3268533902680544
0.3268526932079997
0.3268526932079997
0.32685331551016994
0.32685331551016994
0.3268526932079997
0.3268526932079997
0.3268526932079997
0.3465684272416519
0.32685331551016994
0.32685331551016994
0.3268526932079997
0.32685276796588414
0.32685276796588414
0.3268526932079997
0.3268703252912324
0.3268526932079997
0.3268526932079997
0.3268526932079997
0.32685276796588414
0.3268774635653968
0.3268526932079997
0.32685276796588414
0.3268526932079997
0.3268526932079997
0.32685331551016994
0.32922477174485354
0.3268526932079997
0.3268533902680544
0.3268526932079997
0.3268704000491168
0.32685276796588414
0.32685276796588414
0.3268526932079997
0.32685276796588414
1.4414395809566978
0.3268709475934026
0.3268526932079997
0.3268526932079997
0.3268526932079997
0.32685276796588414
0.3268526932079997
0.3268526932079997
0.32685331551016994
0.3268533902680544
0.3268526932079997
0.3268526932079997
0.3268526932079997
0.32685276796588414
0.3268703252912324
0.32687102235128707
0.32685276796588414
0.3268526932079997
0.32685331551016994
0.3268526932079997
0.32685331551016994
0.3268780111096826
0.32792307338052756
0.3268526932079997
0.8912319881690218
0.3268703252912324
0.32685276796588414
0.3268703252912324
0.3268533902680544
0.3547228764416944
0.32685276796588414
0.3268526932079997
0.3268526932079997
0.32685276796588414
0.3268526932079997
0.32685331551016994
1.557147360604139
0.3268526932079997
0.32685331551016994
0.3268526932079997
0.3268526932079997
0.3268526932079997
0.3268526932079997
0.3268533902680544
0.3471101149403282
0.3268526932079997
0.32685276796588414
0.32685276796588414
0.3268526932079997
0.3268526932079997
0.32685276796588414
0.3268526932079997
0.32685331551016994
0.3268526932079997
0.3268526932079997
0.3268533902680544
0.3268526932079997
0.32685331551016994
0.3268526932079997
0.3268773888075124
0.3268526932079997
0.3268704000491168
0.32922477174485354
0.3278401803164842
0.32685276796588414
0.3292594035902798
0.3268780111096826
0.3268526932079997
0.32685276796588414
0.32685331551016994
0.32685331551016994
0.3268526932079997
0.3268526932079997
0.3268526932079997
0.32685276796588414
0.3268526932079997
0.3292246969869691
0.32685331551016994
0.32685331551016994
0.3268526932079997
0.32685276796588414
0.3268526932079997
0.32685276796588414
0.32689571795079975
0.3465490609756625
0.3268533902680544
0.32685331551016994
0.3268709475934026
0.3268526932079997
0.3268526932079997
0.3268703252912324
0.32685331551016994
0.3268526932079997
0.32685331551016994
0.32685276796588414
0.32685276796588414
0.32685276796588414
0.34654913573354695
0.3268533902680544
0.3471107372424984
0.3268526932079997
0.3381293575620853
0.32685276796588414
0.3268526932079997
0.3268533902680544
0.32685276796588414
0.32685331551016994
0.3268533902680544
0.35011302086548934
0.32685331551016994
0.3268533902680544
0.3268526932079997
0.32685331551016994
0.3268704000491168
0.32687102235128707
0.3268526932079997
0.3268526932079997
0.32685276796588414
0.3268526932079997
0.3268703252912324
0.3268703252912324
0.3268704000491168
0.3268526932079997
0.3268526932079997
1.5571373969409021
0.3269108906725303
0.32685331551016994
0.3268703252912324
0.3268526932079997
0.3268526932079997
0.35401136730286575
0.4242869981129621
0.3268533902680544
0.8912240674011968
0.3268526932079997
0.3268526932079997
0.3268526932079997
0.3268526932079997
0.32685276796588414
0.3268526932079997
0.3268526932079997
0.3268526932079997
0.3268526932079997
0.3268526932079997
0.32685331551016994
0.32685276796588414
0.3268526932079997
0.3268526932079997
0.3268526932079997
0.3268526932079997
0.3268526932079997
0.3268526932079997
0.3268533902680544
0.3268526932079997
0.3268526932079997
0.3268526932079997
0.32685276796588414
0.3268526932079997
0.3285887480021438
0.3268526932079997
0.32685331551016994
0.3268533902680544
0.32685331551016994
0.32685331551016994
0.3268526932079997
0.3268533902680544
0.32685276796588414
0.32691096543041476
0.3268533902680544
0.3268780111096826
0.3268526932079997
0.3268526932079997
0.3268773888075124
0.3268526932079997
0.3268533902680544
0.3268526932079997
0.3268526932079997
0.32685331551016994
0.32685276796588414
0.3268526932079997
0.3268526932079997
0.32685331551016994
0.32685331551016994
0.3268526932079997
0.3268526932079997
0.3269108906725303
0.32685331551016994
0.32792369568269786
0.3268526932079997
0.3268533902680544
0.4242869981129621
0.32685331551016994
1.4414505322587012
0.3268526932079997
0.32685331551016994
0.3268526932079997
0.3268526932079997
0.3268526932079997
0.32784025507436865
0.32685276796588414
0.3268526932079997
0.3268526932079997
0.3268704000491168
0.4242862872293302
0.3268526932079997
0.3268703252912324
0.32685276796588414
0.3268526932079997
0.32685276796588414
0.32685331551016994
0.3268526932079997
0.32685331551016994
0.3268704000491168
0.3268526932079997
0.3268526932079997
0.3268526932079997
0.32685331551016994
0.3268526932079997
0.3268526932079997
0.32685276796588414
0.32685331551016994
0.3268533902680544
0.32685276796588414
0.3268526932079997
0.4468497242395054
0.3268533902680544
0.3268526932079997
0.3268533902680544
0.32784080261865445
0.3268526932079997
0.3268526932079997
0.32685331551016994
0.3268780111096826
0.3268526932079997
0.32685276796588414
0.32685331551016994
0.32685276796588414
0.32685276796588414
0.3268526932079997
0.32685276796588414
0.3268704000491168
0.3268526932079997
0.32685331551016994
0.3268526932079997
0.3268526932079997
0.32685331551016994
0.3268703252912324
0.35478107390622504
0.32685331551016994
0.3268526932079997
0.3268773888075124
0.3268526932079997
0.3268526932079997
0.3268526932079997
0.5821300838432796
0.32685276796588414
0.32685331551016994
0.3268526932079997
0.3268526932079997
0.3268526932079997
0.3268526932079997
0.32685331551016994
0.3283978191948042
0.3268526932079997
0.32685331551016994
0.3268526932079997
0.3268526932079997
0.3268526932079997
0.3268703252912324
0.8912319881690218
0.3268526932079997
0.32685331551016994
0.32685331551016994
0.32685276796588414
0.3268533902680544
0.3268526932079997
0.3268526932079997
0.3268526932079997
0.3268526932079997
0.8912319881690218
0.3268526932079997
0.3268526932079997
0.35472295119957886
0.32685331551016994
0.3285887480021438
0.3268526932079997
0.3547235735017491
0.3268533902680544
0.3268526932079997
0.5668296562675345
0.3268526932079997
0.32685331551016994
0.3268526932079997
0.3268526932079997
1.4414395809566978
0.32685276796588414
0.5668293099749976
0.3268526932079997
0.3646408790969924
0.3268533902680544
0.3268526932079997
0.32685331551016994
0.3268533902680544
0.32685276796588414
0.3268526932079997
0.32687102235128707
0.32685276796588414
0.3268709475934026
0.32685276796588414
0.3268526932079997
0.32685331551016994
0.3268526932079997
0.3285787369983459
0.3268709475934026
0.3292493925864818
0.7957371859598362
0.3268526932079997
0.32685276796588414
0.3268526932079997
0.3268526932079997
0.32685331551016994
0.3268526932079997
0.32685331551016994
0.3268526932079997
0.3268526932079997
0.3268533902680544
0.3268526932079997
0.32685276796588414
0.3268526932079997
0.3268526932079997
0.32685276796588414
0.3268773888075124
0.3268526932079997
0.3268709475934026
0.3268774635653968
0.3268526932079997
0.3268703252912324
0.3268526932079997
0.3268526932079997
0.32685276796588414
0.3268526932079997
0.3268709475934026
0.3268526932079997
0.32685331551016994
