0.3268533902680544
0.3268533902680544
0.3268533902680544
0.3268774635653968
0.3285887480021438
0.3268533902680544
0.32693566102992744
0.326911587732585
0.3268533902680544
0.3268533902680544
0.3268533902680544
0.3268533902680544
0.32685276796588414
0.32693628333209773
0.3268533902680544
0.32685276796588414
0.32685276796588414
0.3268533902680544
0.32687808586756706
0.32687808586756706
0.3268533902680544
0.32685276796588414
0.3268533902680544
0.3268533902680544
0.3268533902680544
0.32685276796588414
0.42447209229021443
0.3268533902680544
0.3268533902680544
0.3268533902680544
0.32685276796588414
0.3268533902680544
0.32685276796588414
0.3268533902680544
0.3268533902680544
0.32685276796588414
0.3268533902680544
0.32685276796588414
0.3268533902680544
0.3268533902680544
0.32685276796588414
0.32687102235128707
0.3268533902680544
0.32687808586756706
0.3268533902680544
0.3465497580357172
0.32685276796588414
0.3268533902680544
0.3268533902680544
0.3268533902680544
0.3268533902680544
0.3268533902680544
0.3268533902680544
0.3268533902680544
0.3268533902680544
0.32687808586756706
0.3268774635653968
0.32685276796588414
0.3268533902680544
0.3268533902680544
0.34656780493948164
0.32687808586756706
0.3268533902680544
0.3268533902680544
0.3268533902680544
0.5821323373150242
0.3268533902680544
0.3268533902680544
0.3268533902680544
0.3268533902680544
0.3268533902680544
0.3268533902680544
0.32687808586756706
0.32685276796588414
0.3268533902680544
0.32685276796588414
0.5668293099749976
0.3268533902680544
0.3268533902680544
0.3268533902680544
0.3268533902680544
0.3268533902680544
0.3268533902680544
0.3385382442396946
0.32685276796588414
0.3268533902680544
0.3268533902680544
0.32685276796588414
0.32685276796588414
0.3268533902680544
0.32685276796588414
0.32687102235128707
0.3268533902680544
0.3268533902680544
0.3268533902680544
0.32685276796588414
0.3268533902680544
0.32789907484106956
1.4194730621722333
0.3268533902680544
0.3268533902680544
0.3268533902680544
0.32685276796588414
0.3268533902680544
0.3268533902680544
0.326911587732585
0.326911587732585
0.3268533902680544
0.3268774635653968
0.3268533902680544
0.3547228764416944
0.3268533902680544
0.3268533902680544
0.32685276796588414
0.3268533902680544
0.3292494673443662
0.32784025507436865
0.32685276796588414
0.3268533902680544
0.3268533902680544
0.32687808586756706
0.32685276796588414
0.3268533902680544
0.32685276796588414
0.3268533902680544
0.3268533902680544
0.32685276796588414
0.3268533902680544
0.32693566102992744
0.3268533902680544
0.3268533902680544
0.3268533902680544
0.3268533902680544
0.4556374785148568
0.3268533902680544
0.3268533902680544
0.32685276796588414
0.3268533902680544
0.3268533902680544
0.3268533902680544
0.32693628333209773
0.3268533902680544
0.3268533902680544
0.32687808586756706
0.3268533902680544
0.3268533902680544
0.32685331551016994
0.32685276796588414
0.3268533902680544
0.3268533902680544
0.3268533902680544
0.6638481474318506
0.3268533902680544
0.326911587732585
0.3268533902680544
0.3268533902680544
0.3268533902680544
0.32685276796588414
0.3268533902680544
0.9504594396517244
0.32685276796588414
0.32685276796588414
0.3268533902680544
0.3268533902680544
0.32687808586756706
0.3268533902680544
0.32685276796588414
0.3268774635653968
0.32687808586756706
0.3268533902680544
0.32784025507436865
0.3268533902680544
0.3268533902680544
0.3268533902680544
0.3268533902680544
0.3268533902680544
0.3268533902680544
0.32687808586756706
0.3268533902680544
0.3292347827486515
0.32685276796588414
0.3268533902680544
0.32685276796588414
0.3268533902680544
0.3268533902680544
0.5668306098571383
0.32685276796588414
0.32685276796588414
0.32922477174485354
0.5668306098571383
0.32685276796588414
0.3268533902680544
0.3268533902680544
0.3268533902680544
0.3268533902680544
0.32685276796588414
0.3268533902680544
0.32685276796588414
0.32685276796588414
0.3268533902680544
0.3268533902680544
0.32685276796588414
0.32741444423272004
0.32687808586756706
0.3268533902680544
0.32685276796588414
0.3268533902680544
0.3268533902680544
0.3268533902680544
0.3268533902680544
0.3268533902680544
0.3268533902680544
0.32784025507436865
0.3268533902680544
0.3268533902680544
0.32693628333209773
0.3268533902680544
0.3268533902680544
0.32685276796588414
0.32839915238060635
0.32685276796588414
0.3268533902680544
0.3268533902680544
0.3268533902680544
0.32691096543041476
0.3465497580357172
0.3381882520866707
0.32687102235128707
0.3268533902680544
0.32784080261865445
0.3268533902680544
0.32861344360165656
0.3268533902680544
0.3268533902680544
0.32691096543041476
0.3268774635653968
0.3268533902680544
0.3268533902680544
0.326911587732585
0.3268533902680544
0.3268533902680544
0.3268533902680544
0.326911587732585
0.32685276796588414
0.3268533902680544
0.4242565408460075
0.3268533902680544
0.3268533902680544
0.32685276796588414
0.3268533902680544
0.3268533902680544
0.3268533902680544
0.3268533902680544
0.32693566102992744
0.32685276796588414
0.3268533902680544
0.326911587732585
0.32687808586756706
0.32685276796588414
0.32685276796588414
0.3268533902680544
0.32861344360165656
0.32692921981581774
0.3268533902680544
0.9801367655545674
0.3268533902680544
0.32685276796588414
0.3268533902680544
0.32685276796588414
0.3268533902680544
0.3385382442396946
0.3268533902680544
0.3268533902680544
0.3268533902680544
0.3268704000491168
0.32685276796588414
0.3268533902680544
0.3268533902680544
0.3268533902680544
0.3268533902680544
0.3268533902680544
0.32685276796588414
0.3268533902680544
0.3268533902680544
0.3268533902680544
0.3547228764416944
0.3268533902680544
0.3268774635653968
0.3268533902680544
0.3268533902680544
0.3268533902680544
0.3268533902680544
0.3268533902680544
0.3268533902680544
0.3268533902680544
0.32685276796588414
0.3268533902680544
0.3268533902680544
0.3268533902680544
0.3268533902680544
0.32685276796588414
0.3268533902680544
0.3268533902680544
0.3274138219305498
0.3268533902680544
0.32685276796588414
0.3268533902680544
0.32685276796588414
0.32685276796588414
0.3268533902680544
0.3268533902680544
0.32839915238060635
0.3268533902680544
0.3268533902680544
0.32685276796588414
0.3268533902680544
0.3268533902680544
0.3268533902680544
0.8912250209908006
0.32685276796588414
0.32687808586756706
1.4414510735002701
0.32685276796588414
0.32687808586756706
0.32685276796588414
0.3268533902680544
0.3268533902680544
0.3268774635653968
0.3268533902680544
0.3268533902680544
0.3268533902680544
0.3268533902680544
0.3268533902680544
0.3268533902680544
0.32685276796588414
0.32685276796588414
0.3268533902680544
0.32687808586756706
0.3268533902680544
0.3268533902680544
0.3268533902680544
0.3268533902680544
0.32685276796588414
0.3292347827486515
0.3268533902680544
0.32687808586756706
0.3268533902680544
0.32685276796588414
0.32685276796588414
0.32685276796588414
0.7957372607177207
0.32687808586756706
0.3268533902680544
0.3268533902680544
0.3268533902680544
0.3465497580357172
0.3268533902680544
0.5238745103502453
0.3268533902680544
0.32687808586756706
0.3268533902680544
0.3268533902680544
0.3268533902680544
0.3268533902680544
0.3268533902680544
0.32839915238060635
0.32685276796588414
0.3268533902680544
0.3268533902680544
0.3268533902680544
0.7957372607177207
0.32685276796588414
0.32687808586756706
0.3268533902680544
0.32685276796588414
0.3268533902680544
0.32685276796588414
0.3268533902680544
0.3268533902680544
0.3268533902680544
0.3268533902680544
0.3268533902680544
0.3268533902680544
0.32685276796588414
0.32687808586756706
0.3268533902680544
0.32685276796588414
0.3268533902680544
0.32687808586756706
0.3268533902680544
0.3268533902680544
0.3292347827486515
0.3268533902680544
0.35604850799324417
0.32685276796588414
0.3268533902680544
0.32685276796588414
0.32685276796588414
0.32685276796588414
0.32687808586756706
0.3268533902680544
0.3268533902680544
0.3268533902680544
0.3268533902680544
0.3268533902680544
0.32685276796588414
0.3268533902680544
0.33856293983920727
0.32784025507436865
0.32687808586756706
0.3268533902680544
0.32685276796588414
0.3268533902680544
0.3268533902680544
0.3268533902680544
0.32685276796588414
0.3268533902680544
0.32860343259785857
0.3268533902680544
0.3268533902680544
0.5669675786348868
0.32687808586756706
0.32685276796588414
0.3268533902680544
0.3268533902680544
0.3268533902680544
0.32687808586756706
0.3268533902680544
0.3268533902680544
0.3268533902680544
0.3268533902680544
0.35472295119957886
0.3268533902680544
0.3268533902680544
0.3268533902680544
0.3268533902680544
0.32685276796588414
0.3268533902680544
0.32685276796588414
0.32685276796588414
0.32685276796588414
0.3268533902680544
0.32685276796588414
0.571646659900223
0.32687808586756706
0.3278408773765389
0.3268533902680544
0.32685276796588414
0.3268533902680544
0.32685276796588414
0.3268533902680544
0.3268533902680544
0.7960077396963502
1.4414510735002701
0.3268533902680544
0.3268533902680544
0.3268774635653968
0.3268533902680544
0.3268533902680544
0.3283985300784361
0.3268533902680544
0.32685276796588414
0.3268533902680544
0.32687808586756706
0.32687808586756706
0.32741444423272004
0.32685276796588414
0.3268533902680544
0.32685276796588414
1.4414510735002701
0.3268533902680544
0.3268533902680544
0.3278408773765389
0.326911587732585
0.32687808586756706
0.32685276796588414
0.3268533902680544
0.3268533902680544
0.3268533902680544
0.32685276796588414
0.3268533902680544
0.3268533902680544
0.3268533902680544
0.3268533902680544
0.3268533902680544
0.7960324352958629
0.3278408773765389
0.3268533902680544
0.3268533902680544
0.3385382442396946
0.3268533902680544
0.3268533902680544
0.3268533902680544
0.3268533902680544
0.32693566102992744
0.326911587732585
0.3268533902680544
0.3268774635653968
0.32687808586756706
0.3268533902680544
0.3268533902680544
0.3268533902680544
0.3268533902680544
0.3268533902680544
0.3268533902680544
0.32685276796588414
0.3268533902680544
0.3268533902680544
0.3268533902680544
0.3268533902680544
0.3285887480021438
0.32685276796588414
0.3268533902680544
0.3268526932079997
0.3285887480021438
0.3268533902680544
0.3382129476861834
0.32693628333209773
0.3268533902680544
0.35472349874386466
0.3268533902680544
0.3268533902680544
0.3268533902680544
0.3268533902680544
0.3268533902680544
0.3268774635653968
0.32685276796588414
0.3268533902680544
0.3268533902680544
0.3268533902680544
0.32685276796588414
0.3268533902680544
0.5668306098571383
0.3297909531360319
0.32685276796588414
0.32741444423272004
0.3268533902680544
0.32685276796588414
0.3268533902680544
0.3268533902680544
0.3268533902680544
0.3268533902680544
0.4558530299590637
0.3268533902680544
0.32687808586756706
0.3268533902680544
0.3268533902680544
0.3268533902680544
0.3268533902680544
0.32685331551016994
0.3268533902680544
0.3268533902680544
0.3268533902680544
0.3268533902680544
0.3268533902680544
0.32685276796588414
0.3268533902680544
0.3268533902680544
0.3269285975136475
0.32685276796588414
0.3268533902680544
0.3268533902680544
0.3268533902680544
0.3268533902680544
0.3268533902680544
0.32861344360165656
0.33856293983920727
0.3268533902680544
0.3268533902680544
0.32685276796588414
0.3268774635653968
0.32741444423272004
0.32685331551016994
0.3268533902680544
0.3268533902680544
0.3268533902680544
0.3268533902680544
0.3268533902680544
0.3268774635653968
0.32685276796588414
0.32861344360165656
0.3268533902680544
0.3268533902680544
0.3268533902680544
0.3547235735017491
0.3268533902680544
0.33853762193752435
0.3385382442396946
0.3268533902680544
0.3297909531360319
0.3268533902680544
0.3292347827486515
0.3268533902680544
0.3268533902680544
0.3268533902680544
0.32839915238060635
0.3268533902680544
0.3268533902680544
0.3268533902680544
0.32685276796588414
0.3268533902680544
0.3268533902680544
0.32685276796588414
0.3268533902680544
0.32685276796588414
0.3268533902680544
0.3268533902680544
0.3268533902680544
0.3268533902680544
0.3268533902680544
0.32685276796588414
0.3268533902680544
0.32685276796588414
0.3268533902680544
0.32977394335496946
0.3268533902680544
0.3268533902680544
0.3268533902680544
0.3465497580357172
0.3268533902680544
0.3268533902680544
0.3268533902680544
1.4414510735002701
0.3268533902680544
0.32685276796588414
0.3297733210527992
0.32685276796588414
0.3268533902680544
0.3268533902680544
0.32784025507436865
0.3269362085742133
0.3268533902680544
0.3268533902680544
0.5241205190614069
0.3268533902680544
0.3268533902680544
0.3268533902680544
0.5821313837254203
0.3268533902680544
0.32685276796588414
0.326911587732585
0.3268533902680544
0.32685276796588414
0.32685276796588414
0.7957641285179022
0.32687808586756706
0.3268533902680544
0.32687808586756706
0.32685331551016994
0.32687808586756706
0.3268533902680544
0.3268533902680544
0.35472349874386466
0.32685276796588414
0.3268533902680544
0.3268533902680544
0.32685276796588414
0.32685276796588414
0.3268533902680544
0.32687102235128707
0.32685276796588414
0.326911587732585
0.7957372607177207
0.3268533902680544
0.32685276796588414
0.32691096543041476
0.32685276796588414
0.3283985300784361
0.5821310374328834
0.3268533902680544
0.3268533902680544
0.3268533902680544
0.3268533902680544
0.32685276796588414
0.3268533902680544
0.32977394335496946
0.3268533902680544
0.3268533902680544
0.32685276796588414
0.326911587732585
0.3268533902680544
0.32685276796588414
0.3268533902680544
0.3268533902680544
0.3268533902680544
0.3268533902680544
0.32685276796588414
0.3268533902680544
0.32685276796588414
0.3268533902680544
0.32786557297605157
0.3268533902680544
0.32687808586756706
0.3268533902680544
0.3385382442396946
0.32784025507436865
0.32685276796588414
0.3268533902680544
0.3268533902680544
0.32685276796588414
0.32685276796588414
0.32685276796588414
0.3268533902680544
0.3268533902680544
0.3268533902680544
0.3268533902680544
0.32685276796588414
0.3268533902680544
0.3268533902680544
0.32784025507436865
0.3268533902680544
0.3268533902680544
0.5534923605439964
0.32687102235128707
0.3268533902680544
0.32687808586756706
0.3268533902680544
0.3268533902680544
0.3292347827486515
0.32861344360165656
0.32685276796588414
0.3465497580357172
0.32685276796588414
0.32693566102992744
0.3268533902680544
0.3268533902680544
0.32687808586756706
0.32685331551016994
0.3268533902680544
0.3268533902680544
0.3268533902680544
0.3268533902680544
0.3268533902680544
0.3268533902680544
0.3268533902680544
0.3268533902680544
0.32741444423272004
0.3268533902680544
0.3268533902680544
0.32839915238060635
0.3268533902680544
0.3268533902680544
0.32685276796588414
0.3268533902680544
0.3268533902680544
0.4242565408460075
0.32685276796588414
0.32687808586756706
0.3268533902680544
0.32685276796588414
0.3268533902680544
0.3268533902680544
0.9504673604195495
0.32685276796588414
0.8912250209908006
0.32685276796588414
0.3268533902680544
0.3268533902680544
0.3268533902680544
0.3268533902680544
0.32691096543041476
0.3268533902680544
0.32685276796588414
0.5238745103502453
0.3268533902680544
0.3268533902680544
0.3268533902680544
0.3268533902680544
0.3268533902680544
0.3268533902680544
0.3268533902680544
0.3268533902680544
0.32685276796588414
0.3268533902680544
0.32685276796588414
0.3268533902680544
0.32685276796588414
0.32687808586756706
0.3268533902680544
0.3268533902680544
0.32691096543041476
0.3268533902680544
0.3268533902680544
0.3268533902680544
0.3268533902680544
0.32685276796588414
0.32685276796588414
0.3268533902680544
0.32685276796588414
0.326911587732585
0.3268533902680544
0.32685276796588414
0.32693628333209773
0.32687102235128707
0.3268533902680544
0.3268533902680544
0.3268533902680544
0.32685276796588414
0.3268533902680544
0.32685276796588414
0.3268533902680544
0.3268533902680544
0.3268533902680544
0.3292594783481642
0.32685276796588414
0.32687808586756706
0.326911587732585
0.3268533902680544
0.3268533902680544
0.3268533902680544
0.32687102235128707
0.32685276796588414
0.3268533902680544
0.3268533902680544
0.3268533902680544
0.3268533902680544
0.32685276796588414
0.3268533902680544
0.32685276796588414
0.34654913573354695
0.3278408773765389
0.32685276796588414
0.3268533902680544
0.326911587732585
0.32687808586756706
0.3268533902680544
0.326911587732585
0.3268533902680544
0.3268533902680544
0.3268533902680544
0.3268533902680544
0.9504594396517244
0.32687808586756706
0.3268533902680544
0.3268533902680544
0.3268533902680544
0.32685276796588414
0.3268533902680544
0.3268533902680544
0.3268533902680544
0.3268533902680544
0.3268533902680544
0.3268533902680544
0.32922477174485354
0.3268533902680544
0.3268533902680544
0.32685276796588414
0.32685276796588414
0.3268533902680544
0.3268533902680544
0.32685276796588414
0.32685276796588414
0.3268533902680544
0.32685276796588414
0.3268533902680544
0.3268533902680544
0.3268533902680544
0.32685276796588414
1.4414520288760948
0.3268533902680544
0.3385382442396946
0.3268533902680544
0.3268533902680544
0.3268533902680544
0.3268533902680544
0.32685276796588414
0.3268533902680544
0.3268533902680544
0.34654913573354695
0.8917843521830551
0.3268533902680544
0.3268533902680544
0.3268533902680544
0.32685276796588414
0.3268533902680544
0.32685276796588414
0.4242869981129621
0.3268533902680544
0.3268533902680544
0.32685276796588414
0.32685276796588414
0.5668306098571383
0.32685276796588414
0.3268533902680544
0.32687808586756706
0.3268533902680544
0.3268533902680544
0.3268526932079997
0.3278408773765389
0.3465497580357172
0.3268533902680544
0.3268533902680544
0.32685276796588414
0.3268533902680544
0.32685276796588414
0.3268533902680544
0.5534923605439964
0.32685276796588414
0.3268533902680544
0.3385382442396946
0.3268533902680544
0.3268533902680544
0.3268533902680544
0.3268533902680544
0.32687808586756706
0.32685276796588414
0.3268533902680544
0.3268533902680544
0.3268533902680544
0.3268533902680544
0.32685276796588414
0.3268533902680544
0.3268533902680544
0.3268533902680544
0.3268533902680544
0.3268533902680544
0.3268533902680544
0.32685276796588414
0.3268533902680544
0.3268533902680544
0.32685276796588414
0.3268533902680544
0.3268533902680544
0.3385382442396946
0.3268533902680544
0.32685276796588414
0.3268533902680544
0.3268533902680544
0.3268533902680544
0.3268533902680544
0.32685276796588414
0.3268533902680544
0.32685276796588414
0.3268533902680544
0.3268533902680544
0.3268533902680544
0.3268533902680544
0.3547235735017491
0.32685276796588414
0.32685276796588414
0.3268774635653968
0.3268533902680544
0.3268533902680544
0.32687102235128707
0.3268533902680544
0.3268533902680544
1.4414405447400374
0.3268533902680544
0.3268533902680544
0.3268533902680544
0.32693628333209773
0.3268533902680544
0.3268533902680544
0.3268533902680544
0.33856293983920727
0.3268533902680544
0.326911587732585
0.3268533902680544
0.3268533902680544
0.32685276796588414
0.32861344360165656
0.3268533902680544
0.32685276796588414
0.3268533902680544
0.3268533902680544
0.32685276796588414
0.3268533902680544
0.3268533902680544
0.3268533902680544
0.32685276796588414
0.3268533902680544
0.5821310374328834
0.3268533902680544
0.3268533902680544
0.32685276796588414
0.3268533902680544
0.3268533902680544
0.3268533902680544
0.3268533902680544
0.3268533902680544
0.3268533902680544
0.3268533902680544
0.34654913573354695
0.3268533902680544
0.5669688785170275
0.3268533902680544
0.3268533902680544
0.326911587732585
0.32685276796588414
0.32691096543041476
0.3268533902680544
0.3268533902680544
0.3268533902680544
0.3385382442396946
0.32685276796588414
0.3268533902680544
0.3268533902680544
0.3268533902680544
0.3268533902680544
0.3268533902680544
