0.3271606581458171
0.3271592414733713
0.32716003584364683
0.3271606581458171
0.32716003584364683
0.32716003584364683
0.32716003584364683
0.3271606581458171
0.33119007657791893
0.3271606581458171
0.32716003584364683
0.3271606581458171
0.3271833147707137
0.3271606581458171
0.34504295250226646
0.3271606581458171
0.3271833147707137
0.32716003584364683
0.3271592414733713
0.3271606581458171
0.32716003584364683
0.32716003584364683
0.3271606581458171
0.3271606581458171
0.3271606581458171
0.3309760956038137
0.32716074672727874
0.32716003584364683
0.3271606581458171
0.3271606581458171
0.3271606581458171
0.3271599523570031
1.5833501459331913
0.32716003584364683
0.3271606581458171
0.3271606581458171
0.32716003584364683
0.3271606581458171
0.32716003584364683
0.35964012699299264
0.3271606581458171
0.3271606581458171
0.32716003584364683
0.3271606581458171
0.32716003584364683
0.32716003584364683
0.7279004069234539
0.32716003584364683
0.3271592414733713
0.3271606581458171
0.359640038411531
0.32716003584364683
0.3271606581458171
0.3271606581458171
0.3271606581458171
0.3271606581458171
0.3312147721774316
0.32716003584364683
0.3271592414733713
0.32716003584364683
0.3271606581458171
0.32716003584364683
0.32716003584364683
0.32716003584364683
0.3309667954836476
0.32716003584364683
0.3271606581458171
0.3276052193034541
0.3271606581458171
0.3271606581458171
0.3271606581458171
0.3271606581458171
0.327161369029449
0.32717688878973494
0.3271606581458171
0.5298409560867731
0.32716003584364683
0.3271606581458171
0.3271592414733713
0.3271606581458171
0.3271606581458171
0.3271606581458171
0.327161369029449
0.3271606581458171
0.3271606581458171
0.3271592414733713
0.3271606581458171
0.3309760956038137
0.32716074672727874
0.3271606581458171
0.32716003584364683
0.32717751109190524
0.32716003584364683
0.3271593300548329
0.3271606581458171
0.32718606462896166
0.32716003584364683
0.327161369029449
0.32839923586725006
0.3276052193034541
0.32716074672727874
1.6201812703416374
0.562522179388985
0.34504295250226646
0.32716003584364683
0.32716003584364683
0.32716074672727874
0.327161369029449
0.32716003584364683
0.327161369029449
0.3271606581458171
0.3271833147707137
0.32716074672727874
0.32715861917120104
0.32716003584364683
0.32716003584364683
0.7419514034777435
0.3271606581458171
0.32716003584364683
0.3271606581458171
0.3271606581458171
0.3271606581458171
0.32716003584364683
0.32715861917120104
0.3271606581458171
0.3271606581458171
0.3520822427204475
0.3271606581458171
0.33099078019952843
0.32716003584364683
0.3271606581458171
0.32717688878973494
0.3271606581458171
0.3271606581458171
0.3271599523570031
0.3271606581458171
0.32716003584364683
0.3312000875817169
0.33818817732878625
0.327719637547496
0.32716003584364683
0.32716074672727874
0.32718606462896166
0.3271606581458171
0.3271606581458171
0.32716003584364683
0.3271606581458171
0.3271606581458171
0.32716003584364683
0.3271606581458171
0.5298714133537277
0.327161369029449
0.32716003584364683
0.3271592414733713
0.3271606581458171
0.32716074672727874
0.32983144375944545
0.32716003584364683
0.32716003584364683
0.3271606581458171
0.32716003584364683
1.6201819855371187
0.3271606581458171
0.3271606581458171
0.327161369029449
0.3271606581458171
0.3271606581458171
0.327161369029449
0.3298320660616157
0.3271606581458171
0.3271606581458171
1.6201819855371187
0.3638427312348484
0.3271606581458171
0.327161369029449
0.3503906271325926
0.3271606581458171
0.32715861917120104
0.32716003584364683
0.3271606581458171
0.32716003584364683
0.32716003584364683
0.3271593300548329
0.3271599523570031
0.32716003584364683
0.3271592414733713
0.3309768064874456
0.3271606581458171
0.32716003584364683
0.42526854046059287
0.32716003584364683
0.3271606581458171
0.327161369029449
0.3271606581458171
0.32716003584364683
0.32715861917120104
0.3298320660616157
0.32716003584364683
0.32716003584364683
0.32718393707288396
0.35966269503642756
0.3271606581458171
0.3271833147707137
0.3271606581458171
0.3312007984653488
0.32716074672727874
0.3271606581458171
0.32716003584364683
0.327161369029449
0.3271606581458171
0.3271606581458171
0.3271606581458171
0.32716003584364683
0.6544548934842114
0.32718535374532975
0.3271606581458171
0.32716074672727874
0.32716003584364683
0.3271606581458171
0.32716003584364683
0.32983144375944545
0.3271606581458171
0.3271606581458171
0.3271606581458171
0.3271599523570031
0.7279010149361418
0.3271606581458171
0.3271606581458171
0.327161369029449
0.32715861917120104
0.3596394161093607
0.327161369029449
0.32716003584364683
0.42531963746783985
0.32716003584364683
0.32716003584364683
0.327605930187086
0.3271606581458171
0.32716003584364683
0.5624916473641459
0.327161369029449
0.32716003584364683
0.3271606581458171
0.9880720511250425
0.3271606581458171
0.9880799718928676
0.32716003584364683
0.32718393707288396
0.32716003584364683
0.3271606581458171
0.327161369029449
0.3309768064874456
0.3271606581458171
0.3271606581458171
0.3271606581458171
0.32716003584364683
0.32716003584364683
0.32716003584364683
0.3271606581458171
0.5297646690067014
0.3271606581458171
0.3271606581458171
0.32716003584364683
0.32716003584364683
0.3271606581458171
0.327628498230521
0.32716074672727874
0.7279010936784176
0.3271606581458171
0.3271606581458171
0.32716003584364683
0.32716003584364683
0.3271840256543456
0.32716003584364683
0.3271606581458171
0.327161369029449
0.32716003584364683
0.3271606581458171
0.32716003584364683
0.327161369029449
0.32716003584364683
0.3271606581458171
0.3498294984100425
0.5298409560867731
0.3271833147707137
0.32716003584364683
0.32716003584364683
0.3271606581458171
0.3271833147707137
0.32718535374532975
0.32717751109190524
0.32716003584364683
0.3271606581458171
0.3271606581458171
0.32716003584364683
0.4561944416916739
0.32841742199914026
0.327161369029449
0.32715861917120104
0.32771759857287996
0.327719637547496
0.3271606581458171
0.3277450440306406
0.32716003584364683
0.3271606581458171
0.3271606581458171
0.327161369029449
0.3271833147707137
0.32716003584364683
0.7279010936784176
0.35157420194566635
0.32716003584364683
0.42526782957696097
0.3271592414733713
0.3271606581458171
0.3271606581458171
0.7420905823361899
0.3271606581458171
0.3271606581458171
0.32716003584364683
0.359640038411531
0.3271606581458171
0.3271606581458171
0.3271606581458171
0.32717547211728915
0.32716003584364683
0.3271606581458171
0.32716003584364683
0.3303931200262814
0.32716074672727874
0.3271606581458171
0.3271606581458171
0.3271606581458171
0.3271606581458171
0.32716003584364683
0.32716074672727874
0.3271606581458171
0.3271606581458171
0.3303924977241111
0.3271606581458171
1.620180763606604
0.3271592414733713
0.32716003584364683
0.32716003584364683
0.3271606581458171
0.32716003584364683
0.36073494081189095
0.32716074672727874
0.3271606581458171
0.3271606581458171
0.3271606581458171
0.3271606581458171
0.3271606581458171
0.32716003584364683
1.620180763606604
0.3309760956038137
0.3271606581458171
0.32717751109190524
0.3271606581458171
0.32716074672727874
0.32716003584364683
0.3271606581458171
0.5298714133537277
0.3271606581458171
0.327161369029449
0.32716003584364683
0.32716003584364683
0.4569252065309294
0.3271606581458171
0.32715861917120104
0.3271606581458171
0.3276220722495422
0.3271606581458171
0.327719637547496
0.327161369029449
0.3271592414733713
0.3271833147707137
0.3271606581458171
0.3271606581458171
0.3271606581458171
0.32716003584364683
0.32715861917120104
0.327161369029449
0.3271606581458171
0.32716003584364683
0.32718393707288396
0.3271606581458171
0.32716003584364683
0.32716003584364683
0.3271606581458171
0.32716003584364683
1.6201807375075834
0.3271599523570031
0.3271592414733713
0.3271606581458171
0.32716003584364683
0.32716003584364683
0.32716003584364683
0.32715861917120104
0.3271606581458171
0.3271606581458171
0.3271606581458171
0.9880799718928676
0.32715861917120104
0.32715861917120104
0.3271606581458171
0.327161369029449
0.3271606581458171
0.32717547211728915
0.32716003584364683
0.32716003584364683
0.327719637547496
0.32716074672727874
0.32716003584364683
0.32716003584364683
0.32716074672727874
0.32716003584364683
0.3725868690141501
0.32718393707288396
0.3636701677272647
0.32716003584364683
0.32716003584364683
0.3271592414733713
0.32716003584364683
0.327161369029449
0.32716003584364683
0.3271606581458171
0.3271606581458171
0.3271606581458171
0.35039117467687847
0.3638174133331655
0.327719637547496
0.32716003584364683
0.3276299149029668
0.6891297049337389
0.3271592414733713
0.3271606581458171
0.32716003584364683
0.32716003584364683
0.32716003584364683
0.32716074672727874
0.327161369029449
0.3271606581458171
0.32718464795651586
0.32715861917120104
0.37205116853953807
0.3271606581458171
0.3271599523570031
0.3271833147707137
0.32718535374532975
0.32716003584364683
0.3271606581458171
0.3271606581458171
0.3271593300548329
0.32716003584364683
0.32716003584364683
0.327161369029449
0.32716003584364683
0.3271606581458171
0.32716074672727874
0.3498294984100425
0.3271606581458171
0.32716074672727874
0.32716003584364683
0.32716003584364683
0.32716003584364683
0.3271592414733713
0.327161369029449
0.32716003584364683
0.3298320660616157
0.32716003584364683
0.3456019319039454
0.3271599523570031
0.3271606581458171
0.3271606581458171
0.3271606581458171
0.32716074672727874
0.32716074672727874
0.32771901524532576
0.3271606581458171
0.3271606581458171
0.3271606581458171
0.7547045045812639
0.3271606581458171
0.32716003584364683
0.33099078019952843
0.32716003584364683
0.32716003584364683
0.32716074672727874
0.9886309926337133
0.3271606581458171
0.32716003584364683
0.3271606581458171
0.3271606581458171
0.3271606581458171
1.620170220404379
0.327161369029449
0.32716003584364683
0.3271606581458171
0.3271606581458171
0.3271606581458171
0.3271606581458171
0.3271840256543456
0.32716003584364683
0.33096608460001575
0.3271606581458171
0.32715861917120104
0.3271606581458171
0.32716003584364683
0.3271592414733713
0.32716003584364683
0.32715861917120104
0.32715861917120104
0.32716003584364683
0.3271599523570031
0.3271606581458171
0.32716003584364683
0.42599859441621646
0.32760380263100825
0.327161369029449
0.3271592414733713
0.32716003584364683
0.3271606581458171
0.3271592414733713
0.32716003584364683
0.32717751109190524
0.32716003584364683
0.32716003584364683
0.32716003584364683
0.5408757705960823
0.3271606581458171
0.35964012699299264
0.32841608881333817
0.32716003584364683
0.3271606581458171
0.32716003584364683
0.3271606581458171
0.3271606581458171
0.32716074672727874
0.3271606581458171
0.32718535374532975
0.33119007657791893
1.620180763606604
0.42526782957696097
0.327161369029449
0.32718393707288396
0.32716003584364683
0.3271606581458171
0.32716003584364683
0.3271606581458171
1.620180763606604
0.3271606581458171
1.620180763606604
0.3271606581458171
0.32716003584364683
0.3271606581458171
0.34560264278757735
0.32841467214089237
0.3271606581458171
0.327161369029449
0.32716003584364683
0.32717688878973494
0.3271606581458171
1.2607260668922349
0.32716003584364683
0.36019910639467156
0.3271833147707137
0.3498301207122128
0.32716003584364683
0.327161369029449
0.3271606581458171
0.32716003584364683
0.562600529219211
0.32716074672727874
0.32716003584364683
0.3276052193034541
0.32716003584364683
0.32716003584364683
0.35964012699299264
0.32716003584364683
0.3271606581458171
0.32716003584364683
0.3271606581458171
0.3271606581458171
0.32716003584364683
0.3271606581458171
0.32716003584364683
0.3271606581458171
0.3271606581458171
0.32715861917120104
0.32716003584364683
0.32717751109190524
0.3271592414733713
0.9880799718928676
0.3271606581458171
0.32716074672727874
0.3271606581458171
0.3271606581458171
0.327161369029449
0.3271840256543456
0.32716003584364683
0.32718393707288396
0.32716003584364683
0.3271606581458171
0.32718393707288396
0.3271606581458171
0.3271606581458171
0.689161410920943
0.5625221046311004
0.3271840256543456
0.32716003584364683
0.32715861917120104
0.329773868597085
0.32760584160562434
0.3283978191948042
0.32716003584364683
0.9880456174172543
0.32716074672727874
0.3450423302000963
0.32716074672727874
0.3450423302000963
0.32718393707288396
0.3271606581458171
0.32716003584364683
0.32716003584364683
0.3271606581458171
0.32715861917120104
0.3271833147707137
0.32716003584364683
1.6201710342351152
0.3271606581458171
0.32716003584364683
0.32718393707288396
0.3271606581458171
0.3271606581458171
0.32716003584364683
0.3638174133331655
0.32716074672727874
0.3271606581458171
0.3596407492951629
0.3271592414733713
0.32716003584364683
0.32716003584364683
0.3271606581458171
0.32716003584364683
0.32716003584364683
0.3271606581458171
0.3271606581458171
0.3271592414733713
0.3271606581458171
0.32716003584364683
0.32715861917120104
0.32716003584364683
0.3271606581458171
0.3271606581458171
0.3271606581458171
0.32716003584364683
0.3271606581458171
0.3271606581458171
0.32717751109190524
0.32839985816942024
0.359640038411531
0.327719637547496
0.34560130960177515
0.3271606581458171
0.32716074672727874
0.32715861917120104
0.3271606581458171
0.3271606581458171
0.3271606581458171
0.32716003584364683
0.3271606581458171
0.327719637547496
0.7557613849691184
0.32716003584364683
0.3271833147707137
0.3271606581458171
0.32716003584364683
0.9880535381850795
0.36008531045279984
0.32716003584364683
0.32716074672727874
0.32715861917120104
0.32716003584364683
0.7419514034777435
0.3303931200262814
0.3271606581458171
0.32716074672727874
0.32716003584364683
0.32716003584364683
0.327161369029449
0.32716003584364683
0.32718393707288396
0.32716003584364683
0.32718464795651586
0.32716003584364683
0.32771972612895767
0.32716003584364683
0.3271782219755371
0.32716003584364683
0.32716003584364683
0.3271847314431595
0.327161369029449
0.3271606581458171
0.3271847314431595
0.3271606581458171
0.32716074672727874
0.32716003584364683
0.3271593300548329
1.7611502815181892
0.7014724924768765
0.32716003584364683
0.3271592414733713
0.327161369029449
0.327161369029449
0.3271606581458171
0.3504081844579409
0.32716074672727874
0.32715861917120104
0.4252982868439156
0.3276044249331785
0.327161369029449
0.3271847314431595
0.689161410920943
0.3271606581458171
0.32716003584364683
0.32717751109190524
0.327161369029449
0.32716003584364683
0.3456019319039454
0.32716074672727874
0.32716003584364683
0.327719637547496
0.32771901524532576
0.3271592414733713
0.32715861917120104
0.3271606581458171
0.32716003584364683
0.32716003584364683
0.327161369029449
0.3271606581458171
0.32716003584364683
0.3271606581458171
0.32716003584364683
0.32716003584364683
0.32716003584364683
0.3676334730933323
0.3271606581458171
0.327161369029449
0.32771901524532576
0.3271606581458171
0.3271606581458171
0.34548761971052055
0.32716003584364683
0.32716003584364683
0.32715861917120104
0.3271606581458171
0.32718464795651586
0.3271606581458171
0.32716074672727874
0.3271606581458171
0.3271847314431595
0.32716003584364683
0.3596386217390852
0.32716003584364683
0.32716003584364683
0.891213403421425
0.32771901524532576
0.32716003584364683
0.32716074672727874
0.32716003584364683
0.327161369029449
0.3271592414733713
0.3271606581458171
0.3271606581458171
0.4252943555000325
0.3638159966607196
0.3271592414733713
0.32715861917120104
0.32983144375944545
0.3271606581458171
0.32715861917120104
0.3271592414733713
0.3271593300548329
0.3271606581458171
0.32716003584364683
0.3596379994369149
0.32716003584364683
0.32716003584364683
0.3271606581458171
0.32716003584364683
0.32716003584364683
0.3271606581458171
0.45695566379788394
0.3271606581458171
0.3271606581458171
0.32716003584364683
0.3271606581458171
1.620180763606604
0.327161369029449
0.3271606581458171
0.35039117467687847
0.3271592414733713
0.5624917221220304
0.32716003584364683
0.3271606581458171
0.7279010936784176
0.3271847314431595
0.3312000875817169
0.35157420194566635
0.3271606581458171
0.32716003584364683
0.3271833147707137
0.3271599523570031
0.33096608460001575
0.32716003584364683
0.327161369029449
0.32716003584364683
0.327161369029449
0.32718464795651586
0.32716003584364683
0.3271592414733713
0.3271606581458171
0.3271833147707137
0.32718393707288396
0.3271606581458171
0.32718393707288396
0.3271592414733713
0.3271606581458171
0.32716003584364683
0.327161369029449
0.3596407492951629
0.32716003584364683
0.327161369029449
0.3271847314431595
0.3450436633858984
0.3450423302000963
0.32716003584364683
0.3271606581458171
0.33096608460001575
0.32715861917120104
0.359640038411531
0.32716003584364683
0.32717688878973494
0.6891297049337389
0.32716003584364683
0.3271833147707137
0.32716003584364683
0.3312133555049858
0.3271606581458171
0.32716003584364683
0.3271606581458171
0.3271593300548329
0.5298409560867731
0.3271606581458171
0.32716074672727874
0.34562592171464424
0.3271592414733713
0.32716003584364683
0.34560130960177515
0.32716003584364683
0.32716003584364683
0.327161369029449
0.3271606581458171
0.3271606581458171
0.3271606581458171
0.32716003584364683
0.32716003584364683
1.6201698123046004
0.3271606581458171
0.32716003584364683
0.3271606581458171
0.3271606581458171
0.327161369029449
0.3271599523570031
0.3271592414733713
0.3271606581458171
0.3271833147707137
0.32716003584364683
0.9880732722649073
0.327161369029449
0.32716003584364683
0.32716003584364683
0.327161369029449
0.32716003584364683
0.32716003584364683
0.32716003584364683
0.32716003584364683
0.32716003584364683
0.42526782957696097
0.32983144375944545
0.3271592414733713
0.3271592414733713
0.3271833147707137
0.32716003584364683
0.3271606581458171
0.3271606581458171
0.32841608881333817
0.3271606581458171
0.3271606581458171
0.3271592414733713
0.32716003584364683
0.3271606581458171
0.32716074672727874
0.32716003584364683
0.3271606581458171
0.3271606581458171
0.32716003584364683
0.7279238813831017
0.3271847314431595
0.34506560912716316
0.3271606581458171
0.327161369029449
0.32716003584364683
0.3271606581458171
0.3271606581458171
0.32716074672727874
0.32717759967336685
0.3271606581458171
0.3271606581458171
0.32718393707288396
0.32716003584364683
0.34505980544835463
1.6201698123046004
0.32716003584364683
0.32716003584364683
0.3271606581458171
0.32716074672727874
0.3271592414733713
0.34504153582982067
0.32716003584364683
0.3271606581458171
0.32715861917120104
0.3271833147707137
0.3271606581458171
0.327161369029449
0.34560130960177515
0.3271606581458171
0.32716003584364683
0.32716003584364683
0.32718535374532975
0.3312000875817169
0.32716003584364683
0.7278997937962769
0.3456005152314996
0.32839923586725006
0.32716003584364683
1.6201819855371187
0.32716003584364683
0.3271833147707137
0.3271606581458171
0.3271760944194594
0.32715861917120104
0.32839844149697445
0.32716003584364683
0.32716074672727874
0.32716003584364683
0.3271599523570031
0.32716003584364683
0.32716003584364683
0.33096608460001575
0.3271606581458171
0.32716074672727874
0.32716003584364683
0.32715861917120104
0.3596393326227171
0.3865152645750344
0.32760584160562434
0.32716003584364683
0.3271606581458171
1.620180763606604
0.32718393707288396
0.32716003584364683
0.3271606581458171
0.32716003584364683
0.32715861917120104
0.3271606581458171
0.32716003584364683
0.32716003584364683
0.32716003584364683
0.32718464795651586
0.32716074672727874
0.3271606581458171
0.32715861917120104
0.3271606581458171
0.32718535374532975
0.3271606581458171
0.32716003584364683
0.3271606581458171
0.32716003584364683
0.35039124943476285
0.33119007657791893
0.32716003584364683
0.7280388939124474
0.3271833147707137
0.32716003584364683
0.3271606581458171
0.32716074672727874
0.32716003584364683
0.3309760956038137
