0.3271593300548329
0.3271606581458171
0.3271593300548329
0.32716003584364683
0.3271606581458171
0.3271606581458171
0.3271592414733713
0.9880456174172543
0.32716003584364683
0.32718464795651586
0.32716003584364683
0.32716074672727874
0.32716003584364683
0.3271606581458171
0.3271606581458171
0.3271606581458171
0.3271606581458171
0.32716003584364683
0.32716003584364683
0.32715861917120104
0.32715861917120104
0.3450436633858984
0.3271606581458171
0.32716003584364683
0.32716003584364683
0.3271606581458171
0.3271606581458171
0.32716003584364683
0.32716074672727874
0.32716003584364683
0.3271606581458171
0.3503329772123478
0.32716003584364683
0.3271606581458171
0.327161369029449
0.3271606581458171
0.3271606581458171
0.3271606581458171
0.327161369029449
0.32716074672727874
0.3271606581458171
0.3271606581458171
0.3271606581458171
0.32716074672727874
0.3456019319039454
0.3271606581458171
0.562522179388985
0.3271606581458171
0.32716003584364683
0.32716003584364683
0.32716003584364683
0.3271606581458171
0.32716003584364683
0.5297342864976313
0.3271606581458171
0.32717688878973494
0.3271606581458171
0.32716074672727874
0.32716003584364683
0.32716074672727874
0.32717751109190524
0.3271606581458171
0.3271606581458171
0.32716003584364683
0.3271606581458171
0.32716003584364683
0.3271606581458171
0.32715861917120104
0.3271606581458171
0.32716003584364683
0.32716074672727874
0.3271592414733713
0.32716003584364683
0.7278997937962769
0.3271606581458171
0.32716003584364683
0.3271599523570031
0.327161369029449
0.32715861917120104
0.3271833147707137
0.3271606581458171
0.32716003584364683
0.3271606581458171
0.327161369029449
0.34504153582982067
0.3271606581458171
0.32716074672727874
0.32716003584364683
0.32716003584364683
0.32716003584364683
0.32716003584364683
0.32715861917120104
1.620170220404379
0.3271606581458171
0.3271606581458171
0.32715861917120104
0.7279004069234539
0.32716074672727874
0.35033235491017756
0.3271606581458171
0.3271606581458171
0.32716003584364683
0.32716003584364683
0.3271606581458171
0.327161369029449
0.32718393707288396
0.3271599523570031
0.3271592414733713
0.32716003584364683
0.32716074672727874
0.3271592414733713
0.32716003584364683
0.7279010149361418
0.32716003584364683
0.3271606581458171
0.32716003584364683
0.3271606581458171
0.32718393707288396
0.32716003584364683
0.42599859441621646
0.3271606581458171
0.32716003584364683
0.327161369029449
0.3271606581458171
0.3271782219755371
0.3271847314431595
0.32718393707288396
0.3271592414733713
0.3271606581458171
0.3271606581458171
0.32716003584364683
0.32716003584364683
0.32716074672727874
0.327161369029449
0.32716003584364683
0.32716003584364683
0.32716003584364683
0.32718393707288396
0.3271606581458171
0.3271606581458171
0.32716074672727874
0.3271592414733713
0.3271606581458171
0.3271606581458171
0.32716003584364683
0.32716074672727874
0.32716003584364683
0.32716003584364683
0.3271606581458171
0.32716074672727874
0.32716003584364683
0.32716003584364683
0.32716003584364683
0.32716003584364683
0.32716003584364683
0.3271606581458171
0.32716003584364683
0.32716003584364683
0.3271606581458171
0.327161369029449
0.3271606581458171
0.32716074672727874
0.3271606581458171
0.32716003584364683
0.32716074672727874
0.3271606581458171
0.32716003584364683
0.3271606581458171
0.32716074672727874
0.3271606581458171
0.3271606581458171
0.32716003584364683
0.3271606581458171
0.3456019319039454
0.327161369029449
0.562522179388985
0.3271599523570031
0.32716003584364683
0.3271592414733713
0.32716003584364683
0.3271606581458171
0.5298714881116121
0.3309760956038137
0.3271606581458171
0.327161369029449
0.3271606581458171
0.32716003584364683
0.3271606581458171
0.32716003584364683
0.3271606581458171
0.32716074672727874
0.32716003584364683
0.32716003584364683
0.32716074672727874
0.3271606581458171
0.3271606581458171
0.3271606581458171
0.32716003584364683
0.359640038411531
0.32716003584364683
0.3271833147707137
0.32716003584364683
0.32716003584364683
0.32716003584364683
0.3271599523570031
0.32716003584364683
0.3271606581458171
0.32716003584364683
0.3271606581458171
0.32716003584364683
0.32716003584364683
0.32716003584364683
0.32716003584364683
0.3271606581458171
0.3271606581458171
0.32716003584364683
0.3271833147707137
0.5298409560867731
0.32716003584364683
0.3271606581458171
0.32716003584364683
0.327161369029449
0.3271606581458171
0.327161369029449
0.3271606581458171
0.3271606581458171
0.32716003584364683
0.3271606581458171
0.32716074672727874
0.32716003584364683
0.32716003584364683
0.3271606581458171
0.3271840256543456
0.32716074672727874
0.32716074672727874
0.32718393707288396
0.327161369029449
0.3271606581458171
0.3271606581458171
0.3271606581458171
0.3271606581458171
0.32716003584364683
0.6891882787211245
0.3271606581458171
0.32716074672727874
0.32716003584364683
0.32716003584364683
0.3596407492951629
0.32716003584364683
0.3271606581458171
0.3271606581458171
0.3271599523570031
0.32716074672727874
0.32716003584364683
0.32715861917120104
0.3271606581458171
0.3271606581458171
0.3271606581458171
0.32716003584364683
0.32716003584364683
0.32716074672727874
0.3271606581458171
0.32716003584364683
0.3271840256543456
0.32716003584364683
0.3271606581458171
0.3271847314431595
0.3271606581458171
0.3271833147707137
0.32716003584364683
0.32716003584364683
0.32716003584364683
0.327161369029449
0.3271606581458171
0.3271606581458171
0.3271606581458171
0.32716003584364683
0.3271606581458171
0.32716003584364683
0.32715861917120104
0.32716003584364683
0.3271833147707137
0.32716003584364683
0.3271593300548329
0.3271606581458171
0.32716003584364683
0.3271606581458171
0.3271606581458171
0.3271606581458171
0.32716003584364683
0.32716003584364683
0.3271606581458171
0.3271606581458171
0.32715861917120104
0.3271606581458171
0.3271833147707137
0.3271592414733713
0.32715861917120104
0.3271606581458171
0.32716003584364683
0.32716003584364683
0.3271592414733713
0.3271606581458171
0.3271606581458171
0.32716003584364683
0.3271606581458171
0.3271606581458171
0.32716003584364683
0.33119007657791893
0.3271606581458171
0.3271840256543456
0.3271606581458171
0.32718464795651586
0.3271606581458171
0.3271606581458171
0.3271606581458171
0.32716074672727874
0.32718393707288396
0.32718393707288396
0.32716003584364683
0.32716003584364683
0.32716003584364683
0.3271606581458171
0.32716074672727874
0.33096608460001575
0.32716003584364683
0.32716003584364683
0.32716003584364683
0.3271606581458171
0.35964012699299264
0.33100150208695833
0.3271606581458171
0.32716003584364683
0.3271606581458171
0.32716003584364683
0.32716003584364683
0.32716003584364683
0.3271606581458171
0.32716003584364683
0.3271606581458171
0.327161369029449
0.32716003584364683
0.3271606581458171
0.3271592414733713
0.3271606581458171
0.3612959947765566
0.32716003584364683
0.3271592414733713
0.3271606581458171
0.3271606581458171
0.3271606581458171
0.32715861917120104
0.32716003584364683
0.3271606581458171
0.32716003584364683
0.3271606581458171
0.327161369029449
0.3271606581458171
0.3271606581458171
0.32716003584364683
0.32716003584364683
0.3638174133331655
0.3271833147707137
0.3271606581458171
0.3271606581458171
0.32716003584364683
0.32716003584364683
0.32716003584364683
0.32716003584364683
0.3271606581458171
0.32716003584364683
0.3271592414733713
0.3271606581458171
0.3271606581458171
0.32716003584364683
0.32715861917120104
0.3271606581458171
0.3271592414733713
0.3271606581458171
0.32716003584364683
0.32716003584364683
0.32716003584364683
0.32716003584364683
0.38432999299390574
0.327161369029449
0.32716003584364683
0.3271606581458171
0.32718464795651586
0.32716003584364683
0.3271606581458171
0.32716003584364683
0.3271606581458171
0.32716003584364683
0.32715861917120104
0.32716003584364683
0.327161369029449
0.32718535374532975
0.3271606581458171
0.32717751109190524
0.32716003584364683
0.32716003584364683
0.32716003584364683
0.3271606581458171
0.3271606581458171
0.32716003584364683
0.32716003584364683
0.32716003584364683
0.32716074672727874
0.32716003584364683
0.32716003584364683
0.32718393707288396
0.32716003584364683
0.32716003584364683
0.3271606581458171
0.32716003584364683
0.32716003584364683
0.6902182913087973
0.32718393707288396
0.32715861917120104
0.32716003584364683
0.32716003584364683
0.3271606581458171
0.3596407492951629
0.3271606581458171
0.32716003584364683
0.3271606581458171
0.3271606581458171
0.3271606581458171
0.3271606581458171
0.32715861917120104
0.3271606581458171
0.32716003584364683
0.3271606581458171
0.32716003584364683
0.32716003584364683
0.3271606581458171
0.3271606581458171
0.32716074672727874
0.32716003584364683
0.3271592414733713
0.3271854423267914
0.32716074672727874
0.3271606581458171
0.32716003584364683
0.3271606581458171
0.3271606581458171
0.32715861917120104
0.32715861917120104
0.32718535374532975
0.32716003584364683
0.3271847314431595
0.3271606581458171
0.3271606581458171
0.3271606581458171
0.32716003584364683
0.7279010936784176
0.3271606581458171
0.32716003584364683
0.32716003584364683
0.32716003584364683
0.32716003584364683
0.3271606581458171
0.3271606581458171
0.3271592414733713
0.3271606581458171
0.3271606581458171
0.32716074672727874
0.32716003584364683
0.3271833147707137
0.32716003584364683
0.327161369029449
0.32716074672727874
0.32717751109190524
0.32716003584364683
0.32717751109190524
0.3271606581458171
0.3271606581458171
0.32716003584364683
0.3271840256543456
0.3271606581458171
0.3271606581458171
0.327161369029449
0.3271606581458171
0.3271606581458171
0.32716003584364683
0.3271606581458171
0.32716003584364683
0.32716003584364683
0.32716003584364683
0.3271606581458171
0.3271592414733713
0.3271592414733713
0.327161369029449
0.3271606581458171
0.3271606581458171
0.32716003584364683
0.3271606581458171
0.3271606581458171
0.3271606581458171
0.3271606581458171
0.32717688878973494
0.32716003584364683
0.32716003584364683
0.3271606581458171
0.3271606581458171
0.3271606581458171
0.32716003584364683
0.32716003584364683
0.3271847314431595
0.3271606581458171
0.32716074672727874
0.3271606581458171
0.327161369029449
0.3271606581458171
0.32716003584364683
0.32716003584364683
0.32716003584364683
0.32717688878973494
0.32716003584364683
1.6201812703416374
0.3271593300548329
0.32717751109190524
0.32716003584364683
0.327161369029449
0.3271606581458171
0.3271606581458171
0.32716003584364683
0.32716003584364683
0.3271593300548329
0.4252982868439156
0.3271606581458171
0.327161369029449
0.32716003584364683
0.3271606581458171
0.32716074672727874
0.3271606581458171
0.3271606581458171
0.3271606581458171
0.3271606581458171
0.327161369029449
0.32716003584364683
0.32716003584364683
0.327161369029449
0.3303924977241111
0.32716003584364683
0.3271606581458171
0.32716003584364683
0.3271606581458171
0.3271782219755371
0.32716074672727874
0.3271833147707137
0.32716074672727874
0.3271606581458171
0.3271606581458171
0.32716003584364683
0.3271606581458171
0.32716003584364683
0.32716003584364683
0.32716003584364683
0.3271606581458171
0.3271606581458171
0.3271606581458171
0.32716003584364683
0.32716003584364683
0.3271606581458171
0.32716003584364683
0.32716003584364683
0.327161369029449
0.327161369029449
0.3312000875817169
0.327161369029449
0.3271606581458171
0.3271606581458171
0.32716003584364683
0.32716003584364683
0.32716003584364683
0.32716003584364683
0.3271833147707137
0.3271606581458171
0.33119007657791893
0.32716074672727874
0.32716003584364683
0.3271606581458171
0.32715861917120104
0.3271606581458171
0.3271606581458171
0.32716003584364683
0.3271606581458171
0.3271606581458171
0.32716074672727874
0.3271593300548329
0.3271606581458171
0.327161369029449
0.3271840256543456
0.32716003584364683
0.3271606581458171
0.3276052193034541
0.32716003584364683
0.3271606581458171
0.32716074672727874
0.3271592414733713
0.32716003584364683
0.3271606581458171
0.32715861917120104
0.32716003584364683
0.327161369029449
0.3271592414733713
0.3271606581458171
0.3271606581458171
0.327161369029449
0.32716003584364683
0.3271606581458171
0.32716074672727874
0.32716003584364683
0.32716003584364683
0.32716003584364683
0.32716003584364683
0.3271606581458171
0.327161369029449
0.32716003584364683
0.3271606581458171
0.3271606581458171
0.32716003584364683
0.32716003584364683
0.3271606581458171
0.32716003584364683
0.32718535374532975
0.32716003584364683
0.3271606581458171
0.3271592414733713
0.3271606581458171
0.32716003584364683
0.327161369029449
0.32716003584364683
0.32716003584364683
0.6891889896047564
0.32716003584364683
0.32716074672727874
0.3271592414733713
0.32716003584364683
0.3271606581458171
0.3271606581458171
0.32716003584364683
0.32715861917120104
0.32716074672727874
0.327161369029449
0.3271606581458171
0.32716003584364683
0.32716074672727874
0.32716003584364683
0.3271606581458171
0.7279010936784176
0.327161369029449
0.327161369029449
0.32716003584364683
0.32718535374532975
0.3271606581458171
0.32716003584364683
0.3271606581458171
0.327161369029449
0.32716003584364683
0.3271606581458171
0.3271606581458171
0.32716003584364683
0.3271606581458171
0.32716003584364683
0.3271606581458171
0.3271606581458171
0.32716003584364683
0.32715861917120104
0.32718535374532975
0.3271606581458171
0.32716003584364683
0.32715861917120104
0.32716003584364683
0.3271606581458171
0.3271606581458171
0.32718393707288396
0.3271606581458171
0.3271606581458171
0.32716003584364683
0.327161369029449
0.3271606581458171
0.32716003584364683
0.32717751109190524
0.32718464795651586
0.3271606581458171
0.3271606581458171
0.32716003584364683
0.3271606581458171
0.3271592414733713
0.3271606581458171
0.3271606581458171
0.32716003584364683
0.32716003584364683
0.32716074672727874
0.32716003584364683
0.3271606581458171
0.3271606581458171
0.32718393707288396
0.3271606581458171
0.32716003584364683
0.3271606581458171
0.3271606581458171
0.327161369029449
0.3271592414733713
0.32716003584364683
0.3271606581458171
0.32716003584364683
0.3271606581458171
0.32715861917120104
0.3271606581458171
0.3271606581458171
0.32716003584364683
0.3271606581458171
0.3271606581458171
0.3271606581458171
0.32716003584364683
0.3271833147707137
0.359640038411531
0.32716003584364683
0.3271606581458171
0.32716003584364683
0.327161369029449
0.32716003584364683
0.32716003584364683
0.3271606581458171
0.3271606581458171
0.327161369029449
0.32716003584364683
0.32716003584364683
0.32716003584364683
0.3271592414733713
0.3271606581458171
0.327161369029449
0.3271606581458171
0.32716003584364683
0.32716003584364683
0.3271606581458171
0.32717688878973494
0.32716003584364683
0.32716003584364683
0.32716003584364683
0.3271606581458171
0.3271606581458171
0.32716003584364683
0.3271606581458171
0.3271606581458171
0.32716074672727874
0.32716003584364683
0.32716074672727874
0.3284399900425753
0.34559989292932936
0.3271592414733713
0.32716003584364683
0.327161369029449
0.3271606581458171
0.3271606581458171
0.32716003584364683
0.327161369029449
0.3271592414733713
0.32716003584364683
0.32716003584364683
0.32716003584364683
0.3271833147707137
0.3271606581458171
0.3271606581458171
0.32716003584364683
0.32716003584364683
0.32715861917120104
0.3271606581458171
0.3271606581458171
0.32718393707288396
0.32715861917120104
0.32716074672727874
0.32716003584364683
0.3271606581458171
0.32716003584364683
0.3271592414733713
0.32718464795651586
0.3271606581458171
0.32716003584364683
0.3271606581458171
0.32716074672727874
0.32716003584364683
0.3271606581458171
0.3271606581458171
0.3271782219755371
0.32716074672727874
0.32716003584364683
0.3271606581458171
0.3271606581458171
0.3271606581458171
0.32715861917120104
0.3312000875817169
0.3271606581458171
0.32716003584364683
0.32716003584364683
0.32716003584364683
0.327161369029449
0.3271606581458171
0.32716074672727874
0.32716003584364683
0.32715861917120104
0.32716003584364683
0.32716003584364683
0.3271606581458171
0.3298320660616157
0.32717688878973494
0.32718393707288396
0.32718464795651586
0.327161369029449
0.3271606581458171
0.7419527033598842
0.32716003584364683
0.3271592414733713
0.32716003584364683
0.32716074672727874
0.32716003584364683
0.3271606581458171
0.3271606581458171
0.3271606581458171
0.32717751109190524
0.32716074672727874
0.3271606581458171
0.32716003584364683
0.32718535374532975
0.32716003584364683
0.3271606581458171
0.327161369029449
0.3271606581458171
0.32716003584364683
0.32716003584364683
0.32760584160562434
0.32716003584364683
0.3271606581458171
0.3271606581458171
0.32716003584364683
0.3271606581458171
0.32716074672727874
0.3271606581458171
0.3271606581458171
0.3271606581458171
0.3271606581458171
0.3271606581458171
0.32716003584364683
0.3271606581458171
0.327161369029449
0.32716003584364683
0.3271592414733713
0.32716003584364683
0.32716003584364683
0.32716003584364683
0.327161369029449
0.32716003584364683
0.3271606581458171
0.3271606581458171
0.3271606581458171
0.3271606581458171
0.32716074672727874
0.3271606581458171
0.32716003584364683
0.32716003584364683
0.32716003584364683
0.32718393707288396
0.3271606581458171
0.32716003584364683
0.3271599523570031
0.3271606581458171
0.3271606581458171
0.32716003584364683
0.327161369029449
0.3271606581458171
0.3271606581458171
0.3271833147707137
0.7279023148182826
0.3271782219755371
0.3271606581458171
0.3596393326227171
0.32716003584364683
0.3271606581458171
0.32716003584364683
0.32716074672727874
0.3271606581458171
0.3271606581458171
0.3271606581458171
0.32716003584364683
0.3271606581458171
0.32716074672727874
0.327719637547496
0.32718464795651586
0.32716003584364683
0.32716074672727874
0.32716003584364683
0.32716003584364683
0.32716003584364683
0.3271606581458171
0.32715861917120104
0.32716003584364683
0.32716003584364683
0.32716003584364683
0.32716003584364683
0.32716003584364683
0.32716003584364683
0.32716003584364683
0.3271593300548329
0.3271592414733713
0.32716003584364683
0.5298714133537277
0.32716003584364683
0.32715861917120104
0.327161369029449
0.32717751109190524
0.3271606581458171
0.32718535374532975
0.32717751109190524
0.32716074672727874
0.32715861917120104
0.32716003584364683
0.32716003584364683
0.32716003584364683
0.3272015843892476
0.32716003584364683
0.3271606581458171
0.3271606581458171
0.3271606581458171
0.32716003584364683
0.32716003584364683
0.32716003584364683
0.3271606581458171
0.3271606581458171
0.3271606581458171
0.3271606581458171
0.3271606581458171
0.32715861917120104
0.3271606581458171
0.32715861917120104
0.32717688878973494
0.3271606581458171
0.32715861917120104
0.327719637547496
0.3271606581458171
0.3271606581458171
0.32716003584364683
0.32716003584364683
0.32718393707288396
0.32718464795651586
0.3271606581458171
0.3271606581458171
0.32716003584364683
0.32716003584364683
0.32716003584364683
0.3271606581458171
0.32716003584364683
0.32717751109190524
0.3276052193034541
0.3271592414733713
0.3271606581458171
0.32716003584364683
0.3271606581458171
0.32716003584364683
0.32715861917120104
0.32716074672727874
0.3271606581458171
0.32716074672727874
0.32715861917120104
0.327161369029449
0.3271606581458171
0.3271606581458171
0.3271847314431595
0.32716003584364683
0.32716003584364683
0.32716003584364683
0.32716003584364683
0.32716003584364683
0.3271606581458171
0.5624917221220304
0.32716074672727874
0.32716003584364683
0.32716074672727874
0.32716003584364683
0.32716003584364683
0.3271606581458171
0.42526782957696097
0.32716003584364683
0.3271606581458171
0.32716074672727874
0.32716003584364683
0.32716003584364683
0.32716003584364683
0.32716003584364683
0.3271606581458171
0.3271606581458171
0.32716003584364683
0.32716003584364683
0.32716003584364683
0.3271606581458171
0.32716003584364683
0.3271592414733713
0.3271606581458171
