0.32685276796588414
0.32685276796588414
0.32693566102992744
0.32685276796588414
0.3737294333988432
0.32685331551016994
0.3268526932079997
0.3268526932079997
0.3269108906725303
0.32685276796588414
0.32685276796588414
0.5239049676172
0.3268526932079997
0.32784025507436865
0.32685276796588414
0.32685276796588414
0.32685276796588414
0.3381313449424327
0.32685276796588414
0.32685276796588414
0.32685276796588414
0.3268526932079997
0.3268526932079997
0.32685276796588414
0.32685276796588414
0.32685276796588414
0.32685276796588414
0.32685276796588414
0.3278401803164842
0.3283985300784361
0.35472295119957886
0.32685276796588414
0.3547228764416944
0.32685276796588414
0.3268704000491168
0.3292494673443662
0.32685276796588414
0.3268533902680544
0.32685276796588414
0.3268526932079997
0.32685276796588414
0.32685276796588414
0.32687102235128707
0.3268526932079997
0.32685276796588414
0.3268526932079997
0.3268526932079997
0.32685276796588414
0.3268526932079997
0.32685276796588414
0.3268526932079997
1.6422380026758006
0.32685331551016994
0.32685276796588414
0.3268526932079997
0.32685276796588414
0.3268526932079997
0.32685276796588414
0.32685276796588414
0.32685276796588414
0.32685276796588414
0.32685276796588414
0.32685276796588414
0.32685276796588414
0.32685276796588414
0.32685276796588414
0.32685331551016994
0.32685276796588414
0.3268526932079997
0.3268533902680544
0.3268533902680544
0.32685331551016994
0.32685276796588414
0.32685276796588414
0.3268526932079997
0.32685276796588414
0.3268526932079997
0.32685276796588414
0.32685276796588414
0.32685276796588414
0.32685276796588414
0.32685276796588414
0.32685276796588414
0.3268526932079997
0.32685276796588414
0.34654913573354695
0.3268533902680544
0.32685276796588414
0.32685276796588414
0.32685276796588414
0.3268533902680544
0.32685276796588414
0.3268526932079997
0.32685276796588414
0.3268533902680544
0.32685276796588414
0.32685276796588414
0.32685276796588414
0.3385375471796399
0.32685276796588414
0.32685276796588414
0.32685276796588414
0.32922477174485354
0.3465490609756625
0.3268526932079997
0.32685276796588414
0.32685276796588414
0.3268526932079997
0.3268526932079997
0.32786549821816713
0.32685276796588414
0.32685276796588414
1.4414395809566978
0.3268526932079997
0.32685276796588414
0.32685331551016994
0.3268704000491168
0.3547228764416944
0.32685276796588414
0.32685276796588414
0.3268533902680544
0.32685276796588414
0.32685276796588414
0.32685276796588414
0.3268526932079997
0.5668554230048553
0.32685276796588414
0.3268526932079997
0.32685276796588414
0.3283978191948042
0.32685276796588414
0.32685276796588414
1.5571373730854747
0.32685276796588414
0.5668293099749976
0.32685276796588414
0.32685331551016994
0.3268526932079997
0.32685276796588414
0.32685276796588414
0.3278401803164842
0.32685276796588414
0.3268526932079997
0.32685276796588414
0.32685276796588414
0.32685276796588414
0.3268526932079997
0.32685276796588414
0.3268526932079997
0.32685276796588414
0.3285787369983459
0.32685276796588414
0.3285787369983459
0.4242862872293302
0.32685276796588414
0.3268526932079997
0.3268703252912324
0.32685276796588414
0.32685276796588414
0.3268533902680544
0.3283978191948042
0.32685276796588414
0.32685276796588414
0.3268526932079997
0.32685276796588414
0.32685276796588414
0.32685276796588414
0.3268526932079997
0.32685276796588414
0.32685276796588414
0.3465490609756625
0.3268526932079997
0.32685276796588414
1.4414405447400374
0.32685276796588414
0.3268526932079997
0.32685276796588414
0.32685331551016994
0.3268526932079997
0.32685276796588414
0.32685276796588414
0.32685331551016994
0.32685276796588414
0.32685276796588414
0.32685276796588414
0.32859636908157863
0.32685276796588414
0.32685276796588414
0.32685276796588414
0.32685276796588414
0.34654913573354695
0.32685276796588414
0.32685276796588414
0.32685276796588414
0.3268526932079997
0.32685276796588414
0.32685276796588414
0.34711081200038285
0.32685276796588414
0.3268526932079997
0.32685331551016994
0.32685276796588414
0.3268526932079997
0.32685276796588414
0.32786495067388133
0.32685276796588414
0.32685276796588414
0.3385375471796399
0.3268533902680544
0.32685276796588414
0.5255218810790628
0.3268533902680544
0.3268533902680544
0.32685276796588414
0.32685276796588414
0.32685276796588414
0.32685276796588414
0.464866912725427
0.32685276796588414
0.32685276796588414
0.32685276796588414
0.32691096543041476
0.32685276796588414
0.3297732462949148
0.3285887480021438
0.3268703252912324
0.32685276796588414
1.5571483482429058
0.3381294323199697
0.32685276796588414
0.32685276796588414
0.3268526932079997
0.32685276796588414
0.32685276796588414
0.32685276796588414
0.3285787369983459
0.32685276796588414
0.32685276796588414
0.32685331551016994
1.4414405447400374
0.35474819434337734
0.3268774635653968
0.32691096543041476
0.32685276796588414
0.32685276796588414
0.32685276796588414
0.32685276796588414
0.3268533902680544
0.3268533902680544
0.32685276796588414
0.32685276796588414
0.32685276796588414
0.3268526932079997
0.7960346074965317
0.3268533902680544
0.32685276796588414
0.32685276796588414
0.32685276796588414
0.3547228764416944
0.32685276796588414
0.32685276796588414
0.5668293099749976
0.32685276796588414
0.3385382442396946
0.3268533902680544
0.3547228764416944
0.3268526932079997
0.32685276796588414
0.32685331551016994
0.3268704000491168
0.3289574208986534
0.32685276796588414
0.3274138219305498
0.3268526932079997
0.3268533902680544
0.35472295119957886
0.32685276796588414
0.3268533902680544
0.3285787369983459
0.32685276796588414
0.32784025507436865
0.3268533902680544
0.3547228764416944
0.32685276796588414
0.32784025507436865
0.3268526932079997
0.32685276796588414
0.32685331551016994
0.4468497242395054
0.32685276796588414
0.3268526932079997
0.32685276796588414
0.32685276796588414
0.32685276796588414
0.32685276796588414
0.3268533902680544
0.3283978191948042
0.3268526932079997
0.3268533902680544
0.32685276796588414
0.32685276796588414
0.32685276796588414
0.32685276796588414
0.3268533902680544
0.32685276796588414
0.3268533902680544
0.3268526932079997
0.32685276796588414
0.32685331551016994
0.32685276796588414
0.3268526932079997
0.32685276796588414
0.32792307338052756
0.32685276796588414
0.32685276796588414
0.3548057695057377
0.32685276796588414
0.32685276796588414
0.32685276796588414
0.3268526932079997
0.32685276796588414
0.32685276796588414
0.32685276796588414
0.7960346074965317
0.3268533902680544
0.35474764679909154
0.32685276796588414
0.32685276796588414
0.32685276796588414
0.32784025507436865
0.32685276796588414
0.32685276796588414
0.33853816948181015
0.32685276796588414
0.32685276796588414
0.3268533902680544
0.3268533902680544
0.32685276796588414
0.32685276796588414
0.32685276796588414
0.32685276796588414
0.3268526932079997
0.32784025507436865
0.32685331551016994
0.3268533902680544
0.34654913573354695
0.3268526932079997
0.32685276796588414
0.32685276796588414
0.32685276796588414
0.3268533902680544
0.3268526932079997
0.32685276796588414
0.32685276796588414
0.32685276796588414
0.32685276796588414
0.32685276796588414
0.33952510904600885
0.32786495067388133
0.32685276796588414
0.32685276796588414
0.3268526932079997
0.32685276796588414
0.32685276796588414
0.32685276796588414
0.32685331551016994
0.32685276796588414
0.32685276796588414
0.32691096543041476
0.32685276796588414
0.32685276796588414
0.32685276796588414
0.32685276796588414
0.32685276796588414
0.3268526932079997
0.32685276796588414
0.32685276796588414
0.32685276796588414
1.4527783808744137
0.3268533902680544
0.3268704000491168
0.32685276796588414
0.32685276796588414
0.32685276796588414
0.3547228764416944
0.32685276796588414
0.32784025507436865
0.32685276796588414
0.3268533902680544
0.32685276796588414
0.32685276796588414
0.32685276796588414
0.3268526932079997
0.3268526932079997
0.32685276796588414
0.32685276796588414
0.32685276796588414
0.3278408773765389
0.32685276796588414
0.32685276796588414
0.3269108906725303
0.3268533902680544
0.32685276796588414
0.32685331551016994
0.32685276796588414
0.32685276796588414
0.32685276796588414
0.9504673604195495
0.32685276796588414
0.32685276796588414
0.3268526932079997
0.32685276796588414
0.356047209710564
0.32685331551016994
0.3268526932079997
1.419655488994486
0.32685276796588414
0.32685276796588414
0.3268526932079997
0.32685276796588414
0.32685276796588414
0.32685331551016994
0.32685276796588414
0.3268526932079997
0.32857866224046145
0.3268526932079997
0.32685276796588414
0.32685276796588414
0.4242869981129621
0.32685276796588414
0.32685331551016994
0.3268526932079997
0.32685276796588414
0.32685276796588414
0.32685276796588414
0.32685331551016994
0.32685276796588414
0.42425582996237565
0.32685276796588414
0.32685276796588414
0.32685276796588414
0.32685276796588414
0.32685276796588414
0.32685276796588414
0.32685276796588414
0.3646415013991626
0.32685276796588414
0.33853762193752435
0.32685276796588414
0.3268526932079997
0.32685276796588414
0.32685276796588414
0.32685276796588414
0.3268526932079997
0.3268526932079997
0.3268526932079997
0.32685276796588414
0.32685276796588414
0.32786495067388133
0.32685276796588414
0.32685276796588414
0.32685276796588414
0.3268526932079997
0.32685276796588414
0.32685276796588414
0.32687808586756706
0.3274138219305498
0.32685276796588414
0.3268533902680544
0.32685276796588414
0.32685331551016994
0.3268533902680544
0.3268526932079997
0.3268526932079997
0.3268533902680544
0.3773279269229113
0.32685276796588414
0.3285787369983459
0.32685276796588414
0.32685276796588414
0.32685276796588414
0.32685276796588414
0.32685276796588414
0.32685276796588414
0.32685276796588414
0.32685276796588414
1.605116127682161
0.32685276796588414
0.3268526932079997
0.32685276796588414
0.326911587732585
0.32685331551016994
0.32685276796588414
0.32685276796588414
0.32685276796588414
0.32685276796588414
0.32685276796588414
0.3268533902680544
0.32685276796588414
0.32685276796588414
0.3381294323199697
0.3268526932079997
0.32685331551016994
0.32685276796588414
0.3283978191948042
0.5239048928593155
0.3381313449424327
0.3268533902680544
0.35472295119957886
0.32685276796588414
0.3268533902680544
0.32685276796588414
0.3268526932079997
0.35472295119957886
0.3268526932079997
0.32685276796588414
0.32685276796588414
0.32685276796588414
0.32685276796588414
0.3285787369983459
0.3268526932079997
0.32685276796588414
0.3268526932079997
0.32685276796588414
0.3268526932079997
0.326935586272043
0.32685276796588414
0.3268526932079997
0.32685276796588414
0.3268526932079997
0.32685276796588414
0.32685276796588414
0.32685276796588414
0.3268526932079997
0.32685276796588414
0.32685331551016994
0.32685331551016994
0.32685276796588414
0.3268533902680544
0.3268526932079997
0.32685276796588414
0.3268526932079997
0.32685276796588414
0.32685276796588414
0.3268526932079997
0.32685276796588414
0.33813072264026245
0.32685276796588414
0.32685276796588414
0.32685276796588414
0.32685276796588414
0.32685276796588414
0.3268526932079997
0.3268526932079997
0.3465737565751752
0.3268533902680544
0.32685276796588414
0.32685276796588414
0.4242862872293302
0.3268526932079997
0.32685276796588414
0.3278648759159969
0.3268526932079997
0.32685276796588414
0.32685276796588414
0.3297732462949148
0.32685276796588414
0.5821300838432796
0.3268526932079997
0.32685276796588414
0.3268526932079997
0.3268533902680544
0.32685276796588414
0.3268526932079997
0.32685276796588414
0.3268526932079997
0.32685276796588414
0.3268526932079997
0.32685276796588414
0.32685276796588414
0.3465490609756625
0.32784080261865445
0.3385375471796399
0.32685276796588414
0.3268526932079997
0.3268526932079997
0.32685276796588414
0.3268526932079997
0.32685276796588414
0.4242862872293302
0.32685276796588414
0.32685331551016994
0.32685276796588414
0.32685276796588414
0.32685276796588414
0.3283978191948042
0.32685276796588414
0.326935586272043
0.32685276796588414
0.33813072264026245
0.3596387103205468
0.32685276796588414
1.4414405447400374
0.32685276796588414
0.32685276796588414
1.4414401221982664
0.553522817810951
0.32685276796588414
0.32685276796588414
0.32685276796588414
0.3268533902680544
0.32685276796588414
0.3268526932079997
0.32685276796588414
0.3268526932079997
0.32685276796588414
0.32685276796588414
0.32685276796588414
0.32685276796588414
0.32685331551016994
0.32685276796588414
0.32685276796588414
0.32685276796588414
0.32685276796588414
0.3268526932079997
0.32685276796588414
0.32685276796588414
0.32685276796588414
0.32685276796588414
0.32685276796588414
0.32685276796588414
0.32685276796588414
0.33813072264026245
0.553522817810951
0.32685276796588414
0.32685276796588414
0.32685276796588414
0.3385382442396946
0.32685276796588414
0.32685331551016994
0.32685276796588414
0.3268526932079997
0.32685276796588414
1.4414395809566978
0.32685276796588414
0.32685276796588414
0.32685331551016994
0.32685276796588414
0.32685276796588414
0.5821310374328834
0.3268526932079997
0.32685276796588414
0.32685276796588414
0.3285787369983459
0.33853762193752435
0.32685276796588414
0.32685276796588414
0.3268526932079997
0.3268526932079997
0.32685276796588414
0.32685276796588414
0.32685276796588414
0.32685276796588414
0.3381294323199697
0.32685276796588414
0.32685276796588414
0.32685276796588414
0.3268526932079997
0.32685276796588414
0.32685276796588414
1.4414405447400374
0.32685276796588414
0.34654913573354695
0.32685276796588414
0.3268533902680544
0.32685276796588414
0.32685276796588414
0.32685276796588414
0.32685276796588414
0.3268526932079997
0.32685276796588414
0.32685276796588414
0.32685276796588414
0.32685276796588414
0.3283985300784361
0.32685276796588414
0.32685276796588414
0.3285787369983459
0.3268533902680544
0.32685276796588414
0.3268533902680544
0.32685276796588414
0.32685276796588414
0.3268533902680544
0.32685276796588414
0.3268526932079997
0.5668306098571383
0.35472295119957886
0.32685276796588414
0.3268526932079997
0.3268533902680544
0.3268526932079997
0.32685276796588414
0.32685276796588414
1.4414395809566978
0.32685276796588414
0.32685276796588414
0.32685276796588414
0.32685276796588414
0.32685276796588414
0.32784025507436865
0.32685276796588414
0.32691096543041476
0.5239048928593155
0.32685276796588414
0.32685276796588414
0.32685276796588414
0.3268533902680544
0.3268526932079997
0.326911587732585
0.32685276796588414
0.3268526932079997
0.32685276796588414
0.3268533902680544
0.3268526932079997
0.32685276796588414
0.32685276796588414
0.32685276796588414
0.3268533902680544
0.32685276796588414
0.3268526932079997
0.32685276796588414
0.3268526932079997
0.3268533902680544
0.3268533902680544
0.33853762193752435
0.32685276796588414
0.3297733210527992
0.32685276796588414
0.32685276796588414
0.3268533902680544
0.32784080261865445
0.32685276796588414
0.3268526932079997
0.3268526932079997
0.32685276796588414
0.32685276796588414
0.9504673604195495
0.32685276796588414
0.3268526932079997
0.32685276796588414
0.32685276796588414
0.3268533902680544
0.32685276796588414
0.3268526932079997
0.32685276796588414
0.32685276796588414
0.32685276796588414
0.3292347827486515
0.32685276796588414
0.32685276796588414
0.33853816948181015
0.3268533902680544
0.32685276796588414
0.32685276796588414
0.32685276796588414
0.3268526932079997
0.32685276796588414
0.3268526932079997
0.3268526932079997
0.32685276796588414
0.32685276796588414
0.32685276796588414
0.32685276796588414
0.3268533902680544
0.3268533902680544
0.3269108906725303
0.32685276796588414
0.32692852275576306
0.32685276796588414
0.32685276796588414
0.3268533902680544
0.32685276796588414
0.3547811486641095
0.32685276796588414
0.32685276796588414
0.3465490609756625
0.32691096543041476
0.32685276796588414
0.32685276796588414
0.32685331551016994
0.3268533902680544
0.32786495067388133
0.32789845253889927
0.32685276796588414
0.32685276796588414
0.32685276796588414
0.32685276796588414
0.32685276796588414
0.32685276796588414
0.32685331551016994
0.3268533902680544
0.3268526932079997
1.4414401221982664
0.3471101896982126
0.32685276796588414
0.32685276796588414
0.32685276796588414
0.3285887480021438
0.32685276796588414
0.32685276796588414
0.32685276796588414
0.3268526932079997
0.3268526932079997
0.3381313449424327
0.35472295119957886
0.32792369568269786
0.32685276796588414
0.3268526932079997
0.32685276796588414
0.3268526932079997
0.3268533902680544
0.3268526932079997
0.3268533902680544
0.32685276796588414
0.32685276796588414
0.32685276796588414
0.32685276796588414
0.3268526932079997
0.32685276796588414
0.32685276796588414
1.5783448971691645
0.32685276796588414
0.3268526932079997
0.3268526932079997
0.32685276796588414
0.3268526932079997
0.32685276796588414
0.32685276796588414
0.3268526932079997
0.32685276796588414
0.32685276796588414
0.32685276796588414
0.3268704000491168
0.32685276796588414
0.3268533902680544
0.32685276796588414
0.3268533902680544
1.4414395809566978
0.3268526932079997
0.3268526932079997
0.32685276796588414
0.32685276796588414
0.3268526932079997
0.32685276796588414
0.3268533902680544
0.32685276796588414
0.32685276796588414
0.32685276796588414
0.32685276796588414
0.32685276796588414
0.32685276796588414
0.3283985300784361
0.32685276796588414
0.32685276796588414
0.32685276796588414
0.3268526932079997
0.32685276796588414
0.3268533902680544
0.3268774635653968
0.3278408773765389
0.32685276796588414
0.32685276796588414
0.32685276796588414
0.32685276796588414
0.32685276796588414
0.3268526932079997
0.34654913573354695
0.32685276796588414
0.32685276796588414
0.32685276796588414
0.32685276796588414
0.32685331551016994
0.3268533902680544
0.32685276796588414
0.32687102235128707
0.32685276796588414
0.3268533902680544
0.3279237704405823
0.32685276796588414
0.34711081200038285
0.33853762193752435
0.32685276796588414
0.32685331551016994
0.3268526932079997
0.3269532931131602
0.3268526932079997
0.3268704000491168
0.3268526932079997
0.3292246969869691
0.32685276796588414
0.3285787369983459
0.3268533902680544
0.32685276796588414
0.5719264932795673
0.32685276796588414
0.3268526932079997
0.32685276796588414
0.9504673604195495
0.32685276796588414
0.32685276796588414
0.32685276796588414
0.32685276796588414
0.32685276796588414
0.3268526932079997
0.32685276796588414
0.32685276796588414
0.32685276796588414
0.3268533902680544
0.3268533902680544
0.32685331551016994
0.32685276796588414
0.523874435592361
0.32685276796588414
0.32784025507436865
0.32685276796588414
0.32685331551016994
0.3646408790969924
0.32685276796588414
0.32685276796588414
0.3297732462949148
0.32685276796588414
0.32685276796588414
0.32685276796588414
0.3268533902680544
0.3292246969869691
0.32685276796588414
0.32859636908157863
0.32685276796588414
0.32685276796588414
0.32685276796588414
0.35067200026716827
0.32685276796588414
0.3268704000491168
0.3285787369983459
0.32922477174485354
0.32685276796588414
0.32685276796588414
0.32685276796588414
0.3268526932079997
0.32685276796588414
0.7957641285179022
0.32685276796588414
0.32685276796588414
0.32685276796588414
0.32685276796588414
0.32685276796588414
0.3284246423503946
0.3268704000491168
0.32685276796588414
0.3268533902680544
0.32685276796588414
0.32685276796588414
0.3268703252912324
0.32685276796588414
0.32685276796588414
0.32685276796588414
0.32685276796588414
0.32685276796588414
0.7957888241174149
0.32685276796588414
0.32685276796588414
0.3268533902680544
0.3268526932079997
0.3268533902680544
0.3268526932079997
0.3268526932079997
0.3547228764416944
0.32685331551016994
0.32685276796588414
0.32685276796588414
0.32685276796588414
0.3268526932079997
0.32685276796588414
0.32685276796588414
0.32685276796588414
0.32685276796588414
0.32685276796588414
0.32685276796588414
0.32685276796588414
0.32685276796588414
0.32685276796588414
0.32685276796588414
0.3268526932079997
0.32685276796588414
0.32685276796588414
0.32685276796588414
0.32685276796588414
0.34654913573354695
0.32685276796588414
