0.329773868597085
0.3268526932079997
0.3268709475934026
0.3268703252912324
0.32687102235128707
0.5823108201576672
0.3268703252912324
0.42427718058629993
0.5239209693856308
0.3268709475934026
0.32685331551016994
0.3268703252912324
0.3268709475934026
0.3268526932079997
0.3292424038280862
0.32687102235128707
0.3268709475934026
0.32689502089074507
0.33279761110650313
0.3268703252912324
0.3268526932079997
0.3268704000491168
0.3268703252912324
0.3268526932079997
0.3268709475934026
0.3268526932079997
0.3268703252912324
0.3289749847283734
0.3268703252912324
0.3268526932079997
0.3268526932079997
0.32685331551016994
0.32687102235128707
0.3268709475934026
0.3268709475934026
0.3268709475934026
0.3268709475934026
0.3268703252912324
0.34656731536106544
0.32685331551016994
0.34656731536106544
0.3268703252912324
0.3268703252912324
0.3471107372424984
0.3268704000491168
0.5239209693856308
0.3268703252912324
0.3268709475934026
0.35474113082709735
0.3268703252912324
0.3268709475934026
0.3268526932079997
0.3268709475934026
0.3268709475934026
0.3268703252912324
0.3268703252912324
0.3268703252912324
0.3268709475934026
0.3268773888075124
0.3385388374999326
0.3268780111096826
0.3297915006803177
0.3285962943236942
0.3268526932079997
0.3268703252912324
0.3268526932079997
0.42427718058629993
0.34656731536106544
0.3268703252912324
0.3268709475934026
0.3268703252912324
0.32685331551016994
0.3268709475934026
1.4414391584149269
0.32784080261865445
0.3268709475934026
0.3268709475934026
0.32687102235128707
0.3268709475934026
0.3268709475934026
0.3268526932079997
0.32689502089074507
0.3268709475934026
0.32897436242620315
0.3268773888075124
0.3268709475934026
0.3268709475934026
0.3268526932079997
0.3297732462949148
0.32897365154257124
0.3268703252912324
0.32685331551016994
0.5668448285582387
0.32687102235128707
0.3268704000491168
0.3268773888075124
0.3268526932079997
0.3268703252912324
0.3268526932079997
0.3268709475934026
0.3547228764416944
0.32927703567351246
0.9511379727021417
0.3285962943236942
1.4414391584149269
0.3268709475934026
0.32687102235128707
0.3268709475934026
0.3283978191948042
0.3268709475934026
0.32687102235128707
0.3268703252912324
0.3268709475934026
0.32695321835527574
0.32685331551016994
0.3268703252912324
0.35476582642661003
0.3268703252912324
0.32784080261865445
0.7958599014031973
0.32689502089074507
0.44690082124675234
0.3274320015580683
0.3268703252912324
0.3268703252912324
0.8913442228489635
0.3268709475934026
0.3268709475934026
0.3268703252912324
0.3268773888075124
0.3268703252912324
0.8912319881690218
0.32689502089074507
0.34656731536106544
0.3268703252912324
0.3268526932079997
0.3268526932079997
0.3274320015580683
0.3268526932079997
0.3268703252912324
0.35474058328281155
0.3268526932079997
0.3268703252912324
0.4242862872293302
0.3268709475934026
0.3278578123997169
0.3268709475934026
0.3268704000491168
0.3278585094597716
0.3268703252912324
0.5246849249283771
0.3268703252912324
1.4414396912489809
0.3268703252912324
0.3268703252912324
0.3268526932079997
0.44687036397979785
0.32695384065744604
1.4414505322587012
0.3268773888075124
0.3268709475934026
0.3268704000491168
0.32687102235128707
0.3268526932079997
0.3268709475934026
0.3268704000491168
0.3268709475934026
0.3269108906725303
0.3268533902680544
0.3268709475934026
0.3268709475934026
0.3268709475934026
0.32687102235128707
0.3268703252912324
0.42425582996237565
0.3268709475934026
0.3268526932079997
0.3268703252912324
0.32689502089074507
0.3268709475934026
0.32685331551016994
0.3268526932079997
0.32685331551016994
0.3268703252912324
0.3268703252912324
1.4414505322587012
0.5247916692754033
0.3268703252912324
0.3268709475934026
0.3268709475934026
0.3268526932079997
0.3268526932079997
0.5668448285582387
0.3268703252912324
0.3268709475934026
0.3278648759159969
0.3471283693257311
0.3268704000491168
0.3268526932079997
0.3269291450579333
0.32743137925589805
0.3268709475934026
0.6023539590712943
0.8913274480172759
1.4414395809566978
0.3268709475934026
0.3268526932079997
0.8913451764385674
0.3268709475934026
0.32689502089074507
0.3268709475934026
0.3268703252912324
0.3268780111096826
0.3268709475934026
0.3268703252912324
0.32857866224046145
0.32785843470188714
0.32689502089074507
0.3268773888075124
0.3268703252912324
0.3268703252912324
0.3268709475934026
0.32685331551016994
0.32685331551016994
0.32692852275576306
0.3268526932079997
0.8676784000300279
0.32685331551016994
0.3268704000491168
0.32685331551016994
0.3268703252912324
0.3268703252912324
0.3268773888075124
0.3268526932079997
0.3268703252912324
0.3268709475934026
0.32685331551016994
0.3268709475934026
0.3268703252912324
0.3268533902680544
0.3268709475934026
0.3268956431929153
0.3268526932079997
0.3297915006803177
1.4414501097169305
1.4414501097169305
0.3268709475934026
0.3268703252912324
0.3269291450579333
0.32841529444306256
0.3268704000491168
0.3268709475934026
0.42427718058629993
0.3268956431929153
0.3268709475934026
0.3268703252912324
0.7958599014031973
0.3268709475934026
0.32685276796588414
0.3268703252912324
0.5822848246760138
0.3268703252912324
0.3268703252912324
0.3268709475934026
0.3268703252912324
0.3268703252912324
0.3268709475934026
0.32689502089074507
0.3268709475934026
0.3268703252912324
0.3268709475934026
0.3268709475934026
1.4414391584149269
0.3268956431929153
0.327456697157581
0.3278578123997169
0.32691151297470056
0.4243083487368864
0.32687102235128707
0.3268703252912324
0.32979087837814747
0.3268704000491168
0.3268703252912324
0.3268703252912324
0.32689502089074507
0.32685276796588414
0.32685276796588414
0.3268709475934026
0.8914897690457811
0.5239514266525853
0.32685331551016994
0.32685331551016994
0.79588459700271
0.3268703252912324
0.32897365154257124
0.3268703252912324
0.3268704000491168
0.32785843470188714
0.3268709475934026
0.32689502089074507
0.3268703252912324
0.3268709475934026
0.3268709475934026
0.326935586272043
0.3268703252912324
0.3268703252912324
0.3268533902680544
0.32695384065744604
0.33853945980210276
0.3268703252912324
0.35472349874386466
0.3268709475934026
1.4414391584149269
0.3268709475934026
0.3471283693257311
0.5239514266525853
0.3268703252912324
0.32685276796588414
0.3268703252912324
0.3268703252912324
0.3268703252912324
0.3278578123997169
0.3268709475934026
0.3268709475934026
0.32685331551016994
0.3268703252912324
0.3268526932079997
0.3278578123997169
0.3268703252912324
0.3268709475934026
0.32685331551016994
0.3268703252912324
0.32785843470188714
0.3268709475934026
0.32685331551016994
0.3268709475934026
0.3268709475934026
0.34656731536106544
0.3268709475934026
0.3268709475934026
0.3292523400739998
0.32695321835527574
0.3268703252912324
0.3268526932079997
0.32685331551016994
0.3268703252912324
0.3268709475934026
0.3268709475934026
0.3268703252912324
0.3268709475934026
0.3471283693257311
0.32895679859648314
0.3268526932079997
0.3268703252912324
0.3268950956486295
0.3268703252912324
0.3268704000491168
0.3268526932079997
0.3268703252912324
0.3268709475934026
0.3268703252912324
0.33856353309944526
0.3289581317822853
0.3268709475934026
0.3268703252912324
0.3268703252912324
0.3292523400739998
0.3268703252912324
0.3268709475934026
0.3268526932079997
0.32687102235128707
0.32689502089074507
0.3268703252912324
0.3268773888075124
0.3268703252912324
0.5246849249283771
0.3274320015580683
0.32685331551016994
0.3268526932079997
0.35472349874386466
0.32687102235128707
0.3268703252912324
0.3268703252912324
0.3471283693257311
0.32685331551016994
0.3269532931131602
0.3268703252912324
0.5668448285582387
0.3268709475934026
0.3268709475934026
0.3268709475934026
0.3268703252912324
0.32687102235128707
0.3268703252912324
0.3471283693257311
0.3268709475934026
0.3268526932079997
1.4414510735002701
0.3268709475934026
0.3268709475934026
0.5822848246760138
0.3268703252912324
0.3268526932079997
0.3268526932079997
0.3269108906725303
0.3268526932079997
0.32689502089074507
0.3268703252912324
0.32841467214089237
0.3268709475934026
0.36677548931583553
0.3268703252912324
0.3268703252912324
0.8913195272494508
0.3268703252912324
0.3268956431929153
0.3268703252912324
0.3268703252912324
0.3268703252912324
0.3278578123997169
0.3297732462949148
0.5255218063211784
0.3268703252912324
0.3268703252912324
0.3268703252912324
0.3268709475934026
0.44690082124675234
0.3268709475934026
0.3268526932079997
0.3268526932079997
0.3268703252912324
0.3268709475934026
0.32695321835527574
0.32685331551016994
0.3268704000491168
0.3268703252912324
0.3385388374999326
0.34712774702356086
0.3268709475934026
0.3268709475934026
0.3268709475934026
0.32695321835527574
0.32687102235128707
0.32689502089074507
0.3268773888075124
0.3268709475934026
1.4414510650927552
0.3268703252912324
0.34712774702356086
0.32685331551016994
1.4414505322587012
0.3268703252912324
0.3547412055849818
0.3268703252912324
0.3268703252912324
0.3268703252912324
0.3268703252912324
0.32689502089074507
0.35474113082709735
0.3297732462949148
0.3268703252912324
0.3268703252912324
0.32685331551016994
0.9511880590507054
0.3297915006803177
0.3278825079992296
0.32685331551016994
0.3268709475934026
0.3268703252912324
0.3268956431929153
0.3268526932079997
0.3385395345599872
0.3268709475934026
0.3268780111096826
0.32691151297470056
0.3268709475934026
0.32685331551016994
0.4245231892974614
0.3268703252912324
0.3268703252912324
0.32687102235128707
0.3268526932079997
0.3268704000491168
0.3268709475934026
0.3268526932079997
0.3268773888075124
0.3268709475934026
0.3268703252912324
0.3268703252912324
0.3268709475934026
0.3268703252912324
0.32979087837814747
0.3268703252912324
0.3268773888075124
0.3268703252912324
0.3268703252912324
0.3268703252912324
0.34712774702356086
0.3268709475934026
0.3268703252912324
0.32695384065744604
0.3286791873877375
0.3268709475934026
0.3268703252912324
0.3268709475934026
0.3268709475934026
0.3268526932079997
0.3268709475934026
1.4414395809566978
0.3268709475934026
0.3269532931131602
0.3268956431929153
0.3268709475934026
0.42430763785325454
0.3268533902680544
0.5542723178551736
0.3268956431929153
0.3268703252912324
0.32687102235128707
0.32685331551016994
0.5542562413288584
0.32685331551016994
0.3268709475934026
0.3268703252912324
0.4243115691971376
0.3268709475934026
0.3268956431929153
0.3268703252912324
0.3268703252912324
0.3268709475934026
0.3268526932079997
0.32841529444306256
0.32685331551016994
0.3268526932079997
0.3268956431929153
0.3268709475934026
0.3268703252912324
0.3268526932079997
0.3268709475934026
0.3268703252912324
0.32692852275576306
0.3268704000491168
0.3268704000491168
0.3268526932079997
0.3268780111096826
1.4196546355034296
0.3268709475934026
0.32689502089074507
0.3268709475934026
0.32685331551016994
0.3268709475934026
0.3268709475934026
0.3268709475934026
0.32685331551016994
0.32687102235128707
0.3268703252912324
0.32687102235128707
0.32979087837814747
0.3268703252912324
1.4414505322587012
0.9690657484747445
0.3268703252912324
0.32689502089074507
0.34656731536106544
0.3268703252912324
0.3268709475934026
0.3268709475934026
0.33081893086792996
0.3268709475934026
0.35474113082709735
0.3268703252912324
0.3268526932079997
0.3268703252912324
0.3268703252912324
0.35472295119957886
0.32687102235128707
0.3268526932079997
0.3268703252912324
0.3268703252912324
0.3268709475934026
1.4414395809566978
0.3385388374999326
0.3268703252912324
0.9801619781224906
0.3268709475934026
0.32689571795079975
0.3668001849153482
0.3268703252912324
0.3268703252912324
0.3292423290702018
0.3268956431929153
0.32689502089074507
0.42430763785325454
0.3268709475934026
0.3268526932079997
0.3268526932079997
0.3268709475934026
0.3268533902680544
0.3289574208986534
0.32685331551016994
0.32841529444306256
0.3268709475934026
0.3268533902680544
0.3381299798642556
0.3268773888075124
0.3268709475934026
0.3268703252912324
0.3268703252912324
0.32685331551016994
0.3268709475934026
0.3268709475934026
0.3268703252912324
0.3268780111096826
0.3292523400739998
0.3268703252912324
0.3268709475934026
0.3268703252912324
0.3268774635653968
0.3268703252912324
0.3268703252912324
0.3268956431929153
0.7958599014031973
0.3268526932079997
0.3268709475934026
0.3292423290702018
0.3268709475934026
0.3268526932079997
0.3268709475934026
0.3268703252912324
0.3268709475934026
0.3268709475934026
0.3278578123997169
0.3292423290702018
0.3268709475934026
0.3268703252912324
0.3268956431929153
1.4414514960420408
0.3268956431929153
0.3268709475934026
0.3268703252912324
0.3268956431929153
0.3268709475934026
0.3465666930588952
0.3268703252912324
0.3471101149403282
0.3268703252912324
0.3268526932079997
0.891481848277956
0.3465666930588952
0.3268703252912324
0.3268709475934026
0.3268704000491168
0.3268709475934026
0.3268709475934026
0.32689502089074507
0.32687102235128707
0.3268703252912324
0.3268709475934026
0.3268709475934026
0.3268704000491168
0.3268709475934026
0.3268703252912324
0.3268709475934026
0.3268703252912324
0.8913195272494508
0.8913195272494508
0.3268709475934026
0.3274320015580683
0.3268709475934026
0.3268709475934026
0.3268703252912324
0.3268703252912324
0.3268709475934026
0.3278578123997169
0.32685331551016994
0.3268703252912324
0.3268703252912324
0.3268703252912324
0.32685331551016994
0.5246849249283771
0.3268703252912324
0.32685276796588414
0.3268703252912324
0.3268703252912324
0.3297915006803177
0.5822848246760138
0.32695384065744604
0.3268703252912324
0.3268703252912324
0.3268703252912324
1.4414505322587012
0.3268709475934026
0.3268526932079997
0.3268774635653968
0.3268709475934026
0.3268709475934026
0.3268709475934026
1.4422416646391758
0.32685331551016994
0.3268709475934026
0.3268526932079997
0.3268709475934026
0.3285886732442594
0.3268709475934026
0.3268956431929153
0.3268703252912324
0.32685331551016994
0.3268703252912324
0.3268533902680544
0.3385388374999326
0.3268709475934026
0.3268709475934026
0.3268703252912324
0.32685276796588414
0.3268709475934026
0.3268709475934026
0.3297732462949148
0.32685331551016994
0.3268526932079997
0.3268533902680544
0.32692852275576306
0.3268703252912324
0.3268703252912324
0.3268526932079997
0.3268709475934026
0.32743137925589805
0.3268533902680544
0.3268703252912324
0.3268703252912324
0.7957887493595304
0.3268703252912324
0.32685331551016994
0.32695384065744604
0.3268526932079997
0.3268709475934026
0.3268709475934026
0.3268526932079997
0.3268703252912324
0.32685331551016994
0.3268703252912324
0.3268703252912324
0.3268709475934026
0.32685331551016994
0.3279167069243023
0.3269108906725303
0.3268709475934026
0.32685331551016994
0.3278401803164842
0.891394309197527
0.3268703252912324
0.3268526932079997
0.3292523400739998
0.3268709475934026
0.3268703252912324
0.3268704000491168
0.32689502089074507
0.3268709475934026
0.3268709475934026
0.3268526932079997
0.32685331551016994
0.3268703252912324
0.5822861245581545
0.3268709475934026
0.4471163726909593
0.3278585094597716
0.3268703252912324
0.3268703252912324
0.3268526932079997
0.32685331551016994
0.3268526932079997
0.3268703252912324
0.3268709475934026
0.3268703252912324
0.3268704000491168
0.32689502089074507
0.3268703252912324
0.3268709475934026
0.3268956431929153
0.44687036397979785
0.3268703252912324
0.3268703252912324
0.3292423290702018
0.3268709475934026
0.3268703252912324
0.3268703252912324
0.32923470799076704
0.3268526932079997
0.3268709475934026
0.32979087837814747
1.4414395809566978
0.5821488094878693
0.3465666930588952
0.3268709475934026
0.32743137925589805
0.4242862872293302
0.3268703252912324
0.3268709475934026
0.3268709475934026
0.3268703252912324
0.3268704000491168
1.605116127682161
1.4414391584149269
0.32979087837814747
0.32860630532749213
0.3268703252912324
0.32689571795079975
0.3268526932079997
0.3268709475934026
0.3268526932079997
0.32685331551016994
0.3268704000491168
0.3268703252912324
0.32685331551016994
0.3268709475934026
0.3269291450579333
0.32685331551016994
0.3268703252912324
0.35476590118449447
0.3297909531360319
0.3547412055849818
0.3268703252912324
0.42430763785325454
0.3268709475934026
0.3268703252912324
0.32743137925589805
0.34712774702356086
0.32687102235128707
0.3268703252912324
0.42427718058629993
0.3268709475934026
0.3268956431929153
0.3268526932079997
0.3268703252912324
0.3278578123997169
0.42427718058629993
0.3268526932079997
0.3268703252912324
0.3268709475934026
0.3268703252912324
0.3465490609756625
0.3268709475934026
0.3269532931131602
0.3268703252912324
0.3268709475934026
0.3268526932079997
0.3268704000491168
0.34654968327783275
0.8675825523868486
0.3268709475934026
0.3268956431929153
0.3289749847283734
0.3268703252912324
0.3268703252912324
0.32685331551016994
0.5822848246760138
0.3268703252912324
0.3268704000491168
0.3268709475934026
0.42430763785325454
0.32685331551016994
0.32687102235128707
0.3268709475934026
0.32685331551016994
0.3268526932079997
0.3297915006803177
0.3268703252912324
0.3268703252912324
0.3471283693257311
0.3268703252912324
0.3268704000491168
0.3268709475934026
0.3268709475934026
0.32685331551016994
0.3268703252912324
0.3268709475934026
0.3268526932079997
0.3268703252912324
0.3268709475934026
0.3268703252912324
0.32689502089074507
0.3268526932079997
0.32685331551016994
0.32689502089074507
0.3268956431929153
0.3268526932079997
0.3268703252912324
0.32685331551016994
0.35474058328281155
0.3268709475934026
0.32689502089074507
0.3268703252912324
0.3268709475934026
0.3268703252912324
0.3268703252912324
0.3268709475934026
0.32685331551016994
0.3268703252912324
0.3268709475934026
0.34712774702356086
0.3268709475934026
0.32687102235128707
0.3268950956486295
0.3268703252912324
0.35474058328281155
0.3268709475934026
0.7480326401596271
0.3268703252912324
0.3268526932079997
0.3268709475934026
0.32689502089074507
0.32689502089074507
0.3268709475934026
0.32685331551016994
0.3268709475934026
0.42427718058629993
0.3465666930588952
0.3268709475934026
0.32685331551016994
0.32689502089074507
0.33862235286614617
0.3268703252912324
0.32685331551016994
0.3268526932079997
0.3292423290702018
0.3268703252912324
0.3268709475934026
0.3268526932079997
0.3385388374999326
0.32743844277217804
0.3268704000491168
0.3268703252912324
0.3297732462949148
0.3268526932079997
0.3268526932079997
0.5823095202755265
0.32689502089074507
0.3268703252912324
0.3268709475934026
0.3268526932079997
0.3268703252912324
0.3268703252912324
0.3268526932079997
0.3268709475934026
0.3268703252912324
0.3268703252912324
0.32685331551016994
0.3268709475934026
0.3268703252912324
0.3381293575620853
0.32685331551016994
0.3268703252912324
0.3471107372424984
0.32689502089074507
0.3268709475934026
0.3268709475934026
1.4414395809566978
0.3292423290702018
0.3268956431929153
0.3268703252912324
0.3286791873877375
0.32785843470188714
0.5241669780967922
0.3268709475934026
0.3268709475934026
0.3292423290702018
0.32685331551016994
0.3268526932079997
0.32841529444306256
0.42427718058629993
0.3268526932079997
0.8677052678302095
0.3268709475934026
0.3268709475934026
0.3385382442396946
0.3268703252912324
0.3268709475934026
0.3268526932079997
0.3268709475934026
0.32689502089074507
0.32868919839153543
0.3268703252912324
0.3268526932079997
0.3268703252912324
0.3268709475934026
0.3268709475934026
0.3268703252912324
0.3268703252912324
0.42503840269251003
0.3268703252912324
0.3268709475934026
0.3268709475934026
0.3268703252912324
0.3268703252912324
0.3268709475934026
0.3268703252912324
0.3268704000491168
0.32685276796588414
0.3268703252912324
0.32685331551016994
0.3268703252912324
