0.32685331551016994
0.32687808586756706
0.3268774635653968
0.3268773888075124
0.3268780111096826
0.3268526932079997
0.32786549821816713
0.32685331551016994
0.32685331551016994
0.32685331551016994
0.3268773888075124
0.3268533902680544
0.3268526932079997
0.3268526932079997
0.32685331551016994
0.3268773888075124
0.32685331551016994
0.3547475720412071
0.32685276796588414
0.32685331551016994
0.32685331551016994
0.32685331551016994
0.3268526932079997
0.35472349874386466
0.3268780111096826
0.32685331551016994
0.32691151297470056
0.3268526932079997
0.32691151297470056
1.4414505322587012
0.32685331551016994
0.3465917896553624
0.34712774702356086
0.3268780111096826
0.3268780111096826
0.3268780111096826
0.3268526932079997
0.3268526932079997
0.3268780111096826
0.3292246969869691
0.3269108906725303
0.3268780111096826
0.3269108906725303
0.32685331551016994
0.3268773888075124
0.3268526932079997
0.3268773888075124
0.3268780111096826
0.3268533902680544
0.32685331551016994
0.32685331551016994
0.3268526932079997
0.3268780111096826
0.32685331551016994
0.3268526932079997
0.3268526932079997
0.3268780111096826
0.3268526932079997
0.3268773888075124
0.32685331551016994
0.3471107372424984
0.7960076649384658
0.3268526932079997
0.32685331551016994
0.3268780111096826
0.32923470799076704
0.3268526932079997
0.3268526932079997
0.3268774635653968
0.32685331551016994
0.3297732462949148
0.3268533902680544
0.3268780111096826
0.3268774635653968
0.32685331551016994
1.442207399022947
0.3268526932079997
0.32685331551016994
0.32685331551016994
0.32685331551016994
0.32685276796588414
0.32685331551016994
0.32784080261865445
0.3268526932079997
0.3268533902680544
0.32687808586756706
0.32685331551016994
0.32685331551016994
0.32685331551016994
1.4414501097169305
0.3268780111096826
0.32685331551016994
0.32685331551016994
0.32685331551016994
0.32685331551016994
0.3268780111096826
0.3268780111096826
0.3268773888075124
0.32685276796588414
0.3268533902680544
0.32685276796588414
0.3268526932079997
0.32685331551016994
0.8912487630007094
0.3268526932079997
0.3268526932079997
0.8914190047970398
0.32685331551016994
0.3268780111096826
0.3268780111096826
0.3268780111096826
0.32685331551016994
0.3268526932079997
0.32691096543041476
0.3268780111096826
0.3297980166523119
0.32685331551016994
0.32685331551016994
0.32685331551016994
0.32685331551016994
0.3268773888075124
0.3268526932079997
0.32685331551016994
0.3268526932079997
0.3460328102536835
0.3268780111096826
0.32685331551016994
0.3268780111096826
0.3268526932079997
0.32685331551016994
0.32685331551016994
0.3268526932079997
0.32685331551016994
0.32685331551016994
0.32687808586756706
0.32685331551016994
0.3268533902680544
0.32685276796588414
0.7957888241174149
0.32685276796588414
0.3268780111096826
0.34659312284116456
0.3268526932079997
0.3268780111096826
0.3269108906725303
0.3268526932079997
0.3471107372424984
0.3268526932079997
0.3268773888075124
0.3268526932079997
0.3268526932079997
0.3268780111096826
0.3268526932079997
0.3268533902680544
0.3268526932079997
0.3278401803164842
0.3268773888075124
0.32685331551016994
0.7960323605379784
0.3268780111096826
0.32687808586756706
0.3268780111096826
0.3268526932079997
0.3268526932079997
0.32685331551016994
0.3268526932079997
0.32685331551016994
0.3268526932079997
0.3268526932079997
0.7957371859598362
0.3385382442396946
0.3268774635653968
0.3547228764416944
0.32685331551016994
0.32691096543041476
0.3268780111096826
0.32685331551016994
0.3268533902680544
0.32685331551016994
0.3268533902680544
0.3268526932079997
0.32685331551016994
0.3268526932079997
0.3268526932079997
0.32685331551016994
0.3269362085742133
0.3268526932079997
0.32685331551016994
0.3268533902680544
0.3268709475934026
0.3268773888075124
0.32685331551016994
0.32685331551016994
0.3268526932079997
0.3268774635653968
0.32923470799076704
0.3268526932079997
0.3268526932079997
0.32685331551016994
0.32685331551016994
0.3268526932079997
1.4414391584149269
0.32691151297470056
0.3268526932079997
0.3268526932079997
0.3268780111096826
0.3268526932079997
0.3268780111096826
0.32693628333209773
0.3268773888075124
0.32685331551016994
0.3268526932079997
0.3268526932079997
0.3268526932079997
0.3268533902680544
0.3268956431929153
0.32685331551016994
0.3268533902680544
0.32685331551016994
0.32685331551016994
0.3268780111096826
0.3268526932079997
0.3268533902680544
0.3268780111096826
0.32685331551016994
0.32685331551016994
0.3268773888075124
0.3268780111096826
0.3268773888075124
0.32685331551016994
0.3268533902680544
0.32685331551016994
0.3268773888075124
0.32685331551016994
0.32685331551016994
0.9504584860621205
0.32685331551016994
0.5668296562675345
0.32685331551016994
0.32689571795079975
0.3268780111096826
0.32685276796588414
0.32685331551016994
0.3268526932079997
0.3268773888075124
0.3268780111096826
0.32685331551016994
0.32685331551016994
0.3268773888075124
0.3268774635653968
0.32685331551016994
0.32685331551016994
0.9512048338823927
0.32691151297470056
0.35474764679909154
0.3268780111096826
0.32741444423272004
0.3268773888075124
0.32685331551016994
0.3268526932079997
0.3268526932079997
0.326911587732585
0.3268526932079997
0.32685331551016994
0.3297732462949148
0.32685331551016994
0.3268533902680544
0.3268773888075124
0.326911587732585
0.3268773888075124
0.32685331551016994
0.32685331551016994
0.3268533902680544
0.32685331551016994
0.3268526932079997
0.32687808586756706
0.3465744536352299
0.3268773888075124
0.32685331551016994
0.32685331551016994
0.3268773888075124
0.3268526932079997
0.32685331551016994
0.3268526932079997
0.32685331551016994
0.523874435592361
0.3268526932079997
0.32685331551016994
0.3268780111096826
0.3268526932079997
0.3268533902680544
0.3268774635653968
0.32685331551016994
0.3268526932079997
0.3268526932079997
0.3278401803164842
0.3268526932079997
0.32685331551016994
0.32685331551016994
0.32685331551016994
0.3606767433473603
0.3268780111096826
0.32685331551016994
0.3269362085742133
0.32685331551016994
0.3268526932079997
0.3667761116180057
0.3268533902680544
0.32685331551016994
0.3268526932079997
0.3268780111096826
0.7960323605379784
0.3268526932079997
0.32685331551016994
0.32685331551016994
0.3268526932079997
0.3268780111096826
0.32685331551016994
0.3297732462949148
0.3268780111096826
0.32685331551016994
0.32691151297470056
0.45567115624206256
0.3268526932079997
0.3268780111096826
0.3269291450579333
0.32685331551016994
0.32685276796588414
0.3268526932079997
0.3268526932079997
0.3268533902680544
0.3268533902680544
0.32693628333209773
0.32691151297470056
0.32685331551016994
0.3268526932079997
0.32685331551016994
0.32685276796588414
0.32685331551016994
0.32685331551016994
0.3547482691012618
0.3268773888075124
0.32685331551016994
0.32685331551016994
0.3268533902680544
0.326935586272043
0.3268774635653968
0.3268533902680544
0.32685331551016994
0.32685331551016994
0.32687808586756706
0.32895679859648314
0.32685331551016994
0.3268526932079997
0.32685331551016994
0.3268526932079997
0.3268774635653968
0.3268780111096826
0.3268526932079997
0.3268773888075124
0.32685331551016994
0.32685331551016994
0.3465737565751752
0.32685331551016994
0.3269108906725303
0.3460081146541708
0.32685331551016994
0.32685276796588414
0.32685331551016994
0.329773868597085
0.3268526932079997
0.3268526932079997
0.3268773888075124
0.3268780111096826
0.32685276796588414
0.32685331551016994
0.32691151297470056
0.9316619404058559
0.32685331551016994
0.3268780111096826
0.3268526932079997
0.3268526932079997
0.3268526932079997
0.3268526932079997
0.3268780111096826
0.3269362085742133
0.3268526932079997
0.3268780111096826
0.32685331551016994
0.3268533902680544
0.32685331551016994
0.3381299798642556
0.3268780111096826
0.3268780111096826
0.32691151297470056
0.32693628333209773
0.3268526932079997
0.3268780111096826
0.3268526932079997
0.32685331551016994
0.32685331551016994
0.3385375471796399
0.32685276796588414
0.32691151297470056
0.32685331551016994
0.3268526932079997
0.3268526932079997
0.3268533902680544
0.3268526932079997
0.32685276796588414
0.32685331551016994
0.5534923605439964
0.32685331551016994
0.3268773888075124
0.5239049676172
0.3269362085742133
0.3285886732442594
0.7957371859598362
0.32685331551016994
0.3268526932079997
0.32685331551016994
0.3268526932079997
0.3268780111096826
0.3268780111096826
0.3292828944514998
0.3268774635653968
0.3268533902680544
0.32685276796588414
0.9510257380222
0.3274726416972507
0.3268526932079997
0.3268780111096826
0.3268780111096826
0.32985683641901287
0.3268780111096826
0.3268526932079997
0.32685331551016994
0.32685331551016994
0.3268526932079997
0.32685276796588414
0.3268709475934026
0.3268780111096826
0.3268780111096826
0.3268780111096826
0.32685331551016994
0.32685331551016994
0.3268533902680544
0.3667761116180057
0.3268773888075124
0.3268774635653968
0.3471107372424984
0.3268780111096826
0.3268526932079997
0.5239049676172
0.3268526932079997
0.5241204443035224
0.32685276796588414
0.3268526932079997
0.32685331551016994
0.3268773888075124
0.32685331551016994
0.3268709475934026
0.3268526932079997
0.3385375471796399
0.32685331551016994
0.32685331551016994
0.3268533902680544
0.3268773888075124
0.3268773888075124
0.3268533902680544
0.3268774635653968
0.32685331551016994
0.3268526932079997
0.32685331551016994
0.3268773888075124
0.3268526932079997
0.32687102235128707
0.3268526932079997
0.3268526932079997
0.3268526932079997
0.3268533902680544
0.3268526932079997
1.4414516063343241
0.3285886732442594
0.3269362085742133
0.3297732462949148
0.32685276796588414
0.32685276796588414
0.32685331551016994
0.32685276796588414
0.32685331551016994
0.32685331551016994
0.3268533902680544
0.3268533902680544
0.32685331551016994
0.32691096543041476
0.3268526932079997
0.3268526932079997
0.32685331551016994
0.3646409538548768
0.32685276796588414
0.32685331551016994
0.32685331551016994
0.3268533902680544
0.32685331551016994
0.32685331551016994
0.32685331551016994
0.32685331551016994
0.5821313837254203
0.32685331551016994
0.3268526932079997
0.3268533902680544
0.32685276796588414
0.3268526932079997
0.32685331551016994
0.32685276796588414
0.32685331551016994
0.32691151297470056
0.3268780111096826
0.32685331551016994
0.32685331551016994
0.5821313837254203
0.3268780111096826
0.3268773888075124
0.32685331551016994
0.3268780111096826
0.32685331551016994
0.3268533902680544
0.32685331551016994
0.3268526932079997
0.3269532931131602
0.32685331551016994
0.3268774635653968
0.3268780111096826
0.7960324352958629
0.3268773888075124
0.32685331551016994
0.32685331551016994
0.3471107372424984
0.3268773888075124
0.3268773888075124
0.3268780111096826
0.3268526932079997
0.3268526932079997
0.3284231370964871
0.3268533902680544
0.32685331551016994
0.3268526932079997
0.3268533902680544
0.3268773888075124
0.32685331551016994
0.3268526932079997
0.553492285786112
0.3547235735017491
0.3269108906725303
0.3269362085742133
0.3268526932079997
0.5821818460622538
0.3268526932079997
0.3268773888075124
0.3268773888075124
0.32685331551016994
0.32691151297470056
0.3385382442396946
0.32685331551016994
0.3268533902680544
0.3268709475934026
0.3268526932079997
0.3268533902680544
0.3547235735017491
0.3284231370964871
0.3268526932079997
0.32685331551016994
0.32685331551016994
0.3268709475934026
0.32685331551016994
0.3268780111096826
0.32685331551016994
0.3268773888075124
0.32685331551016994
0.5240899870365678
0.32685331551016994
0.32685331551016994
0.3268780111096826
0.3268526932079997
0.32685331551016994
0.8071054552158909
0.32685276796588414
0.3268526932079997
0.32685331551016994
0.3268780111096826
0.5240899870365678
0.3268780111096826
0.3268526932079997
0.3292493925864818
0.3297733210527992
0.3268526932079997
0.3268526932079997
0.32979794189442746
0.3269362085742133
0.3268773888075124
0.3268774635653968
0.3268780111096826
0.3268773888075124
0.32685331551016994
0.32857866224046145
0.35474764679909154
0.3268526932079997
0.32685331551016994
0.3268773888075124
0.32685331551016994
0.3268773888075124
0.32685331551016994
0.3268773888075124
0.32685331551016994
0.32687808586756706
0.32685331551016994
0.3268526932079997
0.3268773888075124
0.3268780111096826
0.32685331551016994
0.3268780111096826
0.8912566837685346
0.32685331551016994
0.3268526932079997
0.32687808586756706
0.3268780111096826
0.32685331551016994
0.3268773888075124
0.326911587732585
0.32685331551016994
0.32685331551016994
0.3268526932079997
0.3268780111096826
0.32685331551016994
0.3268526932079997
0.3268773888075124
1.4414510735002701
0.3268526932079997
0.32685331551016994
0.34654968327783275
0.3268533902680544
0.3268780111096826
0.32685331551016994
0.32741374717266536
0.3268526932079997
0.3268526932079997
1.4414391584149269
0.3268773888075124
0.32685276796588414
0.3268526932079997
0.3268526932079997
0.3268773888075124
0.3268526932079997
0.3268780111096826
0.3268780111096826
0.3268773888075124
0.3268533902680544
0.32685331551016994
0.32685331551016994
0.32685331551016994
0.32685276796588414
0.3268773888075124
0.32693628333209773
0.3268773888075124
0.32685276796588414
0.3268773888075124
0.3547228764416944
0.3268526932079997
0.3268780111096826
0.3292493925864818
0.32685331551016994
0.3268526932079997
0.3268703252912324
0.3268533902680544
0.32691151297470056
0.32685331551016994
0.32685331551016994
0.32685331551016994
0.3268526932079997
0.3268526932079997
0.3268773888075124
0.3268773888075124
0.32685331551016994
0.32685331551016994
0.32687808586756706
0.3297732462949148
0.32685331551016994
0.32685331551016994
0.3268526932079997
0.32687808586756706
0.32685331551016994
0.3268780111096826
0.3268780111096826
0.32685331551016994
0.3268780111096826
0.523874435592361
0.32685331551016994
0.3268526932079997
0.32685331551016994
0.523874435592361
0.3268780111096826
0.3268526932079997
0.3268526932079997
0.4242862872293302
0.32685331551016994
0.32685276796588414
0.32685331551016994
0.32685276796588414
0.32685331551016994
0.32685331551016994
0.32685331551016994
0.32685331551016994
0.3268780111096826
0.32685331551016994
0.32685276796588414
0.3268780111096826
0.3268526932079997
0.5537382944972735
0.32685331551016994
0.3268526932079997
0.3268526932079997
0.32685331551016994
0.5821821923547906
0.3268533902680544
0.3268780111096826
0.3268773888075124
0.3268780111096826
0.32691151297470056
0.32685331551016994
0.32685331551016994
0.32685331551016994
0.32687808586756706
0.3268780111096826
0.32685331551016994
0.32685331551016994
0.3268526932079997
0.32685331551016994
0.32685331551016994
0.3268780111096826
0.3268526932079997
0.32685331551016994
0.3268780111096826
0.3285886732442594
0.32685331551016994
0.326911587732585
0.32685331551016994
0.3268780111096826
0.32685276796588414
0.3268526932079997
0.3268533902680544
0.32685331551016994
0.3778896031897472
0.32685331551016994
0.32685276796588414
0.3286133688437721
0.32685331551016994
0.3268526932079997
0.32685331551016994
0.3268780111096826
0.32687808586756706
0.3268774635653968
0.3269108906725303
0.32685331551016994
0.3268526932079997
1.4414505322587012
0.7957371859598362
0.3268780111096826
0.3268780111096826
0.3268780111096826
0.32687808586756706
0.3268533902680544
0.3268780111096826
0.32685331551016994
0.32685276796588414
0.32685331551016994
0.3268780111096826
0.32685331551016994
0.3268773888075124
0.3268533902680544
0.3268773888075124
0.32691151297470056
0.3292493925864818
0.3268773888075124
0.32685331551016994
0.3268709475934026
0.3268780111096826
0.32685331551016994
0.3268703252912324
0.3268780111096826
0.32685331551016994
0.3268533902680544
0.32687808586756706
0.3268780111096826
0.32685331551016994
0.3268526932079997
0.3268780111096826
0.32685331551016994
0.5668283563853936
0.32884433584041356
0.3268780111096826
0.7957887493595304
0.32691096543041476
0.32685331551016994
0.5535227430530666
0.3268526932079997
0.3268773888075124
0.3268526932079997
0.3268526932079997
0.32685331551016994
0.3268526932079997
0.32685331551016994
0.32864687070879006
0.3268526932079997
0.36466627175655975
0.32685331551016994
0.3268526932079997
0.3268533902680544
0.3268526932079997
0.3268773888075124
0.3268709475934026
0.32685331551016994
0.3268526932079997
0.3268773888075124
0.3268526932079997
0.3268773888075124
0.32685276796588414
0.32685276796588414
0.3284231370964871
0.32685331551016994
0.3268780111096826
0.32685276796588414
0.32685331551016994
0.3268526932079997
0.3268526932079997
0.32685276796588414
0.32685331551016994
0.32685331551016994
0.42425582996237565
0.3268780111096826
0.32685331551016994
0.3268773888075124
0.3268780111096826
0.32687808586756706
0.32691151297470056
0.32685331551016994
0.32685331551016994
0.3268773888075124
0.32693628333209773
0.32685331551016994
0.32685331551016994
0.32685331551016994
0.5537078372303189
0.3268773888075124
0.32685331551016994
0.3268709475934026
0.32685331551016994
0.32685331551016994
0.3268780111096826
0.3268773888075124
0.3268773888075124
0.3268533902680544
0.3268526932079997
0.32685331551016994
0.3268709475934026
0.553492285786112
0.3268526932079997
0.32685331551016994
0.3268773888075124
0.3268780111096826
0.3268773888075124
0.3268526932079997
0.32685276796588414
0.3268533902680544
0.3268773888075124
0.3269108906725303
0.3268780111096826
0.32685331551016994
0.5668296562675345
0.3269362085742133
0.3268774635653968
0.32685331551016994
0.3268526932079997
0.3547235735017491
0.3268533902680544
0.3268780111096826
0.32685331551016994
0.32685331551016994
0.32685276796588414
0.32685331551016994
0.3268526932079997
0.3268780111096826
0.3268773888075124
0.3289574208986534
0.32685331551016994
0.32685331551016994
0.32685331551016994
0.32923470799076704
0.3268526932079997
0.3268533902680544
0.3269362085742133
0.3268526932079997
0.32685331551016994
0.3269108906725303
0.3268780111096826
0.32685331551016994
0.3268526932079997
0.3268526932079997
0.3268526932079997
0.3268526932079997
0.32691151297470056
0.32687808586756706
0.32685331551016994
0.32685331551016994
0.3268533902680544
0.32741374717266536
0.3268526932079997
0.32685331551016994
0.32685331551016994
0.3268526932079997
0.3268526932079997
0.32685331551016994
0.8912319881690218
0.32685331551016994
0.3268533902680544
0.32687808586756706
0.3268526932079997
0.32685331551016994
0.3268526932079997
0.3268526932079997
0.32685331551016994
0.3268533902680544
0.32685331551016994
0.3268526932079997
0.32685331551016994
0.3268526932079997
0.3268526932079997
1.4414501097169305
0.3268773888075124
0.32685331551016994
0.32685331551016994
0.3268709475934026
0.32685331551016994
0.3268780111096826
0.32685276796588414
0.32685331551016994
0.3268780111096826
0.32687808586756706
0.3268526932079997
0.3268526932079997
0.32685331551016994
0.32687808586756706
0.3268773888075124
0.3268533902680544
0.3268780111096826
0.32685276796588414
0.3268526932079997
0.3268526932079997
0.3268526932079997
0.3268526932079997
0.32685331551016994
0.3268533902680544
0.32685331551016994
0.32685331551016994
0.3268773888075124
0.3268956431929153
0.3268533902680544
0.3268526932079997
0.3268526932079997
0.32687808586756706
0.3268533902680544
0.3268780111096826
0.3268774635653968
0.32687808586756706
0.32685331551016994
0.5668543518670471
0.32685331551016994
0.32685331551016994
0.3268526932079997
0.32685276796588414
0.32685331551016994
0.338562317537037
0.3268773888075124
0.3268526932079997
0.3268780111096826
0.3268526932079997
0.3268780111096826
0.42425582996237565
0.3297732462949148
0.32685331551016994
0.32685331551016994
0.32923470799076704
0.3268780111096826
0.3268526932079997
0.32685331551016994
0.32685331551016994
0.3268533902680544
0.32685331551016994
0.3268773888075124
0.32685331551016994
