0.3268526932079997
0.3268526932079997
0.32685276796588414
0.34656731536106544
0.32685276796588414
0.32685276796588414
0.32685276796588414
0.3268533902680544
0.8912487630007094
0.32784025507436865
0.32685276796588414
0.3268526932079997
0.32685276796588414
0.32685276796588414
0.3268526932079997
0.326911587732585
0.3285886732442594
0.32685276796588414
0.3268526932079997
0.3268526932079997
1.4196445376924822
0.3268526932079997
0.32685276796588414
0.3268526932079997
0.3268526932079997
0.32685276796588414
0.3268709475934026
0.3268526932079997
0.3268526932079997
0.3547235735017491
0.5719395467057077
0.32685276796588414
0.3292246969869691
0.3268526932079997
0.32895679859648314
0.32685276796588414
0.32685276796588414
0.3268533902680544
0.3501137317491212
0.32685331551016994
0.32685331551016994
0.3268704000491168
0.32784025507436865
0.32685276796588414
0.7958599761610816
0.32685276796588414
0.32685276796588414
0.32685276796588414
0.32895679859648314
0.32685276796588414
0.3268526932079997
0.3268526932079997
0.32685276796588414
0.3292494673443662
0.35474113082709735
0.32685276796588414
0.32685276796588414
0.4468497242395054
0.3268526932079997
0.3268526932079997
0.32685276796588414
0.32685276796588414
0.3268526932079997
0.7957641285179022
0.3268533902680544
0.32685331551016994
0.32685276796588414
0.32685276796588414
0.7957640537600177
0.9506296814480547
0.32685276796588414
0.3292494673443662
0.3268774635653968
0.32685276796588414
0.32687808586756706
0.3547228764416944
0.3268780111096826
0.3268533902680544
0.32685276796588414
0.3268526932079997
1.4414405447400374
0.3268526932079997
0.32685276796588414
0.34996753257898394
0.3292347827486515
0.32685331551016994
0.32685276796588414
0.3268526932079997
0.3268526932079997
0.3268533902680544
0.3268526932079997
0.3268780111096826
0.32685331551016994
0.8912319881690218
0.32923470799076704
0.3268773888075124
0.44687947062282807
0.3268533902680544
0.79605922833816
0.3285886732442594
0.3268533902680544
0.3268526932079997
0.3839086241079846
0.32685276796588414
0.3278408773765389
0.3268533902680544
0.32685276796588414
0.3268526932079997
0.32685276796588414
0.3268533902680544
0.3268526932079997
0.32685276796588414
0.3268526932079997
0.32685276796588414
0.3268526932079997
0.3268533902680544
0.34654913573354695
0.3268526932079997
0.32685276796588414
0.9092879544987508
0.32685276796588414
0.32685276796588414
0.3274138219305498
0.32691096543041476
0.35472295119957886
0.3268773888075124
0.32685276796588414
0.3268526932079997
0.8912329417586258
0.32685331551016994
0.3268526932079997
0.32685276796588414
0.32685276796588414
0.3268526932079997
0.32685276796588414
0.3268526932079997
0.3268533902680544
0.35472295119957886
0.3268533902680544
0.3385382442396946
0.32685276796588414
0.32685276796588414
0.32685276796588414
0.33862044024368326
0.338130647882378
0.32685276796588414
0.3268533902680544
0.3268533902680544
0.3268533902680544
0.32685276796588414
0.3268703252912324
0.32685276796588414
0.32685331551016994
0.32685276796588414
0.3481892592779666
0.32685276796588414
0.3268526932079997
0.3268526932079997
0.32685276796588414
0.5668293099749976
0.32685276796588414
0.32685276796588414
0.32685276796588414
0.32685276796588414
0.3285787369983459
0.32685276796588414
0.3268526932079997
0.3274138219305498
0.32685276796588414
0.5716364351571955
0.32685276796588414
0.3268533902680544
0.3268533902680544
0.32685331551016994
0.3268526932079997
0.32685331551016994
0.3268533902680544
0.34654913573354695
0.3292493925864818
0.32685276796588414
0.3268526932079997
0.32685276796588414
0.3289581317822853
0.32685276796588414
0.32685276796588414
0.32685276796588414
0.3268533902680544
0.5534923605439964
0.3268526932079997
0.35472349874386466
0.3268526932079997
0.32685276796588414
0.32685276796588414
0.3268526932079997
0.32685331551016994
0.7900768831229603
0.32685276796588414
0.3268526932079997
0.3268774635653968
0.32685276796588414
0.3268780111096826
0.3268533902680544
0.3268773888075124
0.3465490609756625
0.3268526932079997
0.32685276796588414
0.3292347827486515
0.3268526932079997
0.32685276796588414
0.32685276796588414
0.3268533902680544
0.3283985300784361
0.32685276796588414
0.34654913573354695
0.3268533902680544
0.32685331551016994
0.32685276796588414
0.32685276796588414
0.32685276796588414
0.3381294323199697
0.48009832295934485
0.3268526932079997
0.3268533902680544
0.338130647882378
0.32685276796588414
0.3385395345599872
0.32685276796588414
0.34656780493948164
0.3278408773765389
0.3268526932079997
0.3268526932079997
0.3268526932079997
0.3501136431676596
0.3268526932079997
0.3268704000491168
0.5239049676172
0.32685276796588414
0.32685331551016994
0.32784025507436865
0.3268774635653968
0.3268704000491168
0.32685276796588414
0.8912329417586258
1.4414510735002701
0.3268526932079997
0.32687808586756706
0.32685276796588414
0.32687808586756706
0.32685276796588414
0.8912319881690218
0.3385375471796399
0.32857866224046145
0.32685276796588414
0.3268526932079997
1.4414405447400374
0.3268526932079997
0.3268533902680544
0.32687102235128707
0.3268526932079997
0.32685276796588414
0.3268526932079997
0.32685331551016994
0.3268526932079997
0.32685276796588414
0.3385375471796399
0.32685331551016994
0.4800990338429768
0.3268526932079997
0.32685276796588414
0.3268526932079997
0.3268526932079997
0.32685331551016994
0.32685276796588414
0.32685276796588414
0.3268774635653968
0.34654913573354695
0.3268526932079997
0.3269108906725303
0.32685276796588414
0.32685331551016994
0.3268526932079997
0.32685276796588414
0.3268526932079997
0.7957641285179022
0.3268526932079997
0.553492285786112
0.3292494673443662
0.32685276796588414
0.3268709475934026
0.32685276796588414
0.3268526932079997
0.328957509480115
0.3268526932079997
0.3274138219305498
0.3268533902680544
0.32685276796588414
0.3268533902680544
0.32685276796588414
0.3268526932079997
0.32685276796588414
0.3268526932079997
0.3268526932079997
0.3268526932079997
0.32685276796588414
0.33853816948181015
0.3268533902680544
0.3283978191948042
0.5668293099749976
0.3268533902680544
0.32979157543820214
0.3268533902680544
0.32685276796588414
0.5668296562675345
0.7936399552075806
0.3268774635653968
0.32689571795079975
0.32685276796588414
0.3297732462949148
0.32685276796588414
0.3268526932079997
0.3268703252912324
0.5239048928593155
0.3268773888075124
0.32685276796588414
0.32685276796588414
0.32693628333209773
0.32685276796588414
0.3268704000491168
0.32685276796588414
0.4242869981129621
0.3268704000491168
0.3278408773765389
0.3268526932079997
0.32685276796588414
0.3465490609756625
0.3268533902680544
0.32685276796588414
0.32685331551016994
0.32685276796588414
0.8912329417586258
0.5241205190614069
0.32685276796588414
0.3268526932079997
0.3268526932079997
0.32685276796588414
0.3268533902680544
0.3268533902680544
0.32741374717266536
0.3268526932079997
0.32685276796588414
0.3278408773765389
0.32685276796588414
0.3268526932079997
0.3268526932079997
0.3268533902680544
0.3268533902680544
0.3268526932079997
0.3268533902680544
0.32685276796588414
0.32977394335496946
0.79605922833816
0.32685276796588414
0.3268526932079997
0.3321628821571169
0.3292493925864818
0.3285787369983459
0.3268703252912324
0.32685331551016994
0.3268526932079997
0.3268526932079997
0.32693566102992744
0.3292347827486515
0.32685331551016994
0.35472295119957886
0.32685276796588414
0.32685276796588414
0.32685276796588414
0.32685276796588414
0.32685276796588414
0.32785788715760134
0.3289581317822853
0.32685276796588414
0.3268526932079997
0.3268533902680544
0.32685331551016994
0.32685276796588414
0.3268526932079997
0.3268533902680544
0.32685276796588414
0.32685276796588414
0.32685276796588414
0.32685276796588414
0.32685276796588414
0.3268533902680544
0.32685276796588414
0.32691096543041476
0.3292594783481642
0.5297342117397468
0.32685276796588414
0.32685276796588414
0.34713481053984085
0.32685276796588414
0.3268533902680544
0.3297732462949148
0.3268773888075124
0.7957371859598362
0.3268526932079997
0.32685276796588414
0.32685276796588414
0.32685276796588414
0.32685276796588414
1.0432579485941442
0.5668804648969048
0.3268533902680544
0.32685276796588414
0.46486762360905887
0.7958599761610816
0.32685276796588414
0.3385375471796399
0.3268533902680544
0.3268533902680544
0.32687102235128707
0.32685276796588414
0.32685276796588414
0.32685276796588414
0.3268526932079997
0.32685331551016994
0.3268533902680544
0.32784025507436865
0.32685276796588414
0.32685276796588414
0.32685331551016994
0.32685276796588414
0.3268526932079997
0.3268533902680544
0.3268533902680544
0.3268526932079997
0.32685276796588414
0.5668804648969048
0.328957509480115
0.3268533902680544
0.32685276796588414
0.32685276796588414
0.32685276796588414
0.3268526932079997
0.32685276796588414
0.32685276796588414
0.3268533902680544
0.32685276796588414
0.3268526932079997
0.3285886732442594
0.32685276796588414
0.32691096543041476
0.8912329417586258
0.32786557297605157
0.32685276796588414
0.32685276796588414
0.6743485429757653
0.3268533902680544
0.338130647882378
0.32685276796588414
0.32685276796588414
0.3268533902680544
0.3268533902680544
0.3268533902680544
0.3268533902680544
0.3268704000491168
0.3268526932079997
0.32784080261865445
0.3268526932079997
0.3268703252912324
0.3274143694748356
0.32685276796588414
0.3268526932079997
0.3268533902680544
0.32685276796588414
0.32685276796588414
0.32685276796588414
0.3465490609756625
0.32685276796588414
0.3268526932079997
0.32685276796588414
0.32685276796588414
0.3268773888075124
0.32685276796588414
0.3268526932079997
0.3268533902680544
0.3268526932079997
0.3268526932079997
0.3268533902680544
0.5916830515253669
0.3268533902680544
0.32685276796588414
0.32685276796588414
0.32685331551016994
0.5238745103502453
0.3268526932079997
0.3268526932079997
0.32685276796588414
0.33853762193752435
0.3285886732442594
0.38390984617476454
0.32685276796588414
0.32685276796588414
0.32685276796588414
0.32685276796588414
0.32685276796588414
0.8912250209908006
0.32685276796588414
0.32685276796588414
0.327923148138412
0.3268703252912324
0.3268526932079997
0.32685276796588414
0.3297733210527992
0.32685276796588414
0.5239049676172
0.3268526932079997
0.32685276796588414
0.3268533902680544
0.32685276796588414
0.32685276796588414
0.32685331551016994
0.32685276796588414
0.32685276796588414
0.3268533902680544
0.3292494673443662
0.32685276796588414
0.3268526932079997
0.3289581317822853
1.4414401221982664
0.3268774635653968
0.3268526932079997
0.3501305846952093
0.3268533902680544
0.35472295119957886
0.3268526932079997
0.34654913573354695
0.8912329417586258
0.3268526932079997
0.4468490133558735
0.3268773888075124
0.3268533902680544
0.3268526932079997
0.32685331551016994
0.32685276796588414
0.3297733210527992
0.32685276796588414
0.3268533902680544
0.7957641285179022
0.3269362085742133
0.32685276796588414
0.3268704000491168
0.32685331551016994
0.32685331551016994
0.3268526932079997
0.3297909531360319
0.3283985300784361
0.32685276796588414
0.32685276796588414
0.32685276796588414
0.32685276796588414
0.32685331551016994
0.3268526932079997
0.32685276796588414
0.3268533902680544
0.32685276796588414
0.5668283563853936
0.32685276796588414
0.3268533902680544
0.3268526932079997
0.9504673604195495
0.32685276796588414
0.32685276796588414
0.32685276796588414
0.5668293099749976
0.8912250209908006
0.32685276796588414
0.32685276796588414
0.32685276796588414
0.3381294323199697
0.3268526932079997
0.3268526932079997
0.32685276796588414
0.32685276796588414
0.32685276796588414
0.32685276796588414
0.3268533902680544
0.3268703252912324
0.32685276796588414
0.3268774635653968
0.3268526932079997
0.32685276796588414
0.32685276796588414
0.3385375471796399
0.3268774635653968
0.32685331551016994
0.3268533902680544
0.32685276796588414
0.3268703252912324
0.3268533902680544
0.32685276796588414
0.32685276796588414
0.7957641285179022
0.3268526932079997
0.3268533902680544
0.32863693446287656
0.32685276796588414
0.3268780111096826
0.3385375471796399
0.32685276796588414
0.3268526932079997
0.32685276796588414
0.3268526932079997
0.3268526932079997
0.3268526932079997
0.4468801815064599
0.3307784402445164
0.32685276796588414
0.32685331551016994
0.3297733210527992
0.3268526932079997
0.7957641285179022
0.32685276796588414
0.32685276796588414
0.3268773888075124
0.32685276796588414
0.3268709475934026
0.32685331551016994
0.3268526932079997
0.32685276796588414
0.32685276796588414
0.32685276796588414
0.32685276796588414
0.32685331551016994
0.5239048928593155
0.32685331551016994
0.3268526932079997
0.3268533902680544
0.32685276796588414
0.3297733210527992
0.3289581317822853
0.3268533902680544
0.3268526932079997
0.3268533902680544
0.32685276796588414
0.3268780111096826
0.3268774635653968
0.32685276796588414
0.44709573295066685
0.3268533902680544
0.32685276796588414
0.3268774635653968
0.32685276796588414
0.3268526932079997
0.32685276796588414
0.32685276796588414
0.3268526932079997
0.3268533902680544
0.32685276796588414
0.3268526932079997
0.8912329417586258
0.32685276796588414
0.3292494673443662
0.34654913573354695
0.3268533902680544
0.32685276796588414
0.32741444423272004
0.3268533902680544
0.3268709475934026
0.3268526932079997
0.32685276796588414
0.8912319881690218
0.3274138219305498
0.32685276796588414
0.3268774635653968
0.32685276796588414
0.32685276796588414
0.32685276796588414
0.32685276796588414
0.3285787369983459
0.3268533902680544
0.3268526932079997
0.3292829692093842
0.32685276796588414
0.32685276796588414
0.57195118887908
0.32685276796588414
0.3292347827486515
0.32685276796588414
0.3385382442396946
0.32685276796588414
0.3297733210527992
0.3268533902680544
0.3268533902680544
0.32685276796588414
0.32685276796588414
0.3268526932079997
0.32685331551016994
0.3268526932079997
0.9504664068299455
0.32685276796588414
0.32685331551016994
0.3268526932079997
0.3268533902680544
0.3268526932079997
0.3286469454666745
0.32685276796588414
0.3283978191948042
0.3268526932079997
0.35472295119957886
0.32685276796588414
0.566879165014764
0.3285886732442594
0.3268533902680544
1.5791448377931645
0.3285887480021438
0.328957509480115
0.32685276796588414
0.32685276796588414
0.3268526932079997
0.3268526932079997
0.3268526932079997
0.3268533902680544
0.32685331551016994
0.32685276796588414
0.32685331551016994
0.4468497242395054
0.32685276796588414
0.32685276796588414
0.3268526932079997
0.32685331551016994
0.5239515014104698
0.7957372607177207
0.3268533902680544
0.3547228764416944
0.32685276796588414
0.32685276796588414
0.3268703252912324
0.3268533902680544
0.32685276796588414
0.3268526932079997
0.4242862872293302
0.8885356429019124
0.4242869981129621
0.3268533902680544
0.3268533902680544
0.32685276796588414
0.3268533902680544
0.32685276796588414
0.9504594396517244
0.3268704000491168
0.3268533902680544
0.32685276796588414
0.3268526932079997
0.3268533902680544
0.3268533902680544
0.5716359713164545
0.3268533902680544
0.3268704000491168
0.32687102235128707
0.5668801186043679
0.32685276796588414
0.3292828944514998
0.32685276796588414
0.3268526932079997
0.3268526932079997
0.32685276796588414
0.8912250209908006
0.3268526932079997
0.3297733210527992
0.3268526932079997
0.32685276796588414
0.32685276796588414
0.32685276796588414
0.32685276796588414
0.3278401803164842
0.3268526932079997
0.8608636642402892
0.3268774635653968
0.32685276796588414
0.3268774635653968
0.3268533902680544
0.32685331551016994
0.32687808586756706
0.3268526932079997
0.32685276796588414
0.5080703644586513
0.3268533902680544
0.32685276796588414
0.3268526932079997
0.32685276796588414
0.32685276796588414
0.32685331551016994
0.32687808586756706
0.35472295119957886
1.4414510650927552
0.3268526932079997
0.3268526932079997
0.32685276796588414
0.3268526932079997
0.32687808586756706
0.32685331551016994
0.3268704000491168
0.32685331551016994
0.32685276796588414
0.3297733210527992
0.32929290545529777
0.32685276796588414
0.32685276796588414
0.32685276796588414
1.4414405447400374
0.8912240674011968
0.3268533902680544
0.32685331551016994
0.32860343259785857
0.3268526932079997
0.32685276796588414
0.32977394335496946
0.32685276796588414
0.3268526932079997
0.32685331551016994
0.3268533902680544
0.3268526932079997
0.3268704000491168
0.3381294323199697
0.32685276796588414
0.3292493925864818
0.3268526932079997
0.3268526932079997
0.329773868597085
0.32685276796588414
0.32685276796588414
0.3268950956486295
0.3268533902680544
0.790101578722473
0.3268774635653968
0.32693566102992744
0.3268533902680544
0.32685276796588414
0.32685276796588414
0.32685276796588414
0.3385375471796399
0.32685276796588414
0.32685276796588414
0.32685276796588414
0.3268526932079997
0.3268526932079997
0.3268533902680544
0.3268533902680544
0.32685276796588414
0.32685276796588414
0.3268533902680544
0.32685276796588414
0.32687808586756706
0.3268533902680544
0.32685331551016994
0.3268526932079997
0.3268526932079997
0.32685276796588414
0.32685276796588414
0.32685276796588414
0.9504594396517244
0.3268526932079997
0.3268533902680544
0.3268533902680544
0.32895679859648314
0.32685331551016994
0.3268526932079997
0.32685276796588414
0.3268526932079997
0.32685276796588414
0.32685331551016994
0.32685276796588414
0.32784025507436865
0.32685331551016994
0.35474058328281155
0.3268526932079997
0.32685276796588414
0.8912329417586258
0.32685276796588414
0.32687808586756706
0.3292494673443662
0.42501705206858575
1.4414405447400374
0.3268526932079997
0.3268704000491168
0.3268533902680544
0.3268774635653968
0.32685276796588414
0.3268526932079997
0.3268526932079997
0.32685276796588414
0.32685276796588414
0.32685276796588414
0.32687808586756706
0.32685276796588414
0.32741444423272004
0.3268526932079997
0.32685276796588414
0.32685331551016994
0.32685276796588414
0.32685276796588414
0.3268526932079997
0.3268526932079997
0.32784025507436865
0.32685276796588414
0.328957509480115
0.32685331551016994
1.6422477320472895
0.32685276796588414
0.32685276796588414
0.3547235735017491
0.4242869981129621
0.32685276796588414
0.32685276796588414
0.32685276796588414
0.3268533902680544
0.32857866224046145
0.3268774635653968
0.3268526932079997
0.3268526932079997
0.32685331551016994
0.32693566102992744
0.32685331551016994
0.3268533902680544
0.32685276796588414
0.32685276796588414
0.3268533902680544
1.4414401221982664
0.32685276796588414
0.5238745103502453
0.7957640537600177
0.3268533902680544
0.32685276796588414
0.32685276796588414
0.46486762360905887
0.32685276796588414
0.3268526932079997
0.32685276796588414
0.3268703252912324
0.32685276796588414
0.32685276796588414
0.32685276796588414
0.32685276796588414
0.32685276796588414
0.32685276796588414
0.3268526932079997
0.7307549815294871
0.32685276796588414
0.5535227430530666
0.35472295119957886
0.32685276796588414
0.3465490609756625
0.3269362085742133
0.3268526932079997
0.5668306098571383
0.3283978191948042
0.32685276796588414
0.8912250209908006
0.7957641285179022
0.32685276796588414
0.32685276796588414
0.32685276796588414
0.3283985300784361
0.32685276796588414
0.32685276796588414
0.32685276796588414
0.3381294323199697
0.32685276796588414
0.35472295119957886
0.3268533902680544
0.34654913573354695
0.3268526932079997
0.32685331551016994
0.32685276796588414
0.3268533902680544
0.32685276796588414
0.3268526932079997
0.3268526932079997
0.32685276796588414
0.3268533902680544
0.32685276796588414
0.32685276796588414
0.32685331551016994
0.3268533902680544
0.3268533902680544
0.32685276796588414
0.4242869981129621
0.3268526932079997
0.3268533902680544
0.535839950951835
0.32784025507436865
0.32685276796588414
0.32685276796588414
0.32685276796588414
0.32685276796588414
0.3268526932079997
0.3268533902680544
0.32685276796588414
