0.32685331551016994
0.3268773888075124
0.3268533902680544
0.32685331551016994
0.3268533902680544
0.32741444423272004
0.32685276796588414
0.32685331551016994
0.32685331551016994
0.32685331551016994
0.32685276796588414
0.32857866224046145
0.32685331551016994
0.32685331551016994
0.3268533902680544
0.32685331551016994
0.32839844149697445
0.3465497580357172
0.32685331551016994
0.3268780111096826
0.32839844149697445
0.35472349874386466
0.3268526932079997
0.32857866224046145
0.3268533902680544
0.5821313837254203
0.32685331551016994
0.3268533902680544
0.32685331551016994
0.3268533902680544
0.32685276796588414
0.3268780111096826
0.329773868597085
0.3268533902680544
0.32685331551016994
0.3268774635653968
0.32685331551016994
0.3268533902680544
0.3268526932079997
0.3465490609756625
0.32685331551016994
0.32685331551016994
0.3268533902680544
0.3268533902680544
0.3268533902680544
1.4421963374286602
0.34657437887734543
0.32685331551016994
0.5177911433868929
0.3268526932079997
0.32685331551016994
0.3268533902680544
1.4414396912489809
0.3667760368601213
0.3268780111096826
0.3269362085742133
0.3268533902680544
0.32685276796588414
0.32685331551016994
0.32685331551016994
0.3268533902680544
0.32685276796588414
0.32687102235128707
0.8912240674011968
0.35472349874386466
0.3268526932079997
0.3289574208986534
0.3268533902680544
0.32685331551016994
0.32839844149697445
0.3268709475934026
0.32685276796588414
0.7957371859598362
0.3268526932079997
0.32685331551016994
0.3268526932079997
0.3292347827486515
0.3268774635653968
0.3268533902680544
0.3278401803164842
0.3268533902680544
0.32685331551016994
0.3268533902680544
0.8912319881690218
0.3268533902680544
0.3268533902680544
0.3268526932079997
0.3268526932079997
0.32685276796588414
0.3268533902680544
0.33815467546376826
0.3268526932079997
0.3268533902680544
1.4414391584149269
0.3268526932079997
0.32685331551016994
0.3268533902680544
1.419655066452715
0.3268533902680544
0.3268533902680544
0.32685331551016994
0.3292594035902798
0.32685276796588414
0.329773868597085
0.34712774702356086
0.3268533902680544
0.32839844149697445
0.32685331551016994
0.36381539689610987
0.32685276796588414
0.3268526932079997
0.32685331551016994
0.32685331551016994
0.3268526932079997
0.32685331551016994
0.3268774635653968
0.3268526932079997
0.7957372607177207
0.3268533902680544
0.329773868597085
0.32685331551016994
0.3268533902680544
1.4414514960420408
0.33813005462214
0.32685276796588414
0.3268774635653968
0.3268533902680544
0.32685331551016994
0.35472295119957886
0.3268526932079997
1.440651555418041
1.4172848314147262
0.3268526932079997
0.32685331551016994
0.34656709405584973
0.3268533902680544
0.32685331551016994
0.3292246969869691
0.3268526932079997
0.32685331551016994
0.32685331551016994
0.3268526932079997
0.32685276796588414
0.3268526932079997
0.32784025507436865
0.3268526932079997
0.3278401803164842
0.3268533902680544
0.3268533902680544
0.32685331551016994
0.32685331551016994
0.8922751288384689
0.32685331551016994
0.3278585094597716
0.32685276796588414
0.32923470799076704
0.3268533902680544
0.3268533902680544
0.7957371859598362
0.3268526932079997
0.8913195272494508
0.32685331551016994
0.3268533902680544
0.32685331551016994
0.32685276796588414
0.3268533902680544
0.3268780111096826
0.32685276796588414
0.32685331551016994
0.32685276796588414
0.3269108906725303
0.32685331551016994
0.32687808586756706
0.3268780111096826
0.3268533902680544
0.3268526932079997
0.32685331551016994
0.5239048928593155
0.32685276796588414
0.3268533902680544
0.32685276796588414
0.3268533902680544
0.3268533902680544
0.3268526932079997
0.3385375471796399
0.3268533902680544
0.523874435592361
0.3268709475934026
0.3471107372424984
0.32685331551016994
0.523874435592361
0.3268533902680544
0.3268780111096826
0.3292246969869691
0.32685331551016994
0.32685331551016994
0.32685276796588414
0.32685331551016994
0.32685276796588414
0.32685276796588414
0.32685331551016994
0.32784080261865445
0.32687808586756706
0.3268533902680544
0.3268533902680544
0.32685331551016994
0.32685331551016994
0.3606767433473603
0.9504584860621205
0.9661636677768084
0.3268533902680544
0.3268533902680544
0.32685276796588414
0.32685331551016994
0.3268526932079997
0.3268533902680544
0.3268533902680544
0.32685331551016994
0.9504584860621205
0.7957372607177207
0.32685276796588414
0.34654968327783275
0.3465497580357172
0.32685276796588414
0.32685331551016994
0.3268533902680544
0.32685276796588414
0.32685331551016994
0.32685276796588414
0.32685331551016994
0.32784080261865445
0.32685331551016994
0.32685331551016994
0.3268533902680544
0.3268533902680544
0.32685331551016994
0.3268533902680544
0.3268533902680544
0.32685276796588414
0.32685276796588414
0.32685276796588414
0.32685331551016994
0.3268526932079997
0.3268533902680544
0.3268526932079997
0.32685331551016994
0.32685331551016994
0.32691096543041476
0.32685331551016994
0.32685276796588414
0.3268533902680544
0.32784025507436865
0.3268533902680544
0.3268780111096826
0.3268526932079997
0.3268533902680544
0.32685331551016994
0.32685276796588414
0.3385382442396946
0.32685331551016994
0.3269362085742133
0.3268950956486295
0.3268526932079997
0.32685331551016994
0.3268526932079997
0.32685331551016994
0.34654968327783275
0.3268533902680544
0.3268533902680544
0.3268780111096826
0.32685331551016994
0.3268533902680544
0.3268533902680544
0.32685331551016994
0.3268533902680544
0.32685276796588414
0.32685276796588414
0.32685276796588414
0.32685331551016994
0.32685331551016994
0.3278408773765389
0.3268533902680544
0.32786557297605157
0.523874435592361
0.32685331551016994
0.3268533902680544
0.3268533902680544
0.3471101896982126
0.3268526932079997
0.3268526932079997
0.32685331551016994
0.3292594035902798
0.3268533902680544
0.32685331551016994
0.3268526932079997
0.3268533902680544
0.3274320015580683
0.3381294323199697
0.3268533902680544
0.32685331551016994
0.32979087837814747
0.32685331551016994
0.32685331551016994
0.32685331551016994
0.32839844149697445
0.32685276796588414
0.3268526932079997
0.3268533902680544
0.32685276796588414
0.3465490609756625
0.3667760368601213
0.3268533902680544
0.3268526932079997
0.32685276796588414
0.3268533902680544
1.4414505322587012
0.34654968327783275
0.3268526932079997
0.32685331551016994
0.3268533902680544
0.3292347827486515
0.326935586272043
0.3274138219305498
0.3269362085742133
0.32685331551016994
0.3268533902680544
0.3547235735017491
0.32685276796588414
0.32685276796588414
0.3268533902680544
0.3465497580357172
0.32685331551016994
0.8185156746407507
0.3268526932079997
0.3268526932079997
1.4414401221982664
0.32685276796588414
0.32685276796588414
0.33853816948181015
0.7957641285179022
0.32685331551016994
0.3268526932079997
0.3268526932079997
0.3285886732442594
0.7957371859598362
0.5846117373707335
0.3268774635653968
0.3268533902680544
0.32685331551016994
0.32685276796588414
0.32685331551016994
0.3268533902680544
0.32685276796588414
0.3268526932079997
0.32784080261865445
0.32693628333209773
0.32685276796588414
0.3268533902680544
0.32784080261865445
0.3268533902680544
0.3268780111096826
0.3268533902680544
0.32685276796588414
0.32685276796588414
0.3268526932079997
0.32685331551016994
0.3268533902680544
0.3268526932079997
0.32685276796588414
0.3385382442396946
0.32685331551016994
0.32685331551016994
0.3667760368601213
0.32685276796588414
0.3268533902680544
0.32685331551016994
0.32685331551016994
0.32685331551016994
0.3268526932079997
0.32685276796588414
0.3268526932079997
0.3268526932079997
0.32685276796588414
0.3381293575620853
0.32687808586756706
0.32685276796588414
0.3268533902680544
0.32784080261865445
0.32685276796588414
0.9504594396517244
0.32685331551016994
0.7957640537600177
0.32685331551016994
0.3268533902680544
0.32979157543820214
0.32685331551016994
0.3268526932079997
0.32685276796588414
0.3465490609756625
0.3268533902680544
0.3268526932079997
0.3268533902680544
0.3268533902680544
0.32685331551016994
0.3268533902680544
0.3268780111096826
0.32685331551016994
0.3268533902680544
1.4196441151507115
0.32685331551016994
0.32685331551016994
0.3293176758126949
0.3268526932079997
0.32685331551016994
0.3268526932079997
0.32685331551016994
0.3268526932079997
0.3465684272416519
0.3268704000491168
0.3268533902680544
0.3268533902680544
0.32685331551016994
0.32685331551016994
0.3268533902680544
0.3268533902680544
0.32839915238060635
0.3268533902680544
0.32741444423272004
0.3268526932079997
0.35472349874386466
0.36812444342633344
0.3297733210527992
0.32685276796588414
0.3268703252912324
0.3268526932079997
0.3268533902680544
0.3268533902680544
0.3268526932079997
0.3268533902680544
0.3268526932079997
0.32685331551016994
0.32687808586756706
0.32685276796588414
0.32685331551016994
0.3268526932079997
0.32685331551016994
0.32685276796588414
0.3381294323199697
0.3547235735017491
0.3268533902680544
0.3268526932079997
0.32685276796588414
0.32685331551016994
0.5668283563853936
0.32685331551016994
0.523874435592361
0.329773868597085
0.3268533902680544
0.3268526932079997
0.3268526932079997
0.32685331551016994
0.3268533902680544
0.3293075900510125
0.32685276796588414
0.3268533902680544
1.6051402327923572
0.523874435592361
0.32685331551016994
0.3268533902680544
0.32685331551016994
0.7957640537600177
0.32685331551016994
0.3268526932079997
0.3268526932079997
0.32685331551016994
0.3268704000491168
1.4414405447400374
0.3268533902680544
0.3268780111096826
0.32685276796588414
0.5239048928593155
0.3268533902680544
0.32685331551016994
0.9504594396517244
0.3268533902680544
0.42425582996237565
0.3268533902680544
0.32685331551016994
0.32685331551016994
0.32685331551016994
0.3268526932079997
0.9504664068299455
0.32687102235128707
0.32687808586756706
0.3278408773765389
0.32685331551016994
0.32685331551016994
0.32685331551016994
0.36733646852261675
0.36677548931583553
0.3268709475934026
0.3268533902680544
0.32685331551016994
0.3285787369983459
0.32685276796588414
0.3268533902680544
0.3268533902680544
0.3268533902680544
0.32685276796588414
0.3268533902680544
0.3268533902680544
0.3471937050644262
0.8912329417586258
0.3268526932079997
0.32685331551016994
0.32839915238060635
0.32685331551016994
0.5238745103502453
0.3268533902680544
0.8912240674011968
0.32685331551016994
0.3268526932079997
0.3293075900510125
1.4414395809566978
0.3268526932079997
0.32685331551016994
0.32685276796588414
0.3268703252912324
0.32687808586756706
0.3547235735017491
0.32685276796588414
0.3268526932079997
0.32685331551016994
0.3268533902680544
0.32685276796588414
0.32685331551016994
0.32685331551016994
0.32685276796588414
0.7957640537600177
0.32685331551016994
0.32685331551016994
0.32685331551016994
0.32685276796588414
0.3268533902680544
0.3471107372424984
0.3278408773765389
0.3268526932079997
0.3268780111096826
0.3297909531360319
0.3268526932079997
0.3268526932079997
0.3547235735017491
0.5239049676172
0.3278578123997169
0.32685331551016994
0.32685331551016994
0.3274138219305498
0.32685331551016994
0.32785843470188714
0.32685331551016994
0.32685331551016994
0.3381299798642556
0.32685276796588414
0.7957371859598362
0.4468801815064599
0.36381539689610987
0.32687102235128707
0.3268533902680544
0.32685331551016994
0.3268526932079997
0.3268780111096826
0.3292594035902798
0.32685331551016994
0.3268780111096826
0.32786495067388133
0.32687102235128707
0.32685276796588414
0.32685331551016994
0.3268526932079997
0.32685276796588414
0.425202146245838
0.32685331551016994
0.32685331551016994
0.32685331551016994
0.4242565408460075
0.33217995667719485
0.3465497580357172
0.32839915238060635
0.5668296562675345
0.32685331551016994
0.33853816948181015
0.3285787369983459
0.3268533902680544
0.3268533902680544
0.32685331551016994
0.3268773888075124
0.3268526932079997
0.32685331551016994
0.5668306098571383
0.3268526932079997
0.32685331551016994
0.3465490609756625
0.3268526932079997
0.3268709475934026
0.32685331551016994
0.566855305456651
0.3268773888075124
0.32685331551016994
0.32685331551016994
0.34654913573354695
0.32685331551016994
0.3268780111096826
0.3268526932079997
0.32685331551016994
0.3268533902680544
0.5535388195793819
0.3268533902680544
0.3381299798642556
0.32685331551016994
0.32685331551016994
0.3268533902680544
0.32685331551016994
0.3268533902680544
0.32685331551016994
0.32857866224046145
0.3268533902680544
0.32685331551016994
0.3289581317822853
0.3268526932079997
0.32685331551016994
0.3465497580357172
0.3268533902680544
0.3268526932079997
0.32839844149697445
0.32691096543041476
0.35472295119957886
0.3268526932079997
0.32685331551016994
0.3268526932079997
0.3385375471796399
0.3547475720412071
0.3268526932079997
0.3268533902680544
0.32685331551016994
0.3268533902680544
0.3268526932079997
0.3274143694748356
0.3292493925864818
0.3268533902680544
0.3268526932079997
0.32685331551016994
0.3268526932079997
0.3268526932079997
0.32743844277217804
0.3268533902680544
0.32685276796588414
0.3268533902680544
0.3268526932079997
0.32685331551016994
0.3292594035902798
0.8912329417586258
0.3268526932079997
0.3268533902680544
0.32685276796588414
0.3268780111096826
0.32685331551016994
0.3465497580357172
0.3268526932079997
0.3268526932079997
0.32685331551016994
0.32685331551016994
0.7480326401596271
0.3268533902680544
0.32685331551016994
0.3381299798642556
0.3268533902680544
0.32685331551016994
0.3268533902680544
0.9504594396517244
0.3268533902680544
0.3268533902680544
0.3268526932079997
0.3285886732442594
0.35472295119957886
1.4414514960420408
0.3268533902680544
0.3268533902680544
0.3465497580357172
0.3292594783481642
0.3268533902680544
0.32685276796588414
0.7957372607177207
0.32685331551016994
0.32685331551016994
0.3268533902680544
0.32685331551016994
0.32685331551016994
0.32687808586756706
0.32784080261865445
0.3268526932079997
0.3268533902680544
0.3268533902680544
0.32685276796588414
0.3381294323199697
0.32685331551016994
0.3268533902680544
0.3268533902680544
0.32685331551016994
0.3268526932079997
0.32685331551016994
0.32685331551016994
0.3268533902680544
0.32685331551016994
0.3268533902680544
0.3268533902680544
0.32691151297470056
0.5668283563853936
0.3268526932079997
0.3268780111096826
0.32685276796588414
0.3268533902680544
0.32839844149697445
0.32685276796588414
0.3268533902680544
0.32685331551016994
0.32685331551016994
0.32685276796588414
0.3268533902680544
0.32685276796588414
0.329773868597085
0.32687102235128707
0.32685331551016994
0.32685331551016994
0.32685331551016994
0.32685331551016994
0.3285787369983459
0.32685331551016994
0.3268526932079997
0.347152517380958
0.4242565408460075
0.4505561505925773
0.5238745103502453
0.5238745103502453
0.3268526932079997
0.32685331551016994
0.3268526932079997
0.3268533902680544
0.32685331551016994
0.32685331551016994
0.3268526932079997
0.3268533902680544
0.32685331551016994
0.3268774635653968
0.34654968327783275
0.32685331551016994
0.32685331551016994
0.3268709475934026
0.3268533902680544
0.3268533902680544
0.3268533902680544
0.32685331551016994
0.9504584860621205
0.32691151297470056
0.3667760368601213
0.3268533902680544
0.32685276796588414
0.32685276796588414
0.3268526932079997
0.32839844149697445
0.3268526932079997
0.3268533902680544
0.3268526932079997
0.3268533902680544
0.32685331551016994
0.32685331551016994
0.32784080261865445
0.3268533902680544
0.3268526932079997
0.3268533902680544
1.642925415338399
0.3268526932079997
0.32685276796588414
0.32784080261865445
0.3268533902680544
0.3268526932079997
0.7957371859598362
0.5916830515253669
0.32685331551016994
0.32685331551016994
0.32685331551016994
0.32685331551016994
0.32685276796588414
0.3268533902680544
0.3268526932079997
0.32685331551016994
0.32685331551016994
0.32923470799076704
0.3268780111096826
0.32693628333209773
0.33813005462214
0.32685276796588414
0.326911587732585
0.7961550759813394
0.32685331551016994
0.3268526932079997
0.3268526932079997
0.32685276796588414
0.32691151297470056
0.32685276796588414
0.3268533902680544
0.32685331551016994
0.3268533902680544
0.32685331551016994
0.3268526932079997
0.3268533902680544
0.3268526932079997
0.3268526932079997
0.32685331551016994
0.32685276796588414
0.3268533902680544
0.3268533902680544
0.3268526932079997
0.32685276796588414
0.3268533902680544
0.32741444423272004
0.3268533902680544
0.32685331551016994
0.3268533902680544
0.3268533902680544
0.3268780111096826
0.3268526932079997
0.32685331551016994
0.32685331551016994
0.5535227430530666
0.3268526932079997
0.3269108906725303
0.32685331551016994
0.32784025507436865
0.32685331551016994
0.3268526932079997
0.32685331551016994
0.3268533902680544
0.3268533902680544
0.32685331551016994
0.3268533902680544
0.3268533902680544
0.3268526932079997
0.32685276796588414
0.3268533902680544
0.3268704000491168
0.32685276796588414
0.32685331551016994
0.32685331551016994
0.3285787369983459
0.3268533902680544
0.32685331551016994
0.32685331551016994
1.4414391584149269
0.4242869981129621
0.3268526932079997
0.32685276796588414
0.32685276796588414
0.32685331551016994
0.3292246969869691
0.3268533902680544
0.32685276796588414
0.38197340787711287
0.32923470799076704
0.3292493925864818
0.32685331551016994
0.8665504652361888
0.32685331551016994
0.3268526932079997
0.3268780111096826
0.3268533902680544
0.32685276796588414
0.3268780111096826
0.32685331551016994
0.3268526932079997
0.8912250209908006
0.3268533902680544
0.33853816948181015
0.32685276796588414
0.32685276796588414
0.33813005462214
0.32685331551016994
0.3268533902680544
0.3268526932079997
0.32685331551016994
0.32687808586756706
0.32685331551016994
0.32685331551016994
0.3268533902680544
0.3465497580357172
0.32685276796588414
0.3268526932079997
0.3268709475934026
0.3268526932079997
0.32685331551016994
0.32685276796588414
0.3268533902680544
0.32685331551016994
0.32784080261865445
0.32685331551016994
0.3381294323199697
0.3268526932079997
0.32685276796588414
0.3268533902680544
0.3268526932079997
0.3268533902680544
0.3268533902680544
0.35472295119957886
0.32685331551016994
0.32685331551016994
0.3268526932079997
0.32685331551016994
0.3268533902680544
0.3268526932079997
0.32685331551016994
0.3268533902680544
0.32685276796588414
0.3268526932079997
0.3381294323199697
0.32923470799076704
0.3268533902680544
0.32687808586756706
1.4414505322587012
0.32685331551016994
0.32685276796588414
0.3268533902680544
0.3268526932079997
0.32685331551016994
0.3465744536352299
0.3268533902680544
0.5239049676172
0.32687102235128707
0.32685331551016994
0.3268709475934026
0.3268533902680544
0.3297733210527992
0.32685331551016994
0.5240900617944523
0.32685331551016994
0.32685331551016994
1.4414510735002701
0.3268526932079997
0.3268773888075124
0.32693628333209773
0.3268703252912324
0.3268526932079997
1.5571373730854747
0.32691151297470056
0.36677548931583553
0.32687808586756706
0.32685331551016994
0.32685331551016994
0.32839915238060635
1.4420483337012993
0.32685276796588414
0.32685276796588414
0.3268533902680544
0.32685331551016994
0.3471101896982126
0.3285887480021438
0.3268526932079997
0.32685331551016994
0.32685331551016994
0.32685331551016994
0.3268709475934026
0.32685331551016994
0.3268533902680544
0.8912250209908006
0.3268526932079997
0.5716718193404766
0.3268533902680544
0.3268703252912324
0.3268533902680544
0.32685276796588414
0.32685331551016994
0.32685331551016994
0.32685276796588414
0.329773868597085
0.32685331551016994
0.32685331551016994
0.32685331551016994
0.3268533902680544
0.32687808586756706
0.3268526932079997
0.3297909531360319
1.4414514960420408
0.32687102235128707
0.32685331551016994
0.3268526932079997
0.32685331551016994
0.3268526932079997
0.35472295119957886
0.3385641554016155
0.3268526932079997
0.32685331551016994
0.3268526932079997
