0.32857866224046145
0.3268526932079997
0.3268526932079997
0.3465490609756625
0.553522817810951
0.3268526932079997
0.32685276796588414
0.3268526932079997
0.32685276796588414
0.3268703252912324
0.3465490609756625
0.3268526932079997
0.3268526932079997
0.32685276796588414
0.3268526932079997
0.3268526932079997
0.3268526932079997
0.3268526932079997
0.32685331551016994
0.3268526932079997
0.3268526932079997
0.3268526932079997
0.3268526932079997
0.32685276796588414
0.3268526932079997
0.3283978191948042
0.3268526932079997
0.3268526932079997
0.3283978191948042
0.3268526932079997
0.3268526932079997
0.32691096543041476
0.3268526932079997
0.3268526932079997
0.32685276796588414
0.3268526932079997
0.3268526932079997
0.3268526932079997
0.3268526932079997
0.3268526932079997
0.3268526932079997
0.3268526932079997
0.3268526932079997
0.3268526932079997
0.32685331551016994
0.32685331551016994
0.32685331551016994
1.4414401221982664
1.4421959148868893
0.3268526932079997
0.3292246969869691
0.3268526932079997
0.3268526932079997
0.3268526932079997
0.32685331551016994
0.3268526932079997
0.3497713009455119
0.35472295119957886
0.3268526932079997
0.326935586272043
0.3268526932079997
0.3268526932079997
0.3268526932079997
0.3268526932079997
0.3278401803164842
0.32685331551016994
0.3268526932079997
0.3268526932079997
0.3268526932079997
0.3268526932079997
0.3268526932079997
0.3268526932079997
0.32685331551016994
0.3268526932079997
0.3268526932079997
0.3268526932079997
0.3268526932079997
0.3268526932079997
0.32685331551016994
0.32685331551016994
0.3268526932079997
0.3297732462949148
0.32685276796588414
0.3268526932079997
0.3268526932079997
0.3268526932079997
0.3268526932079997
0.32685276796588414
0.3268526932079997
0.3268526932079997
0.3268526932079997
0.3268526932079997
0.3268526932079997
0.3268526932079997
0.3268526932079997
0.3268526932079997
0.3268526932079997
1.4414501097169305
0.3268526932079997
0.3268526932079997
0.7957371859598362
0.32685276796588414
0.3268526932079997
0.3381294323199697
0.3268526932079997
0.3268526932079997
0.3268526932079997
0.3268526932079997
0.3268526932079997
0.3268526932079997
0.3268526932079997
0.3268526932079997
0.32685276796588414
0.3268526932079997
0.32860343259785857
0.32685331551016994
0.3268526932079997
0.32685276796588414
0.32857866224046145
0.3268526932079997
0.3268526932079997
0.3268526932079997
0.3268526932079997
0.32685276796588414
0.3268526932079997
0.3268526932079997
0.32685331551016994
0.3547228764416944
0.3268526932079997
0.3268526932079997
0.3283985300784361
1.4414391584149269
0.3268526932079997
0.32685276796588414
0.3268526932079997
0.3268526932079997
0.3268526932079997
0.3268526932079997
0.3268533902680544
0.3268526932079997
0.32685331551016994
0.3268526932079997
0.32741374717266536
0.3268526932079997
0.3268526932079997
0.3268526932079997
0.3268526932079997
0.3268526932079997
0.3268526932079997
0.32685276796588414
0.3268526932079997
0.3268526932079997
1.4414501097169305
0.3268526932079997
0.3268526932079997
0.3268526932079997
0.3268526932079997
0.3268526932079997
0.3381293575620853
0.3268526932079997
0.3268526932079997
0.3268526932079997
0.3268526932079997
0.32685276796588414
0.3286209899232069
0.3268526932079997
0.32685331551016994
0.3268526932079997
0.3268526932079997
0.3268526932079997
0.3292246969869691
0.32685276796588414
0.3596379994369149
0.3268526932079997
0.3268526932079997
0.3268526932079997
0.32685276796588414
0.32685331551016994
0.3268526932079997
0.3268526932079997
0.3292246969869691
0.3268526932079997
0.32685276796588414
0.3268526932079997
0.3268526932079997
0.3268526932079997
0.3268526932079997
0.32685276796588414
0.3269108906725303
0.3268526932079997
0.32685276796588414
0.3268526932079997
0.3268526932079997
0.3268526932079997
0.3268526932079997
0.7960346074965317
0.32685276796588414
0.32741374717266536
0.3268526932079997
0.3268526932079997
0.3285787369983459
0.3268526932079997
0.32685276796588414
0.33853762193752435
0.3268526932079997
0.3268526932079997
0.32685276796588414
0.3268526932079997
0.3465490609756625
0.3292246969869691
0.3268526932079997
0.3268526932079997
0.5668554230048553
0.3278401803164842
0.3268526932079997
0.3278401803164842
0.3268526932079997
0.3268526932079997
0.3268526932079997
0.32685276796588414
0.3268526932079997
0.3268526932079997
0.3268526932079997
0.32857866224046145
0.32857866224046145
0.32867156630830274
0.3268526932079997
0.32685276796588414
0.326935586272043
0.3268526932079997
0.3268526932079997
0.7960593030960443
0.32685276796588414
0.3268526932079997
0.32685331551016994
0.3547228764416944
0.3268526932079997
0.3268526932079997
0.3268526932079997
0.3268526932079997
0.3268526932079997
0.3268526932079997
0.3385622427791526
0.3268526932079997
0.3268526932079997
0.3268526932079997
0.3381293575620853
0.3268526932079997
0.3268526932079997
0.3268526932079997
0.3268526932079997
0.4468801815064599
0.32685276796588414
0.3268703252912324
0.3268526932079997
0.3268526932079997
0.3268526932079997
0.3268526932079997
0.3268526932079997
0.3268773888075124
0.32685331551016994
0.3268526932079997
0.3268526932079997
0.32685331551016994
0.3268526932079997
0.32685276796588414
0.3268526932079997
0.3268526932079997
0.5239048928593155
0.3268526932079997
0.3268526932079997
0.4242869981129621
0.3268526932079997
0.3268526932079997
0.3268526932079997
0.3268526932079997
0.3268526932079997
0.3283978191948042
0.3268526932079997
0.3268526932079997
0.3268526932079997
0.3268526932079997
0.3547811486641095
0.3268773888075124
0.3268526932079997
0.3268526932079997
0.3268526932079997
0.3268526932079997
0.3268526932079997
0.3268526932079997
0.4242869981129621
0.3268526932079997
0.3268526932079997
0.3268526932079997
1.4414391584149269
0.32685331551016994
0.32685276796588414
0.4476109463457155
0.3268526932079997
0.32685276796588414
0.3268526932079997
0.5668293099749976
0.32685276796588414
0.3268526932079997
0.3268526932079997
0.3268526932079997
0.3268526932079997
0.3268526932079997
0.32685276796588414
0.3268526932079997
0.32685276796588414
0.3268526932079997
0.3268526932079997
0.32685276796588414
0.3268526932079997
0.3268774635653968
0.32685331551016994
0.35613132629940314
0.3268526932079997
0.3268526932079997
1.4414395809566978
0.3268526932079997
0.3268526932079997
0.7890753533288195
0.3268526932079997
0.3268526932079997
0.32685276796588414
0.3274138219305498
0.32685276796588414
0.3268526932079997
0.3268526932079997
0.3268526932079997
0.3268526932079997
0.3268526932079997
0.35067200026716827
0.32923470799076704
0.3268526932079997
0.3268526932079997
0.3285787369983459
0.3268526932079997
0.3268526932079997
0.32685276796588414
0.3268526932079997
0.3465490609756625
0.3268526932079997
0.3268526932079997
0.3268526932079997
0.79605922833816
0.32685276796588414
0.3268526932079997
0.3268526932079997
0.3471101149403282
0.3268526932079997
0.3268526932079997
0.3268526932079997
0.3268526932079997
0.3268526932079997
0.32685331551016994
0.3268526932079997
0.3268703252912324
0.3278401803164842
0.3268526932079997
0.5668283563853936
0.32685331551016994
0.32685331551016994
0.5542563160867429
0.32743137925589805
0.3268526932079997
0.3268526932079997
1.177371526481171
0.3268526932079997
0.3268526932079997
0.32685276796588414
0.3268526932079997
0.3268526932079997
0.32685331551016994
0.3268526932079997
1.4414395809566978
0.3268526932079997
0.3268526932079997
0.32685276796588414
0.32685276796588414
0.32685331551016994
0.3268526932079997
0.3268526932079997
0.32685276796588414
0.3268703252912324
0.3268526932079997
0.3268526932079997
0.3268526932079997
0.3268526932079997
0.3268703252912324
0.3268526932079997
0.32741374717266536
0.3283978191948042
0.5821313837254203
0.3268526932079997
0.3268526932079997
0.32895679859648314
0.32685276796588414
0.3268526932079997
0.3268526932079997
0.32685276796588414
0.3268526932079997
0.3297732462949148
0.3268526932079997
0.3268526932079997
0.32685276796588414
0.32685276796588414
0.3268773888075124
0.326935586272043
0.3268526932079997
0.3268526932079997
0.3283978191948042
0.32685276796588414
0.3268526932079997
0.32685276796588414
0.3268526932079997
0.3268526932079997
0.3268526932079997
0.32685276796588414
0.3268526932079997
0.3667754145579511
0.3268526932079997
0.3268526932079997
0.3268526932079997
0.3268526932079997
0.32685331551016994
0.32685276796588414
0.3268526932079997
0.3268526932079997
0.3268526932079997
0.32979087837814747
0.3268526932079997
0.3268526932079997
0.32685276796588414
0.3268526932079997
0.3268526932079997
0.32685276796588414
0.3268526932079997
0.3268526932079997
0.32685331551016994
0.3268526932079997
0.3268526932079997
0.3268526932079997
0.8912319881690218
1.4414396912489809
0.32685276796588414
0.3268526932079997
0.3268526932079997
0.3268526932079997
0.3268526932079997
0.3268526932079997
0.3268526932079997
0.3268526932079997
0.3268774635653968
0.32741374717266536
0.32685276796588414
0.3268526932079997
0.3268526932079997
0.3268526932079997
0.32895679859648314
0.3268526932079997
0.3268526932079997
0.3268526932079997
0.35472295119957886
0.3268526932079997
0.35011435405129143
0.32685276796588414
0.3268526932079997
0.3268526932079997
0.3268526932079997
0.32685276796588414
0.3268526932079997
0.3268526932079997
0.3381293575620853
0.3268533902680544
0.3278401803164842
0.32860343259785857
0.3268526932079997
0.3283978191948042
0.3268526932079997
0.3268526932079997
0.3268526932079997
0.3268526932079997
0.3268526932079997
0.3268526932079997
0.3268526932079997
0.3268526932079997
0.3268526932079997
0.3268526932079997
0.3268526932079997
0.3268526932079997
0.3268526932079997
0.3268526932079997
0.3268526932079997
0.44687947062282807
0.32685276796588414
0.3268526932079997
0.3268526932079997
0.9504673604195495
0.3268526932079997
0.32685276796588414
0.3268526932079997
0.3268526932079997
0.32685331551016994
0.3268526932079997
0.3268526932079997
0.3268526932079997
0.3268526932079997
0.3268526932079997
0.3268526932079997
0.3268533902680544
0.34656709405584973
0.3268526932079997
0.3286368597049921
0.3268526932079997
0.3268526932079997
0.32685276796588414
0.3268526932079997
0.3268526932079997
0.3268526932079997
0.32685276796588414
0.3268526932079997
0.32685331551016994
0.3292246969869691
0.3268526932079997
0.3268526932079997
0.3268526932079997
0.32685276796588414
0.3268526932079997
0.32784025507436865
0.3268526932079997
0.3268526932079997
0.3269108906725303
0.3547228764416944
0.9504664068299455
0.32685331551016994
0.3268526932079997
0.3268526932079997
0.3268526932079997
0.3268526932079997
0.3268526932079997
0.3268526932079997
0.3268526932079997
0.32685276796588414
0.3268526932079997
0.3268526932079997
0.3268526932079997
0.3268526932079997
0.3268526932079997
0.3268526932079997
0.32685276796588414
0.3381293575620853
0.3268526932079997
0.3268526932079997
0.3268526932079997
0.3292246969869691
0.3268526932079997
0.3268526932079997
0.3268526932079997
0.3268704000491168
0.35472295119957886
0.3268526932079997
0.3268526932079997
0.32685276796588414
0.3268526932079997
0.3268526932079997
0.3278401803164842
0.3268526932079997
0.32685331551016994
0.32685276796588414
0.3268526932079997
0.3268526932079997
0.35472295119957886
0.3268526932079997
0.3268526932079997
0.3268526932079997
0.3268526932079997
0.3268526932079997
0.3268526932079997
0.3268526932079997
0.32685331551016994
0.3268526932079997
0.32979087837814747
0.3268526932079997
0.3268526932079997
0.3268526932079997
0.3268526932079997
0.3268526932079997
0.3268526932079997
0.3268526932079997
0.35472349874386466
0.3381293575620853
0.32685331551016994
0.3268526932079997
0.3268526932079997
0.32741374717266536
0.3268526932079997
0.32784025507436865
0.32922477174485354
0.32685276796588414
0.3268526932079997
0.3268526932079997
0.3268526932079997
0.3268526932079997
0.3268526932079997
0.32685331551016994
0.5822957654151671
0.3268526932079997
0.3268526932079997
0.3268526932079997
0.3268526932079997
0.32685276796588414
0.3268526932079997
0.3268526932079997
0.3268526932079997
0.3268526932079997
0.3268526932079997
0.3268526932079997
0.3268526932079997
0.3268526932079997
0.3268526932079997
0.3268526932079997
0.32685276796588414
1.4414395809566978
0.3268526932079997
0.32685331551016994
0.32685276796588414
0.32685331551016994
0.3268526932079997
0.3268526932079997
1.4414501097169305
0.3381293575620853
0.3268526932079997
0.3268526932079997
0.3268526932079997
0.33853816948181015
0.3268526932079997
0.3268526932079997
0.3268526932079997
0.3268526932079997
0.3268526932079997
0.3268526932079997
0.3268526932079997
0.3268526932079997
0.32685276796588414
0.3268526932079997
0.3268526932079997
0.3269108906725303
0.3268526932079997
0.3268526932079997
0.32685276796588414
0.3297732462949148
0.3283978191948042
0.3268526932079997
0.32685331551016994
0.32685276796588414
0.3268703252912324
0.3268526932079997
0.3268526932079997
0.3297732462949148
0.3268526932079997
0.3465490609756625
0.3268526932079997
0.32685276796588414
0.3268774635653968
0.3268526932079997
0.3274138219305498
0.3268526932079997
0.3268526932079997
0.49279872199994634
0.32685276796588414
0.3471101896982126
0.3268526932079997
0.3268526932079997
0.79605922833816
0.3268526932079997
0.3268703252912324
0.3268526932079997
0.32685331551016994
0.32685331551016994
0.32860335783997413
0.32685276796588414
0.3268526932079997
0.3268526932079997
0.3268526932079997
0.3268526932079997
0.3268526932079997
0.3268526932079997
0.3292246969869691
0.32685276796588414
0.3268526932079997
0.3297732462949148
0.3268526932079997
0.3268526932079997
0.8885099937127958
0.3268526932079997
0.3268526932079997
0.32685331551016994
0.3268526932079997
1.4623479772136092
0.3268526932079997
0.3268526932079997
0.3268526932079997
0.3268526932079997
0.3268526932079997
0.3268526932079997
0.3283978191948042
0.32685276796588414
1.4414395809566978
0.3268526932079997
0.3268526932079997
0.3297732462949148
0.3268526932079997
0.3268526932079997
0.32685276796588414
0.3268526932079997
0.3268526932079997
0.3268526932079997
0.328957509480115
0.3268526932079997
0.3268526932079997
0.3268526932079997
0.3278401803164842
0.3268526932079997
0.5668283563853936
0.3268526932079997
0.3268526932079997
0.32784080261865445
0.3268526932079997
0.5668283563853936
0.32685276796588414
0.32685276796588414
0.3268526932079997
0.3381293575620853
0.3268526932079997
0.32685276796588414
0.32685276796588414
0.3268526932079997
0.3385375471796399
0.3268526932079997
0.3268526932079997
0.3268526932079997
0.32685276796588414
0.3268526932079997
0.3268526932079997
0.32685331551016994
0.3268526932079997
0.3465490609756625
0.32685276796588414
0.3268526932079997
0.32685276796588414
0.3268526932079997
0.3268526932079997
0.3268526932079997
0.3268526932079997
0.32685276796588414
0.3268526932079997
0.3268526932079997
0.3268526932079997
0.3268526932079997
0.3286615553045048
0.3268526932079997
0.3268526932079997
0.3268526932079997
0.3268526932079997
0.32685331551016994
0.3268526932079997
0.3268526932079997
0.3268526932079997
0.32685276796588414
0.32685276796588414
0.3465490609756625
0.3268526932079997
0.32857866224046145
0.3268533902680544
0.32685331551016994
0.3268526932079997
0.3268526932079997
0.3268526932079997
0.3268526932079997
0.3268526932079997
0.3268526932079997
0.3268526932079997
0.9800895140149453
0.3292246969869691
0.3268526932079997
0.3268526932079997
0.32685276796588414
0.3268526932079997
0.3297732462949148
0.3268526932079997
0.32685276796588414
0.3268526932079997
0.3268526932079997
0.3268526932079997
0.3268526932079997
0.3268526932079997
0.3268526932079997
0.32685331551016994
0.3268703252912324
0.3268526932079997
1.4414391584149269
0.3268533902680544
0.3268526932079997
0.3268526932079997
0.3268526932079997
0.3268526932079997
0.3268526932079997
0.3268526932079997
0.3268526932079997
0.35472295119957886
0.3268526932079997
0.32685276796588414
0.3268703252912324
0.3268526932079997
0.3268526932079997
0.3268526932079997
0.3268526932079997
0.3268526932079997
0.3297909531360319
0.3283978191948042
0.3292246969869691
0.32685331551016994
0.3268526932079997
0.3268526932079997
0.3268526932079997
0.3268526932079997
0.32685276796588414
1.4414501097169305
0.32685331551016994
0.3268526932079997
0.3268526932079997
0.3268773888075124
0.32685331551016994
0.3268526932079997
0.3268526932079997
0.3268526932079997
0.3268526932079997
0.3268533902680544
0.3268526932079997
0.3268526932079997
0.3268526932079997
0.3268526932079997
0.3268526932079997
0.5668283563853936
0.3292246969869691
0.3268526932079997
0.3268526932079997
0.3268526932079997
0.3268526932079997
0.3268526932079997
0.3268526932079997
0.3268526932079997
0.3268526932079997
0.3268526932079997
0.3268526932079997
0.3268526932079997
0.3268526932079997
0.3268526932079997
0.3268526932079997
0.3268526932079997
0.3268526932079997
0.9510257380222
0.32685276796588414
0.3268526932079997
0.3268526932079997
0.3268703252912324
0.3268526932079997
0.3297732462949148
0.32685331551016994
0.3268526932079997
0.3268526932079997
0.3268526932079997
0.32685276796588414
0.338130647882378
0.32685331551016994
0.3268526932079997
0.3268526932079997
0.3268526932079997
0.32685276796588414
0.3297732462949148
0.3268526932079997
0.3268526932079997
0.3268526932079997
0.32857866224046145
0.32685276796588414
0.3268526932079997
0.3268526932079997
0.3268526932079997
0.3778889061296925
0.3268526932079997
0.3268526932079997
0.9506534234579636
0.3268526932079997
0.3268526932079997
0.7891175280268861
0.32685276796588414
0.3268526932079997
0.3268526932079997
0.3297732462949148
0.3268526932079997
0.3268526932079997
0.3268703252912324
0.3297732462949148
0.3268526932079997
0.7960345327386473
0.3268526932079997
0.32685276796588414
0.3268526932079997
0.3268526932079997
0.3268526932079997
0.3268526932079997
0.4242869981129621
0.951212754650218
0.3268526932079997
0.3268526932079997
0.3268526932079997
0.32685276796588414
0.3268526932079997
0.3268526932079997
0.3268526932079997
0.32685331551016994
0.32741374717266536
0.3268526932079997
0.3268526932079997
0.3268526932079997
0.3268526932079997
0.3268526932079997
0.3268526932079997
0.3268526932079997
0.3268526932079997
0.3268526932079997
0.32685331551016994
0.3268526932079997
0.3268526932079997
0.3268526932079997
0.3381293575620853
0.3381293575620853
0.8912319881690218
0.3268526932079997
0.3292493925864818
0.3268526932079997
0.3268526932079997
0.3268526932079997
0.32685331551016994
0.3268526932079997
0.3268526932079997
0.3268526932079997
0.32685331551016994
0.3268526932079997
0.32685331551016994
0.3297732462949148
0.3292246969869691
0.32685276796588414
0.32685276796588414
0.3268526932079997
0.3268526932079997
0.3268526932079997
0.326935586272043
0.3268526932079997
0.3268526932079997
0.3268526932079997
0.3268526932079997
0.32923470799076704
0.3268526932079997
0.3465490609756625
0.3268526932079997
0.32685276796588414
0.3268773888075124
0.3268533902680544
0.3268526932079997
0.32685276796588414
0.3268526932079997
0.32685276796588414
0.3268526932079997
0.3268526932079997
0.32685276796588414
0.3268526932079997
0.3268526932079997
0.3268526932079997
0.32685331551016994
0.796796215668562
0.3268526932079997
0.3268526932079997
0.5239049676172
0.32691096543041476
0.3283978191948042
0.3268526932079997
0.3268526932079997
0.32860335783997413
0.3268526932079997
0.32685276796588414
0.3268526932079997
0.3268526932079997
0.32685276796588414
0.3268526932079997
0.3268526932079997
0.3268526932079997
