0.36466627175655975
0.3268526932079997
0.553522817810951
0.3268780111096826
0.3268773888075124
0.32685276796588414
0.3268533902680544
0.3297733210527992
0.3268773888075124
0.32685331551016994
0.3268533902680544
0.32685331551016994
0.32685331551016994
0.32685331551016994
0.3269108906725303
0.32685331551016994
0.3269362085742133
0.32691151297470056
0.32685331551016994
0.32685331551016994
0.32687808586756706
0.32685331551016994
0.3268526932079997
0.32685331551016994
0.3268709475934026
0.3268773888075124
0.3274143694748356
0.3268780111096826
0.3268526932079997
0.3268773888075124
0.3268526932079997
0.3268773888075124
0.3268526932079997
0.32685331551016994
0.32685331551016994
0.3269108906725303
0.3268773888075124
0.3268526932079997
0.326935586272043
0.32685331551016994
0.3268773888075124
0.3297732462949148
0.32687808586756706
0.32687808586756706
0.3268526932079997
0.32685276796588414
0.32691151297470056
0.3268533902680544
0.32691151297470056
0.3268533902680544
0.32685331551016994
0.32685331551016994
0.3268780111096826
0.3268526932079997
0.32685331551016994
0.3268780111096826
0.3268533902680544
0.3268526932079997
0.32685331551016994
0.32685331551016994
0.32685331551016994
0.3268526932079997
0.32685276796588414
0.3268773888075124
0.32691096543041476
0.3268526932079997
0.32685331551016994
0.3269108906725303
0.32687808586756706
0.32741374717266536
0.32685331551016994
0.3268533902680544
0.3268773888075124
0.32685331551016994
0.32687808586756706
0.32685331551016994
0.32687808586756706
0.32685331551016994
0.32685331551016994
0.32685331551016994
0.3268533902680544
0.32691151297470056
0.5239049676172
0.32685331551016994
0.3268773888075124
0.3268533902680544
0.3268533902680544
0.32685331551016994
0.32685331551016994
0.32691151297470056
0.7960593030960443
0.32685331551016994
0.3268533902680544
0.3268526932079997
0.3268526932079997
0.3268526932079997
0.3268526932079997
0.32691151297470056
0.3292246969869691
0.3268526932079997
0.3268526932079997
0.32685331551016994
0.3268526932079997
0.3268526932079997
0.3268526932079997
0.3269362085742133
1.4414510650927552
0.3268773888075124
0.3268533902680544
0.3268780111096826
0.32685331551016994
0.32685331551016994
0.3268526932079997
0.5822696523853095
0.32685276796588414
0.32685331551016994
0.32687808586756706
0.32687808586756706
0.3268526932079997
0.32687808586756706
0.32685331551016994
0.32685276796588414
0.3268780111096826
0.3268526932079997
0.32691096543041476
0.32747256693936627
0.326911587732585
0.3268773888075124
0.3268526932079997
0.32685331551016994
0.3268780111096826
0.3268526932079997
0.3539543854007433
0.3268780111096826
0.3268780111096826
0.32685331551016994
0.3268526932079997
0.32685331551016994
0.3268526932079997
0.3268526932079997
0.32685331551016994
0.32685331551016994
0.3268526932079997
0.32685331551016994
0.32685331551016994
1.4414510735002701
0.32685331551016994
0.32685276796588414
0.32685331551016994
0.3268526932079997
0.32685331551016994
0.3268773888075124
0.32685331551016994
0.8917833985934511
0.32685276796588414
0.3268526932079997
0.32685331551016994
0.32685331551016994
0.3268773888075124
0.3268774635653968
0.3268780111096826
0.32685331551016994
0.3268526932079997
0.3268526932079997
0.3268773888075124
0.3268526932079997
0.3268774635653968
0.32685331551016994
0.3268780111096826
0.3268526932079997
0.32685331551016994
0.3268773888075124
0.32685331551016994
0.3274390650743483
0.3268533902680544
0.3268774635653968
0.32687808586756706
0.3268773888075124
0.3268773888075124
0.3268780111096826
0.32685331551016994
0.3268526932079997
0.3268773888075124
0.3268773888075124
0.32685331551016994
0.3268526932079997
0.32685331551016994
0.3268774635653968
0.3268526932079997
0.3268780111096826
0.32685331551016994
0.3268526932079997
0.3268780111096826
0.3268703252912324
0.3268956431929153
0.582157496755278
0.32685331551016994
0.3268773888075124
0.3268526932079997
0.3268780111096826
0.3268533902680544
0.32685331551016994
0.32685331551016994
0.3268774635653968
0.3268773888075124
0.32685331551016994
0.3268774635653968
0.3268526932079997
0.32685331551016994
0.3268704000491168
0.3268773888075124
0.3274143694748356
0.3268773888075124
0.32685331551016994
0.3268533902680544
0.3268773888075124
0.3381299798642556
0.32685331551016994
0.42425582996237565
0.3268773888075124
0.3268526932079997
0.32685331551016994
0.32685331551016994
0.32685331551016994
0.32685331551016994
0.3268780111096826
0.3268533902680544
0.3268774635653968
0.32685331551016994
0.3268780111096826
0.3268533902680544
0.3268780111096826
0.32685331551016994
0.3547412055849818
0.3268526932079997
0.32685331551016994
0.3268526932079997
0.32839915238060635
0.3268526932079997
0.3268526932079997
0.3268780111096826
0.3268526932079997
0.32685276796588414
0.32687808586756706
0.3268526932079997
0.3268526932079997
0.3268526932079997
0.3268526932079997
0.32685331551016994
0.3268780111096826
0.32687808586756706
0.3268526932079997
0.32691151297470056
0.3268533902680544
0.3268526932079997
0.32685331551016994
0.3268526932079997
0.3268533902680544
0.3268526932079997
0.3268526932079997
0.3268526932079997
0.3274385175300625
0.3268773888075124
0.3268780111096826
0.32685276796588414
0.32687808586756706
0.32691151297470056
0.3268526932079997
0.32685331551016994
0.35474819434337734
0.3268526932079997
0.32685331551016994
0.32685331551016994
0.3268533902680544
0.32685331551016994
0.3268773888075124
0.32685331551016994
0.3268526932079997
0.3268780111096826
0.32685331551016994
0.32685331551016994
0.32685331551016994
0.32685331551016994
0.32685331551016994
0.32685276796588414
0.32685331551016994
0.32693566102992744
0.3269362085742133
0.32685331551016994
0.32685331551016994
0.3268526932079997
0.3268526932079997
0.3268526932079997
0.3268533902680544
0.3268773888075124
0.32685331551016994
0.32685331551016994
0.3268780111096826
0.3268526932079997
0.3268526932079997
0.32687808586756706
0.3268526932079997
0.32685331551016994
0.3268533902680544
0.3268526932079997
0.32685331551016994
0.32685331551016994
0.3274143694748356
0.32685331551016994
0.3268526932079997
0.32685331551016994
0.32687808586756706
0.3268526932079997
0.3268773888075124
0.32685331551016994
0.3268526932079997
0.32685331551016994
0.32685331551016994
0.3268780111096826
0.3268526932079997
0.3385375471796399
0.3268526932079997
0.5190267401114681
0.3286133688437721
0.3268526932079997
0.326911587732585
0.3268780111096826
0.32685331551016994
0.3547811486641095
0.3268526932079997
0.3268780111096826
0.32691151297470056
0.32685331551016994
0.32685331551016994
0.32685331551016994
0.3268526932079997
0.3268526932079997
0.32685276796588414
0.3268773888075124
0.3268533902680544
0.3268526932079997
0.3268773888075124
0.3268526932079997
0.3385375471796399
0.3268533902680544
0.32685331551016994
0.3268773888075124
0.3268526932079997
0.32687808586756706
0.3268773888075124
0.3268780111096826
0.32685276796588414
0.3268773888075124
0.3268774635653968
0.32685331551016994
0.34711081200038285
0.32685331551016994
0.32685331551016994
0.32691151297470056
0.3268780111096826
0.3268780111096826
0.32691151297470056
0.3268526932079997
0.32685331551016994
0.3471101149403282
0.32685331551016994
0.32685331551016994
0.32685331551016994
0.3268780111096826
0.3268526932079997
0.3268526932079997
0.3269108906725303
0.32685331551016994
0.32685331551016994
0.3268526932079997
0.32685331551016994
0.32685276796588414
0.32685331551016994
0.3268526932079997
0.32685331551016994
0.3268526932079997
0.32685331551016994
0.33853816948181015
0.3268526932079997
0.32685331551016994
0.3268526932079997
0.3268533902680544
0.3268533902680544
0.32687808586756706
0.32685331551016994
0.32685331551016994
0.3471348852977253
0.3268526932079997
0.3268780111096826
0.3268773888075124
0.7957619563172333
0.326911587732585
0.3268780111096826
0.3268780111096826
0.32685331551016994
0.3268780111096826
0.3268526932079997
0.3268526932079997
0.3268526932079997
0.8912487630007094
0.3268526932079997
0.3268780111096826
0.32839915238060635
0.32685276796588414
0.3268526932079997
0.326911587732585
0.32685331551016994
0.3268780111096826
0.32685331551016994
0.32685331551016994
0.32693566102992744
0.3268526932079997
0.32685331551016994
0.3268533902680544
0.8912240674011968
0.3268533902680544
0.32685331551016994
0.3268526932079997
0.3268773888075124
0.3269362085742133
0.32685331551016994
0.3268709475934026
0.32685276796588414
0.3269362085742133
0.32691151297470056
0.326911587732585
0.3268526932079997
0.3268526932079997
0.3268526932079997
0.32685276796588414
0.3268780111096826
0.32685331551016994
0.3268773888075124
0.3269108906725303
0.32685331551016994
0.32691151297470056
0.32685331551016994
0.32685331551016994
0.7483010216954723
0.3268773888075124
0.3268773888075124
0.32691151297470056
0.3268526932079997
0.32685331551016994
0.3268773888075124
0.32685331551016994
0.32687808586756706
0.3268533902680544
0.32685331551016994
0.3268526932079997
0.3268533902680544
0.3268526932079997
0.3268526932079997
0.3268780111096826
0.32685331551016994
0.3268780111096826
0.32685331551016994
1.4414401221982664
0.32685331551016994
0.32685331551016994
0.32685331551016994
0.32685331551016994
0.32685331551016994
0.3547235735017491
0.3268526932079997
0.32685331551016994
0.32685276796588414
0.3269108906725303
0.32685331551016994
0.3268526932079997
0.3268773888075124
0.3268526932079997
0.3268533902680544
0.32685331551016994
0.32687808586756706
0.32685331551016994
0.3268526932079997
0.32685331551016994
0.3268526932079997
0.32685331551016994
0.3268533902680544
0.32685331551016994
0.32691151297470056
0.32685331551016994
0.3268526932079997
0.3268533902680544
0.32685331551016994
0.3268526932079997
0.32685331551016994
0.32685331551016994
0.33853816948181015
0.34656709405584973
0.32981619627983044
0.3268526932079997
0.32685331551016994
0.32685331551016994
0.3268773888075124
0.32685331551016994
0.3278408773765389
0.3297909531360319
0.3268526932079997
0.3268526932079997
0.32685331551016994
0.32685331551016994
0.3268533902680544
0.3268526932079997
0.3268780111096826
0.3268526932079997
0.32685276796588414
0.32685331551016994
0.32685331551016994
0.3268780111096826
0.5537078372303189
0.3268526932079997
0.3268526932079997
1.4414396912489809
0.3268773888075124
0.3268526932079997
0.3268526932079997
0.32691151297470056
0.3268533902680544
0.3268526932079997
0.3268526932079997
0.3268773888075124
0.582156079324933
0.3268780111096826
0.32685331551016994
0.32685331551016994
0.3268526932079997
0.3268526932079997
0.3268526932079997
0.3268533902680544
0.32685331551016994
0.3268533902680544
0.523874435592361
0.32685331551016994
0.3268533902680544
0.3268780111096826
0.3268526932079997
0.3269362085742133
0.32685331551016994
0.32685276796588414
0.32685331551016994
0.3268780111096826
0.3268526932079997
0.32691151297470056
0.32685331551016994
0.3268526932079997
0.5822957654151671
0.32685276796588414
0.3268526932079997
0.3268526932079997
0.3278408773765389
0.3268526932079997
0.3268773888075124
0.3268780111096826
0.32691151297470056
0.3268526932079997
0.3268526932079997
0.326911587732585
0.32685331551016994
0.32691096543041476
0.32685276796588414
0.3269108906725303
0.3268526932079997
0.3268526932079997
0.32685276796588414
0.3268780111096826
0.3268773888075124
0.32685331551016994
0.32685276796588414
0.32685331551016994
0.326935586272043
0.3268526932079997
0.32685331551016994
0.3268780111096826
0.3268533902680544
0.3268773888075124
0.3268780111096826
0.3268533902680544
0.5535227430530666
0.3269108906725303
0.3268773888075124
0.34657437887734543
0.3268780111096826
0.3285887480021438
0.3268526932079997
0.3268533902680544
0.3268526932079997
0.3268780111096826
0.32685331551016994
0.3268780111096826
0.3268526932079997
0.32685331551016994
0.5669675786348868
0.3297733210527992
0.3268780111096826
0.32685331551016994
0.3292347827486515
0.32685331551016994
0.3268526932079997
0.32693628333209773
0.3268526932079997
0.3268780111096826
0.3269108906725303
0.3268773888075124
0.3268533902680544
1.4414505322587012
0.34657437887734543
0.3268533902680544
0.3268780111096826
0.3268780111096826
0.3268773888075124
0.3268773888075124
0.32685331551016994
0.32685331551016994
0.3268526932079997
0.3268780111096826
0.3268780111096826
0.32685331551016994
0.3268780111096826
0.32685331551016994
0.5668283563853936
0.32685276796588414
0.32685331551016994
0.32685331551016994
0.3268533902680544
0.3268526932079997
0.3268773888075124
0.3268780111096826
0.32685331551016994
0.32687808586756706
0.32685331551016994
0.3268526932079997
0.32685331551016994
0.3268526932079997
0.3292493925864818
0.32693628333209773
0.3268526932079997
0.3268709475934026
0.3268526932079997
0.3268526932079997
0.3268526932079997
0.32685276796588414
0.3274143694748356
0.32685331551016994
0.32685331551016994
0.3268526932079997
0.3268526932079997
0.3268774635653968
0.3268773888075124
0.3268526932079997
0.32685331551016994
0.32685331551016994
0.3268526932079997
0.32685276796588414
0.32685331551016994
0.3268956431929153
0.32685331551016994
0.32687808586756706
0.3285886732442594
0.3268773888075124
0.32685331551016994
0.3268780111096826
0.32685331551016994
0.3268780111096826
0.3268780111096826
0.32685331551016994
0.3268526932079997
0.32685331551016994
0.32685331551016994
0.3268526932079997
0.32685331551016994
0.3268526932079997
0.32687808586756706
0.3268533902680544
0.3268773888075124
0.3268526932079997
0.3268526932079997
1.4414514960420408
0.32685331551016994
0.3274143694748356
0.3285886732442594
0.3268526932079997
0.32685331551016994
0.3268773888075124
0.3268526932079997
0.3268773888075124
0.3268773888075124
0.3268780111096826
0.32687808586756706
0.3268773888075124
0.32687808586756706
0.3268709475934026
0.5239048928593155
0.32685331551016994
0.32685331551016994
0.3268526932079997
0.32685331551016994
0.3268780111096826
0.32685331551016994
0.3268533902680544
0.3268533902680544
0.3268780111096826
0.3268526932079997
0.3268526932079997
0.3269108906725303
0.3268526932079997
0.3268526932079997
0.3268780111096826
0.32685276796588414
0.3268774635653968
0.3268533902680544
0.3268526932079997
0.3268526932079997
0.32685331551016994
0.3268780111096826
0.3268780111096826
0.32685331551016994
0.3268780111096826
0.3268533902680544
0.3268773888075124
0.32685331551016994
0.3385375471796399
0.3268773888075124
0.32687808586756706
0.32685331551016994
0.8914199583866437
0.3268780111096826
0.32685331551016994
0.3268773888075124
0.32689571795079975
0.3268526932079997
0.32685276796588414
0.3268780111096826
0.8679045947651723
0.32685276796588414
0.32685331551016994
0.3268780111096826
0.3268526932079997
0.3268533902680544
0.32687808586756706
1.4414501097169305
0.326935586272043
0.32685331551016994
0.3471101896982126
0.34657437887734543
0.3268526932079997
0.3268526932079997
0.32685331551016994
0.3268526932079997
0.3268773888075124
0.32685276796588414
0.32693628333209773
0.3268780111096826
0.32685276796588414
0.32685331551016994
0.32685331551016994
0.32685331551016994
0.3268526932079997
0.3268526932079997
1.4414528812301675
0.32685331551016994
0.32685331551016994
0.32860335783997413
0.32685331551016994
0.32685276796588414
0.32685331551016994
0.32685331551016994
0.32685331551016994
0.32691096543041476
0.3268526932079997
0.3268773888075124
0.3268533902680544
0.3268526932079997
0.32691151297470056
0.3268526932079997
0.32685331551016994
0.3268533902680544
0.5240900617944523
0.3268526932079997
0.3268526932079997
0.32685331551016994
0.32687808586756706
0.32685331551016994
0.3268526932079997
0.3268526932079997
0.32687808586756706
0.32685331551016994
0.3268526932079997
0.3268526932079997
0.32685331551016994
0.3268526932079997
0.32685276796588414
0.3465497580357172
0.32685331551016994
0.32685331551016994
0.3268526932079997
0.32685331551016994
0.3268773888075124
0.32685331551016994
0.3268774635653968
0.3268780111096826
0.674618831596413
0.32685331551016994
0.3268526932079997
0.3268526932079997
0.3268780111096826
0.3268773888075124
0.9504664068299455
0.3268526932079997
0.3268773888075124
1.4414505322587012
0.3268774635653968
0.3268533902680544
0.32685331551016994
0.3268956431929153
0.32685331551016994
0.32685331551016994
0.3268526932079997
0.32685331551016994
0.3297915006803177
0.32691096543041476
0.3268780111096826
0.35472349874386466
0.3268526932079997
0.32685331551016994
0.3268526932079997
0.3268533902680544
0.32685331551016994
0.32685331551016994
0.32693628333209773
0.32687808586756706
0.32685331551016994
0.3268780111096826
0.3268774635653968
0.3268780111096826
0.3268533902680544
0.32685331551016994
0.3268773888075124
0.34654968327783275
0.3268780111096826
0.3268709475934026
0.3286133688437721
0.32685331551016994
0.3268773888075124
0.32685331551016994
0.3268773888075124
0.32685331551016994
0.32685331551016994
0.326911587732585
0.32685331551016994
0.3268526932079997
0.3268526932079997
0.32685331551016994
0.3268780111096826
0.3268773888075124
0.32685276796588414
0.32687808586756706
0.32685331551016994
0.32685331551016994
0.3269108906725303
0.32685331551016994
0.32685331551016994
0.32685331551016994
0.32685331551016994
0.32685331551016994
0.32687808586756706
0.3268526932079997
0.3297985641965977
0.3268780111096826
0.3268533902680544
0.32687808586756706
0.3268526932079997
0.3268526932079997
0.32685331551016994
0.3268780111096826
0.3268780111096826
0.3268526932079997
0.3268526932079997
0.32685331551016994
0.32685276796588414
0.32685331551016994
0.3268526932079997
0.3269362085742133
0.3268780111096826
0.3268526932079997
0.5239049676172
0.32685331551016994
0.8551734358580408
0.3268526932079997
0.3547228764416944
0.32685331551016994
0.32685331551016994
0.32691151297470056
0.3268780111096826
0.3268773888075124
0.3268526932079997
0.32685276796588414
0.32685331551016994
0.32689502089074507
0.32685331551016994
0.3268526932079997
0.32685331551016994
0.32685331551016994
0.5239048928593155
0.32685331551016994
0.32685331551016994
0.3268773888075124
0.32685276796588414
0.3268774635653968
0.3268780111096826
0.3268526932079997
0.3268526932079997
0.3268526932079997
0.3268533902680544
0.3268526932079997
0.3268533902680544
0.32685276796588414
0.3268780111096826
0.32685331551016994
0.32685331551016994
0.32923470799076704
0.3285886732442594
0.3268780111096826
0.3268774635653968
0.3268780111096826
0.3268780111096826
0.3268773888075124
0.7957887493595304
0.3268533902680544
0.3268773888075124
0.32685276796588414
0.3268533902680544
0.32685331551016994
0.3268773888075124
0.35472349874386466
0.3471348852977253
0.32685331551016994
0.3268780111096826
0.3268526932079997
0.3268533902680544
1.4414529915224505
0.32685331551016994
0.3268526932079997
0.42503840269251003
0.3268773888075124
0.3268526932079997
0.7957640537600177
0.3268526932079997
0.3268780111096826
0.3268526932079997
0.32685331551016994
0.3268533902680544
0.3268780111096826
0.3268526932079997
0.32691151297470056
0.5534923605439964
0.32685331551016994
0.3268780111096826
0.3268526932079997
0.3268533902680544
0.3268526932079997
0.3268526932079997
0.3268780111096826
0.3268533902680544
0.32685331551016994
0.32685331551016994
0.32685331551016994
0.3268526932079997
0.3268956431929153
0.3268533902680544
0.32685331551016994
0.32685331551016994
0.3269108906725303
0.32685331551016994
0.32860335783997413
0.3269362085742133
0.3268703252912324
0.7961282829390424
0.3268526932079997
0.32685331551016994
0.32685331551016994
0.32860335783997413
0.3268533902680544
0.3268526932079997
0.3269108906725303
0.32685331551016994
0.3268773888075124
0.32685331551016994
0.32685331551016994
0.3269108906725303
0.3268533902680544
0.3268526932079997
0.523874435592361
