0.32685276796588414
0.3268533902680544
0.32685276796588414
0.32685276796588414
0.32685276796588414
0.3268526932079997
0.32786495067388133
0.32685276796588414
0.32685276796588414
0.32685276796588414
0.32685276796588414
0.3268533902680544
0.32685276796588414
1.4414501097169305
0.3268533902680544
0.32685331551016994
0.32685276796588414
0.7957641285179022
0.32685276796588414
0.3268526932079997
0.32784025507436865
0.32685276796588414
0.32685276796588414
0.32685276796588414
0.32685276796588414
0.32685276796588414
0.32685276796588414
0.32685276796588414
0.3268526932079997
0.32685276796588414
0.32685276796588414
0.7960346074965317
0.32685276796588414
0.3283978191948042
0.3297733210527992
0.32685276796588414
0.34032178843451677
0.32685276796588414
0.32685276796588414
0.3268533902680544
0.32685276796588414
0.32685276796588414
0.3471101896982126
0.4468497242395054
0.32685276796588414
0.32685276796588414
0.3268533902680544
0.32685276796588414
0.32685276796588414
0.32685276796588414
0.32685276796588414
0.32685276796588414
0.32685276796588414
0.32685276796588414
0.32685331551016994
0.32685276796588414
0.32685276796588414
0.32685276796588414
0.3268533902680544
0.3268526932079997
0.3268533902680544
0.32685276796588414
0.34654913573354695
0.3268526932079997
0.3285787369983459
0.9504673604195495
0.35472295119957886
0.32685276796588414
0.32685276796588414
0.32685276796588414
0.3268526932079997
1.4414395809566978
0.32685276796588414
0.32685276796588414
1.4293154062737334
0.4231519878136183
0.3285787369983459
0.3385375471796399
1.4414405447400374
0.32685276796588414
0.32685276796588414
0.32687102235128707
0.3268704000491168
0.32685276796588414
0.32685276796588414
0.4242862872293302
1.4414391584149269
0.32685276796588414
0.3268533902680544
0.3385375471796399
0.32685276796588414
0.32685276796588414
0.32685276796588414
0.32685276796588414
0.32860638008537657
0.3268703252912324
1.4414401221982664
0.3268526932079997
0.3268533902680544
0.32685276796588414
0.3278401803164842
0.3268526932079997
0.32685276796588414
0.3646408790969924
0.32685276796588414
0.3268533902680544
0.3268526932079997
0.3268526932079997
0.32685276796588414
0.3268526932079997
0.32685276796588414
0.338130647882378
0.32685276796588414
0.32685276796588414
0.3268526932079997
0.32685276796588414
0.32685276796588414
0.32685276796588414
0.32685276796588414
0.32685276796588414
0.32685276796588414
0.3268526932079997
0.32685276796588414
0.32685276796588414
0.3268533902680544
0.32685331551016994
0.32685276796588414
0.32685276796588414
0.3268526932079997
0.8912329417586258
0.3268526932079997
0.3268526932079997
0.32685276796588414
1.4414401221982664
0.32685276796588414
0.3646408790969924
0.32685276796588414
0.8912319881690218
0.32685276796588414
0.32786495067388133
0.34656780493948164
0.32685276796588414
0.32685276796588414
0.32685276796588414
0.3268526932079997
0.8665774077942549
0.32685276796588414
0.32685276796588414
0.32685276796588414
0.32685331551016994
0.32685276796588414
0.3283985300784361
0.3268526932079997
0.34654913573354695
0.32685276796588414
0.3268526932079997
0.3268526932079997
0.32685276796588414
0.32693566102992744
0.3274138219305498
0.32685276796588414
0.32685276796588414
0.32685276796588414
0.3268533902680544
0.32685276796588414
0.32685276796588414
0.32685276796588414
0.32685276796588414
0.32685276796588414
0.3268774635653968
0.3268526932079997
0.32685276796588414
0.32685331551016994
0.32685276796588414
0.3268533902680544
0.3268709475934026
0.3278648759159969
0.3268526932079997
0.3268526932079997
0.3292246969869691
0.3268526932079997
0.32685276796588414
0.3268526932079997
0.32685276796588414
0.3547228764416944
0.32685276796588414
0.32685276796588414
0.32685276796588414
0.32687808586756706
0.3547228764416944
0.3268526932079997
0.32685276796588414
0.32784025507436865
0.32685276796588414
0.3268526932079997
0.32685276796588414
0.32784025507436865
0.32786495067388133
0.3283999467508819
0.32685276796588414
0.32685276796588414
0.32685276796588414
0.32685276796588414
0.3268533902680544
0.33853816948181015
0.32685276796588414
0.3274138219305498
0.3268526932079997
0.32685276796588414
0.32922477174485354
0.32685276796588414
0.3268704000491168
0.32685276796588414
0.3268533902680544
0.32685276796588414
1.4414401221982664
0.32685276796588414
0.3268533902680544
0.3268533902680544
0.32685276796588414
0.3268526932079997
0.32685276796588414
0.32786495067388133
0.32786495067388133
0.32685276796588414
0.32685276796588414
0.32685276796588414
0.32685276796588414
0.32685276796588414
0.32685276796588414
0.3285787369983459
0.32685276796588414
0.32685276796588414
0.32685276796588414
0.32685276796588414
0.32685276796588414
0.32685276796588414
0.3268533902680544
0.32685276796588414
0.3268526932079997
0.32839915238060635
0.3268526932079997
0.32685276796588414
0.3268526932079997
0.3268533902680544
0.32786495067388133
0.3646408790969924
0.3268526932079997
0.32685276796588414
0.3268526932079997
0.3268533902680544
0.32685276796588414
0.35472295119957886
0.32685276796588414
0.32685276796588414
0.32691096543041476
0.3268774635653968
0.3285787369983459
0.32685276796588414
0.32685276796588414
0.3268774635653968
1.4414405447400374
0.32685276796588414
0.32792307338052756
0.32685276796588414
0.32685276796588414
0.3268533902680544
0.32685276796588414
0.5668283563853936
0.3268533902680544
0.32685276796588414
0.3268533902680544
0.3268533902680544
0.3381313449424327
0.32685276796588414
0.32685276796588414
0.32685276796588414
0.3268709475934026
0.32685276796588414
0.3268533902680544
0.35472295119957886
0.32685276796588414
0.32685276796588414
0.32685331551016994
0.32685276796588414
0.3268526932079997
0.32685276796588414
0.3547228764416944
0.8912329417586258
0.32685276796588414
0.3268526932079997
0.32685276796588414
0.796796215668562
0.3268526932079997
0.32685276796588414
0.32685331551016994
0.3268533902680544
0.32685276796588414
0.32685276796588414
0.32922477174485354
0.35472295119957886
0.32685276796588414
0.32685276796588414
0.32685276796588414
0.32691096543041476
0.32685331551016994
0.5821310374328834
0.3268533902680544
0.32685276796588414
0.32685276796588414
0.3268533902680544
0.44800229847430817
0.3268533902680544
0.35472295119957886
0.3268526932079997
0.32685276796588414
0.7976304785020141
0.44706527568371224
0.32685276796588414
0.32685276796588414
0.32685276796588414
0.3285787369983459
0.3465490609756625
0.32685276796588414
0.32685276796588414
0.3268526932079997
0.32741374717266536
0.32685276796588414
0.35472295119957886
0.3268526932079997
1.4414401221982664
0.32685276796588414
0.32685276796588414
0.32685276796588414
0.32685276796588414
0.35472295119957886
0.3269108906725303
0.32685276796588414
0.3278408773765389
0.32685276796588414
0.3268526932079997
0.338562317537037
0.3268526932079997
0.32685276796588414
0.3268533902680544
0.3268526932079997
0.32741374717266536
0.32839915238060635
0.32685276796588414
0.3268526932079997
0.3268526932079997
0.32685276796588414
0.34654913573354695
0.32685276796588414
0.3268533902680544
0.32685276796588414
0.3274138219305498
0.32685276796588414
0.32685276796588414
0.32685276796588414
0.32839915238060635
0.32685276796588414
0.3268533902680544
0.3268526932079997
1.4414405447400374
0.3646408790969924
0.3268526932079997
0.32693566102992744
0.32685276796588414
0.32685276796588414
1.4414401221982664
0.3268526932079997
0.35472295119957886
0.32685276796588414
0.3268704000491168
0.4242862872293302
0.32685276796588414
0.32685276796588414
0.3268526932079997
1.2334930033023344
0.32685276796588414
0.32685276796588414
0.32685276796588414
0.3268533902680544
0.35472295119957886
0.32685276796588414
0.32922477174485354
0.32685276796588414
0.32922477174485354
0.3292594783481642
0.3471101896982126
0.32685276796588414
0.3268533902680544
0.32685331551016994
0.32931760105481045
0.34660733319807757
0.32685276796588414
0.32685276796588414
0.3268526932079997
0.3283985300784361
0.32922477174485354
0.3268526932079997
0.3268526932079997
0.32685276796588414
0.32685276796588414
0.3268526932079997
0.33853762193752435
0.32685276796588414
0.3278648759159969
0.32685276796588414
0.3268526932079997
0.32685276796588414
0.32685276796588414
0.32685276796588414
0.32685276796588414
0.3268526932079997
0.32685276796588414
0.3268533902680544
0.3268533902680544
0.32685276796588414
0.32685276796588414
0.32685276796588414
0.3285787369983459
0.32691096543041476
0.32685276796588414
0.34654913573354695
0.3268533902680544
0.32685276796588414
0.3268526932079997
0.32685276796588414
0.32685276796588414
0.3268774635653968
0.35011302086548934
0.3268533902680544
0.3298037365170822
0.3268533902680544
0.3268774635653968
0.3268526932079997
0.3268533902680544
0.32685276796588414
0.32685276796588414
0.32784025507436865
0.32685276796588414
0.32685276796588414
0.7957640537600177
0.3268533902680544
0.32685276796588414
0.32685276796588414
0.32691096543041476
0.32685276796588414
0.32685276796588414
0.3278408773765389
0.32693566102992744
0.32685276796588414
0.3381294323199697
0.32685276796588414
0.3268533902680544
0.3268526932079997
0.32685276796588414
0.3268526932079997
0.79605922833816
0.3268526932079997
0.32685276796588414
0.32685276796588414
0.3268533902680544
0.3268526932079997
0.4800685765760222
0.32685331551016994
0.3268774635653968
0.32685276796588414
0.3292347827486515
0.3268526932079997
0.3268526932079997
0.32839844149697445
0.32685276796588414
0.32685276796588414
0.32685331551016994
0.3268526932079997
0.32685276796588414
0.3268526932079997
0.3268533902680544
0.32857866224046145
0.32685276796588414
0.32685331551016994
0.32685276796588414
0.32685276796588414
0.3285887480021438
0.3268526932079997
0.32685331551016994
0.32685276796588414
0.3268533902680544
0.3268533902680544
0.3268526932079997
0.32685276796588414
0.32685276796588414
0.3547228764416944
0.32685276796588414
0.34654913573354695
0.32685276796588414
0.3268526932079997
0.3268533902680544
0.32685276796588414
0.32685276796588414
0.3268526932079997
0.32685276796588414
0.32685276796588414
0.32685276796588414
0.3268526932079997
0.3268533902680544
0.32685276796588414
0.3268533902680544
0.32685276796588414
0.7960346074965317
0.3268526932079997
0.3268526932079997
0.32685331551016994
0.3268533902680544
0.32685276796588414
0.32685276796588414
0.32685276796588414
0.32685276796588414
1.4414391584149269
0.3465490609756625
0.32685276796588414
0.3268526932079997
0.3268526932079997
0.3297732462949148
0.32784025507436865
0.3268533902680544
0.32685276796588414
0.32857866224046145
0.32839915238060635
0.32685276796588414
0.3646408790969924
0.9504664068299455
0.32685276796588414
0.3297733210527992
0.32685276796588414
0.32685276796588414
0.32895679859648314
0.3268533902680544
0.3268526932079997
0.32685276796588414
0.3268526932079997
0.32685331551016994
1.4414401221982664
0.3268533902680544
0.3268526932079997
0.32685276796588414
0.3268526932079997
0.3268526932079997
0.3268526932079997
0.32685276796588414
0.32685276796588414
0.32685276796588414
0.32685276796588414
0.3268526932079997
0.32685276796588414
0.32685276796588414
0.32685276796588414
0.32685276796588414
0.3268526932079997
0.3268526932079997
0.32685276796588414
1.4414405447400374
0.3385375471796399
0.32685276796588414
0.32685276796588414
0.32685276796588414
0.32685276796588414
0.32685276796588414
0.34654913573354695
0.32685276796588414
0.32685276796588414
0.32685331551016994
0.32685276796588414
0.32685276796588414
0.32786495067388133
0.553522817810951
0.32685276796588414
0.326935586272043
0.3268526932079997
0.32685276796588414
0.33853762193752435
0.3268526932079997
0.32685276796588414
0.32685276796588414
0.35472295119957886
0.3285787369983459
0.3268533902680544
0.3285787369983459
0.32685276796588414
0.32685276796588414
0.32685276796588414
0.32685331551016994
0.32685276796588414
0.32693566102992744
0.32685276796588414
0.3547228764416944
0.3385382442396946
0.3268704000491168
0.32685276796588414
0.3268526932079997
0.3285787369983459
0.3285787369983459
0.3278401803164842
0.3268533902680544
0.34654913573354695
0.3268526932079997
0.3268533902680544
0.32685276796588414
0.3268526932079997
0.32685276796588414
0.3268526932079997
0.3274138219305498
0.32685276796588414
0.32685276796588414
0.32685276796588414
0.32685276796588414
0.32685276796588414
0.32685276796588414
0.553522817810951
0.3268526932079997
0.3268526932079997
0.32685276796588414
0.3268703252912324
0.32922477174485354
0.3292829692093842
0.3268773888075124
0.3268526932079997
0.3465490609756625
0.3268533902680544
0.32685276796588414
0.34657383133305963
0.3268526932079997
0.5668293099749976
0.8665504652361888
0.32685276796588414
0.7406323327777221
0.7957641285179022
0.3285787369983459
0.7957641285179022
0.338538912257817
0.32685276796588414
0.32685276796588414
0.32685276796588414
0.32685276796588414
0.32685276796588414
0.32685276796588414
0.32685276796588414
0.32685276796588414
0.32685276796588414
0.32685276796588414
0.32685276796588414
0.3268526932079997
0.3268526932079997
0.32685276796588414
0.35472295119957886
0.32741374717266536
0.3385957446441706
0.3268526932079997
0.3268526932079997
0.3268704000491168
0.3283985300784361
0.32685276796588414
0.32685276796588414
0.3268526932079997
0.32685276796588414
0.32786495067388133
0.3268533902680544
0.32691096543041476
0.32685276796588414
0.32685276796588414
0.3268526932079997
0.32685276796588414
0.32685276796588414
0.4242869981129621
0.32685276796588414
0.32685276796588414
0.32685276796588414
0.3268526932079997
0.32685276796588414
0.3268526932079997
0.32685276796588414
0.3268526932079997
0.3385375471796399
0.3268533902680544
0.32685276796588414
0.32784025507436865
0.3285787369983459
0.32685276796588414
0.32685276796588414
0.3533914935714992
0.4242869981129621
0.8923086987954107
0.32685276796588414
0.32685331551016994
0.32685276796588414
0.32685276796588414
0.32685276796588414
0.32685276796588414
0.3268526932079997
0.32685276796588414
0.32685276796588414
0.3268526932079997
0.32857866224046145
0.32685276796588414
0.32784025507436865
0.32685276796588414
0.3547228764416944
0.3268526932079997
0.3268533902680544
0.32685276796588414
0.32685276796588414
0.32685276796588414
0.32685276796588414
0.3268533902680544
0.32685276796588414
0.32685276796588414
0.33853762193752435
0.3268526932079997
0.32685276796588414
0.32685276796588414
0.3268533902680544
0.3268704000491168
0.3268526932079997
0.32685276796588414
0.32685276796588414
0.33853762193752435
0.32685276796588414
0.3268526932079997
0.3297732462949148
0.3269285975136475
0.3268526932079997
0.32685276796588414
0.32685331551016994
0.327923148138412
0.3268526932079997
0.3268533902680544
0.32685276796588414
0.32685276796588414
0.32784025507436865
0.3547235735017491
0.32685276796588414
0.32685276796588414
0.3268526932079997
0.3268526932079997
0.32685276796588414
0.4242862872293302
0.32685276796588414
0.328957509480115
0.32685276796588414
0.3268533902680544
0.32685276796588414
0.32685276796588414
0.3268526932079997
0.3381294323199697
0.32685276796588414
0.32789845253889927
0.32685276796588414
1.6051284227803406
0.3268533902680544
0.3471101896982126
0.3547228764416944
0.3268526932079997
0.32685276796588414
0.3268526932079997
0.7957640537600177
0.32685276796588414
0.32685276796588414
0.32687102235128707
0.32685276796588414
0.7977510217447061
0.3268533902680544
0.32685276796588414
0.3268526932079997
0.32685276796588414
0.7957640537600177
0.32685276796588414
0.3268526932079997
0.3268526932079997
0.9506296814480547
0.32685276796588414
0.32685276796588414
0.32685276796588414
0.3268526932079997
0.3268533902680544
0.3268526932079997
0.32685276796588414
0.3268774635653968
1.4414391584149269
0.32685276796588414
0.3646409538548768
0.32685276796588414
0.32685276796588414
0.32685276796588414
0.3268526932079997
0.32685276796588414
0.32685276796588414
0.32685276796588414
0.3268526932079997
0.326911587732585
0.3268526932079997
0.32685276796588414
0.3283978191948042
0.3283985300784361
0.32922477174485354
0.3274138219305498
0.3268533902680544
0.553522817810951
0.34654913573354695
0.32685276796588414
0.32685276796588414
0.34654913573354695
0.3268704000491168
0.32685276796588414
0.3268526932079997
0.32685276796588414
0.3268526932079997
0.32685276796588414
0.3268533902680544
0.3278401803164842
0.3268533902680544
0.3268533902680544
0.3268526932079997
0.32685276796588414
0.32685276796588414
0.32685276796588414
0.3268704000491168
0.32685276796588414
0.7957372607177207
0.32685276796588414
0.32685276796588414
0.8188130961774461
0.32685276796588414
0.32685276796588414
0.32685276796588414
0.32685276796588414
0.32685276796588414
0.32685276796588414
0.3268526932079997
0.32685276796588414
0.32693566102992744
0.32685331551016994
0.32691096543041476
0.3268709475934026
0.3268526932079997
0.3385375471796399
0.3268533902680544
0.7960345327386473
0.32860335783997413
0.7960346074965317
0.32685276796588414
0.32685276796588414
0.32685276796588414
0.32685276796588414
0.32685276796588414
0.32685331551016994
0.32685276796588414
0.3268533902680544
0.3268526932079997
0.32685276796588414
0.32685276796588414
0.3268704000491168
0.3268526932079997
0.32685276796588414
0.3268533902680544
0.32685276796588414
0.3268526932079997
0.32685276796588414
0.32685276796588414
0.32685276796588414
0.32685276796588414
0.32784025507436865
0.3268526932079997
0.3297732462949148
0.3285887480021438
0.32685276796588414
0.32685276796588414
0.3268533902680544
0.33853762193752435
0.32685276796588414
0.3268526932079997
0.7957641285179022
0.3268526932079997
0.32685276796588414
0.32685276796588414
0.32685276796588414
0.32685276796588414
0.32685276796588414
0.3268533902680544
0.32685276796588414
0.3268526932079997
0.3292246969869691
0.32685276796588414
0.5668293099749976
0.3268526932079997
0.32685276796588414
1.4414391584149269
0.3268533902680544
0.32685276796588414
0.3268533902680544
0.328957509480115
0.3268526932079997
0.5239048928593155
0.3547228764416944
0.32685276796588414
0.3268526932079997
0.32685276796588414
0.32685276796588414
0.3278648759159969
0.32685276796588414
0.32685276796588414
0.3381294323199697
0.32685276796588414
0.4468801815064599
0.3268533902680544
0.32685276796588414
0.3283985300784361
0.32685276796588414
0.32685276796588414
0.3268526932079997
0.32685276796588414
0.32685331551016994
0.7960346074965317
0.7957641285179022
0.3268774635653968
0.3268526932079997
0.32685331551016994
0.7960346074965317
0.3276206555770964
0.3274143694748356
0.3268526932079997
0.4242862872293302
0.32685276796588414
0.32685276796588414
0.5238745103502453
0.32685276796588414
0.3268526932079997
0.3268526932079997
0.32857866224046145
0.32685276796588414
0.3268704000491168
0.7957641285179022
0.32685276796588414
0.35472295119957886
0.32685276796588414
0.34090962571649375
0.32685276796588414
0.3268526932079997
0.32685276796588414
0.3268526932079997
0.32685276796588414
0.32685276796588414
0.3268526932079997
0.3268704000491168
0.7957640537600177
0.3268526932079997
1.60673564755824
0.32685276796588414
0.3297732462949148
0.3268533902680544
0.7960346074965317
0.32691096543041476
0.32860343259785857
0.32685276796588414
0.3285787369983459
0.3547228764416944
0.3268704000491168
0.3268526932079997
0.3268526932079997
0.3268526932079997
0.3268526932079997
0.32685276796588414
0.3269285975136475
0.3268533902680544
0.3268533902680544
0.32685276796588414
0.3268526932079997
0.3268526932079997
0.3409095509586093
0.32685276796588414
0.3268526932079997
0.32685276796588414
0.32685331551016994
0.32685276796588414
0.3268533902680544
0.32685276796588414
0.3283985300784361
0.3268704000491168
0.32685276796588414
0.32685276796588414
0.32685276796588414
1.4517192327938842
0.32685276796588414
0.32685276796588414
0.32685276796588414
0.3547228764416944
0.327923148138412
0.32685276796588414
