0.3268526932079997
0.79605922833816
0.3268773888075124
0.3268773888075124
0.3268526932079997
0.3268773888075124
0.3268773888075124
0.3268773888075124
0.3268773888075124
0.3268773888075124
0.5821547794427923
0.3268780111096826
0.3268773888075124
0.3268773888075124
0.3268780111096826
0.3268773888075124
1.4414395809566978
0.3391428305903752
0.32743844277217804
0.3268773888075124
0.3268773888075124
0.3268773888075124
0.3268526932079997
0.3268773888075124
0.3268773888075124
0.5716359713164545
0.3268773888075124
0.3268773888075124
0.3268773888075124
0.3385375471796399
0.3268773888075124
0.3268780111096826
1.4196441067431966
0.3268780111096826
0.3268526932079997
0.3268780111096826
0.3268773888075124
0.3268773888075124
0.326935586272043
0.3268526932079997
0.3268526932079997
0.3286615553045048
0.3268773888075124
0.3289814941959958
0.3268773888075124
0.3278401803164842
0.3268773888075124
0.3278648759159969
0.7957887493595304
0.3268774635653968
0.3268773888075124
0.3268773888075124
0.3268774635653968
0.32786549821816713
0.3268773888075124
0.3268773888075124
0.3268773888075124
0.3268773888075124
0.3268773888075124
0.3268773888075124
0.32979794189442746
0.34713481053984085
0.3268774635653968
0.3292828944514998
0.3268773888075124
0.3268773888075124
0.3268773888075124
0.3268773888075124
0.3268773888075124
0.3268774635653968
0.3284225147943169
0.3268780111096826
0.8912566837685346
0.8912566837685346
0.3268773888075124
0.3268773888075124
0.3268773888075124
0.3268773888075124
0.3268526932079997
0.3268773888075124
0.3268773888075124
0.3268526932079997
0.3268773888075124
0.7957887493595304
0.3268773888075124
0.3268773888075124
0.8666020286358831
0.3292828944514998
0.3268773888075124
0.3268773888075124
0.32743844277217804
0.5668530519849063
0.3268773888075124
0.7957887493595304
0.3268773888075124
0.3268774635653968
0.3268526932079997
0.3268773888075124
0.3268526932079997
0.3268773888075124
0.3268773888075124
0.32743844277217804
0.3268526932079997
0.3268773888075124
0.4245018386735371
0.3268773888075124
0.3268526932079997
0.3547475720412071
0.3268773888075124
0.3268773888075124
0.3268773888075124
0.3268773888075124
0.3268773888075124
0.3268773888075124
0.32685276796588414
0.3268774635653968
0.3268773888075124
0.44688340196671117
0.3268773888075124
0.338562317537037
0.3268773888075124
0.3268773888075124
0.7957887493595304
0.3268773888075124
0.3268773888075124
0.3268773888075124
1.4414401137907518
0.3268773888075124
0.3268773888075124
0.3268526932079997
0.3268773888075124
0.3268773888075124
0.3268773888075124
0.3268773888075124
0.3268773888075124
0.3268773888075124
0.3385622427791526
0.32981557397766015
0.3268773888075124
0.3268773888075124
0.3268773888075124
0.3268773888075124
0.3268773888075124
0.3268773888075124
0.4245018386735371
0.3268773888075124
0.3268774635653968
0.3268773888075124
0.7957887493595304
0.3268773888075124
0.3268773888075124
0.3268774635653968
0.3268773888075124
0.8024003158333711
0.79605922833816
0.3268773888075124
0.3268526932079997
0.3268773888075124
0.3268773888075124
0.3268773888075124
0.3268773888075124
0.3268773888075124
0.3268774635653968
0.3268773888075124
0.3268773888075124
1.4414401137907518
0.32687808586756706
0.3268773888075124
0.32685331551016994
0.3284225147943169
0.4245018386735371
0.3268773888075124
0.3268780111096826
0.3268773888075124
0.3268773888075124
0.3268773888075124
0.326935586272043
0.3268773888075124
0.3268773888075124
0.3268526932079997
0.3268773888075124
0.3268773888075124
0.34713481053984085
0.3268773888075124
0.32786549821816713
0.36070074188681833
0.3466319540397058
0.3268773888075124
0.3268773888075124
0.3268774635653968
0.3268773888075124
0.3268773888075124
0.3268773888075124
0.32979794189442746
0.32743844277217804
0.3268526932079997
0.32685276796588414
0.3268526932079997
0.3268774635653968
0.3268526932079997
0.3268774635653968
0.3268773888075124
0.3268774635653968
0.3268773888075124
0.447095022067035
0.3268773888075124
0.3268773888075124
0.3465737565751752
0.32689502089074507
0.32784080261865445
0.3268774635653968
0.3268526932079997
0.32685276796588414
0.3268526932079997
0.3268773888075124
0.33856286508132283
0.3268773888075124
0.3268773888075124
0.3268526932079997
0.3268773888075124
0.3385622427791526
0.3268773888075124
0.3278648759159969
0.3268773888075124
0.3268773888075124
0.3268773888075124
0.3297980166523119
0.33856353309944526
0.3268773888075124
0.3268526932079997
0.32691096543041476
0.3268773888075124
0.3292493925864818
0.3268780111096826
0.447095022067035
0.3268773888075124
0.3268526932079997
0.3268773888075124
0.3269108906725303
0.34713481053984085
0.3268780111096826
0.3268526932079997
0.3289822050796277
0.5241204443035224
0.3268526932079997
0.3268773888075124
0.5668530519849063
0.3268773888075124
0.3268773888075124
0.3268950956486295
0.3268773888075124
0.3268774635653968
0.3278648759159969
0.3268774635653968
0.8912566837685346
0.3268773888075124
0.3268773888075124
0.32685276796588414
0.3268773888075124
0.3268773888075124
0.3268773888075124
0.424502549557169
0.3268773888075124
0.3547475720412071
0.3268773888075124
0.32689502089074507
0.3268773888075124
0.3268773888075124
0.32687808586756706
1.4414396912489809
0.3268774635653968
0.3268773888075124
0.3268526932079997
0.33856353309944526
0.32786549821816713
0.3385622427791526
0.3268773888075124
0.33815412791948246
0.3268773888075124
0.3268773888075124
0.3268773888075124
0.3268773888075124
0.3268950956486295
0.32689502089074507
0.3268773888075124
0.3269108906725303
0.32689502089074507
0.3268773888075124
0.3268773888075124
0.3268773888075124
0.3268773888075124
1.419643684201426
0.3268773888075124
0.3268773888075124
0.3268773888075124
0.7957887493595304
0.3268773888075124
0.3268773888075124
0.3268773888075124
0.3268773888075124
0.8668725076145126
0.32689502089074507
0.5821547794427923
0.3268526932079997
0.32689502089074507
0.3268773888075124
0.3268526932079997
0.3268773888075124
0.3668001849153482
0.3385622427791526
0.35530862600587276
0.3268773888075124
0.4245018386735371
0.3268773888075124
0.3268773888075124
0.34713481053984085
0.79605922833816
0.3268773888075124
0.3268526932079997
0.3268773888075124
0.3268774635653968
0.3268773888075124
0.8912566837685346
0.32786549821816713
0.3268773888075124
0.3268773888075124
1.034304548938222
0.3268773888075124
0.3268526932079997
0.3278401803164842
0.3268773888075124
0.3268773888075124
0.3268773888075124
0.7938542855119226
0.3268773888075124
0.3268773888075124
0.32689502089074507
0.3268773888075124
0.3268773888075124
0.3268773888075124
0.3268773888075124
0.32743844277217804
0.3292828944514998
0.3268773888075124
0.3268773888075124
0.3278648759159969
0.3268773888075124
0.3268773888075124
0.338154053161598
0.3268773888075124
0.3268773888075124
0.3268773888075124
0.3268773888075124
0.3268773888075124
0.3268773888075124
0.3268773888075124
0.32860335783997413
0.3268773888075124
0.571914851106195
0.32741374717266536
0.3268773888075124
0.3268773888075124
0.3268773888075124
0.5240899870365678
0.3268773888075124
0.3268774635653968
0.3268773888075124
0.3268773888075124
0.3268773888075124
0.3268773888075124
0.3268773888075124
0.5241204443035224
0.3268774635653968
0.8912566837685346
0.3289814941959958
1.442241774931459
0.32687808586756706
0.3547475720412071
0.3268526932079997
0.3385622427791526
0.3268773888075124
0.3268773888075124
0.33856353309944526
0.3268773888075124
0.3268773888075124
0.32689502089074507
0.3268773888075124
0.3268773888075124
0.3268773888075124
0.3268526932079997
0.3385622427791526
0.3385388374999326
0.3268703252912324
0.3268773888075124
0.3268773888075124
0.326935586272043
0.3268773888075124
0.3268773888075124
0.3268773888075124
0.3268526932079997
0.3268773888075124
0.3268526932079997
0.3268774635653968
0.3268773888075124
0.79605922833816
0.3268773888075124
0.3278648759159969
0.3385622427791526
0.3289814941959958
0.3292828944514998
0.32860335783997413
0.5668530519849063
0.3268773888075124
0.3268526932079997
0.3268773888075124
1.4414401137907518
0.3268773888075124
0.3547475720412071
0.3547475720412071
0.3268773888075124
0.5821547794427923
0.3268773888075124
0.3268773888075124
0.3547475720412071
0.3278401803164842
0.3268773888075124
0.3268773888075124
0.3268780111096826
0.3284225147943169
0.3268774635653968
0.3268526932079997
0.3268526932079997
0.3268774635653968
0.3268773888075124
0.3268774635653968
0.3268773888075124
0.36437375399561855
0.3268773888075124
0.3268773888075124
0.3268950956486295
0.3268774635653968
0.3268773888075124
0.3268774635653968
0.3268773888075124
0.3268773888075124
0.3268773888075124
0.3268526932079997
0.3268773888075124
0.3547652041244398
0.3268773888075124
0.3268773888075124
0.3278648759159969
0.3385622427791526
0.3268773888075124
0.34713481053984085
0.3268773888075124
0.3268773888075124
0.3268526932079997
0.3268773888075124
0.3268774635653968
0.3268773888075124
0.3269108906725303
0.3268773888075124
0.3268773888075124
0.34713481053984085
0.3274385175300625
0.9510504336217127
0.3268773888075124
0.4245018386735371
0.3487681492923108
0.3268773888075124
0.3268526932079997
0.3268773888075124
0.3268773888075124
0.3268773888075124
0.3269108906725303
0.3646656494543895
0.3268774635653968
0.7957887493595304
0.3268773888075124
0.3381293575620853
0.3268773888075124
0.5668530519849063
0.9510504336217127
0.5668530519849063
0.3268773888075124
0.33078542900291197
0.3268774635653968
1.4414401137907518
0.3292493925864818
0.3268773888075124
0.3385622427791526
0.3268773888075124
0.3268526932079997
0.79605922833816
0.3268773888075124
0.3268526932079997
0.3268773888075124
0.3268773888075124
0.32689502089074507
0.3268773888075124
0.3268774635653968
0.3268773888075124
0.34713481053984085
0.3268773888075124
0.3268773888075124
0.5668530519849063
0.3268773888075124
0.3268774635653968
1.4414401137907518
0.3268773888075124
0.3268773888075124
0.8912566837685346
0.3268773888075124
0.3268773888075124
0.3268526932079997
0.3268773888075124
0.32685276796588414
0.3268773888075124
0.3268773888075124
0.3268773888075124
0.7888223534487437
0.3268774635653968
0.3268773888075124
0.3268773888075124
0.32689502089074507
0.3268773888075124
0.3268773888075124
0.3268526932079997
0.3268774635653968
0.3268773888075124
0.3268773888075124
0.3465737565751752
0.3268773888075124
0.326935586272043
0.8922998244379816
0.3268773888075124
0.3268773888075124
0.3268526932079997
0.3268773888075124
0.3268773888075124
0.7957887493595304
0.3268773888075124
0.3268773888075124
0.3268526932079997
0.3268773888075124
0.8912319881690218
0.3268773888075124
0.3268774635653968
0.9800885604253413
0.338154053161598
0.32786495067388133
0.7957887493595304
0.3268774635653968
0.3268773888075124
0.3268526932079997
0.3268526932079997
0.3269108906725303
0.3268773888075124
0.35069669586668095
0.32786557297605157
0.3268774635653968
0.5668283563853936
0.3268773888075124
0.3268773888075124
0.3268773888075124
0.3268773888075124
0.3268773888075124
0.3268773888075124
0.3268773888075124
0.3268773888075124
0.3268773888075124
0.571914851106195
0.3268774635653968
0.3268526932079997
0.3268526932079997
0.3268773888075124
0.3268774635653968
0.32685276796588414
0.32860335783997413
0.3268773888075124
0.5668530519849063
0.3268773888075124
0.3268773888075124
0.3268773888075124
0.5668540055745103
0.3268773888075124
0.3268773888075124
0.3268774635653968
0.3268773888075124
0.3268773888075124
0.3268526932079997
0.3268773888075124
0.42429092945684516
0.3268526932079997
0.3268773888075124
0.3268780111096826
0.3268773888075124
0.3268773888075124
0.3381293575620853
0.3268774635653968
0.3268526932079997
0.4468801815064599
0.3268773888075124
0.3268773888075124
0.3268773888075124
0.3268773888075124
0.32685276796588414
0.4242862872293302
0.3268773888075124
0.3268773888075124
0.3268773888075124
0.3268773888075124
0.3268773888075124
0.3268773888075124
0.3268773888075124
0.3268773888075124
0.3268773888075124
0.3268774635653968
0.5192632853631174
0.3268773888075124
0.3268773888075124
0.3268526932079997
0.5668283563853936
1.452777417091074
0.3268773888075124
0.3268773888075124
0.3268773888075124
0.5668530519849063
0.32689502089074507
0.3268773888075124
0.3268526932079997
0.9474720429510833
0.3292594035902798
0.3268773888075124
0.9510504336217127
0.32685276796588414
0.3268773888075124
0.8912566837685346
0.3268773888075124
0.3268773888075124
0.3268773888075124
0.3268773888075124
0.338154053161598
0.3268774635653968
0.3268773888075124
0.35397716837779314
0.7957887493595304
0.32689502089074507
0.32743844277217804
0.32981557397766015
0.3268773888075124
0.3268773888075124
0.3268773888075124
0.3268773888075124
0.3268773888075124
0.3268773888075124
0.338562317537037
0.3268773888075124
0.3268773888075124
0.3268773888075124
0.326935586272043
0.3268773888075124
0.3268773888075124
0.3268773888075124
0.3268773888075124
0.3268773888075124
0.3268773888075124
0.3268773888075124
0.7888470490482564
0.5668530519849063
0.3268773888075124
0.32860335783997413
0.3268774635653968
0.3268773888075124
0.3268773888075124
0.3268526932079997
0.3268773888075124
0.3268780111096826
0.3268773888075124
0.3268773888075124
0.3268526932079997
0.3268773888075124
0.3268780111096826
0.5668530519849063
0.33815412791948246
0.32786557297605157
0.3278648759159969
0.3268773888075124
0.3268773888075124
0.3268773888075124
0.338562317537037
0.3268773888075124
0.3268526932079997
0.3268774635653968
0.3268703252912324
0.3268773888075124
0.3268773888075124
0.3268780111096826
0.3268526932079997
1.579144861648592
0.3268526932079997
0.3268773888075124
0.8912566837685346
0.3268773888075124
0.9510504336217127
0.3268773888075124
0.3268773888075124
0.3268773888075124
0.3268773888075124
0.3268526932079997
0.338562317537037
1.4511560810425712
0.3268773888075124
0.3268773888075124
0.5822930481026815
0.3268526932079997
0.3268773888075124
0.3268773888075124
0.3268773888075124
0.3268773888075124
0.3268773888075124
0.5668530519849063
0.3268773888075124
0.3268773888075124
0.3268774635653968
0.338562317537037
0.3268774635653968
0.326935586272043
0.3268773888075124
0.3268773888075124
0.32689502089074507
0.3268773888075124
0.3268773888075124
0.32689502089074507
0.3268773888075124
0.32860335783997413
0.3268773888075124
0.3268773888075124
0.3465490609756625
0.3292493925864818
0.3268773888075124
0.3274385175300625
0.3547475720412071
0.3268773888075124
0.3268773888075124
0.3268773888075124
0.3268780111096826
0.32689502089074507
0.3268773888075124
0.3268773888075124
0.3268526932079997
0.4471163726909593
0.7957887493595304
0.3268780111096826
0.3268526932079997
0.3268773888075124
0.3268773888075124
0.3268773888075124
0.36077657143458164
0.7480574105170243
0.3268773888075124
0.3268773888075124
0.32685276796588414
0.3268773888075124
0.3268773888075124
0.3268773888075124
0.3268773888075124
0.6794140630637218
0.3268773888075124
0.3268773888075124
0.3547475720412071
0.3268773888075124
0.3268526932079997
0.5668283563853936
0.5674646972703493
0.3268773888075124
0.8912566837685346
0.3268774635653968
0.3268773888075124
0.3268773888075124
0.3268773888075124
0.3268780111096826
0.3268773888075124
0.3268773888075124
0.3268773888075124
0.3268773888075124
0.3268773888075124
0.5668530519849063
0.3268773888075124
0.3268773888075124
0.3268773888075124
0.3268773888075124
0.3292828944514998
0.7957887493595304
0.3268773888075124
0.3268773888075124
0.3268774635653968
0.3268773888075124
0.3268773888075124
0.3268773888075124
0.3268773888075124
0.5822930481026815
0.3268773888075124
0.3268773888075124
0.3268773888075124
0.3268773888075124
0.3268774635653968
0.3268773888075124
0.3268774635653968
0.3268773888075124
0.3268773888075124
0.7960345327386473
0.3268773888075124
0.3268773888075124
0.3268773888075124
0.3268526932079997
0.3268773888075124
0.3268773888075124
0.3268773888075124
0.3278648759159969
0.338562317537037
0.3278401803164842
0.3487681492923108
0.5668530519849063
0.3268773888075124
0.32979794189442746
0.3268773888075124
0.3268773888075124
0.5668530519849063
0.3268773888075124
0.3268773888075124
0.3547475720412071
0.7957887493595304
0.3268773888075124
0.3385622427791526
0.3268773888075124
0.3268773888075124
0.3268773888075124
0.3268774635653968
0.32786549821816713
0.3268773888075124
0.3268773888075124
0.3268526932079997
0.3268773888075124
1.452777949925128
0.3268773888075124
0.32687808586756706
0.3268773888075124
0.5668530519849063
0.9064040380531507
0.3268773888075124
0.3268773888075124
0.3268773888075124
0.3268774635653968
1.4431717109912112
0.32685276796588414
0.3268773888075124
0.3268773888075124
0.5241204443035224
1.4414401137907518
0.3268773888075124
0.3385636078573297
0.3268773888075124
0.8666021033937675
0.3268773888075124
0.5241204443035224
0.3268526932079997
0.3268773888075124
0.3268773888075124
0.3395497298876371
0.3268773888075124
0.3385622427791526
0.3268773888075124
0.3268773888075124
0.3268526932079997
0.7888470490482564
0.3268773888075124
0.3268773888075124
0.3268773888075124
0.3268773888075124
0.3506974067503128
0.5241204443035224
0.3268526932079997
0.3268773888075124
0.3268773888075124
0.32860335783997413
0.3268773888075124
0.3268780111096826
0.3268773888075124
0.3268773888075124
0.3268773888075124
1.4414396912489809
0.3297985641965977
0.8666020286358831
0.3268773888075124
0.3268774635653968
0.3268773888075124
0.3268773888075124
0.7459651299807736
0.3268773888075124
0.3292828944514998
0.3268773888075124
0.3268773888075124
0.3268773888075124
0.3268773888075124
0.3268773888075124
0.3268773888075124
0.3268774635653968
0.33078612606296665
0.3547475720412071
0.3292829692093842
0.3268774635653968
0.338562317537037
0.3268780111096826
0.3268773888075124
0.326935586272043
0.3268526932079997
0.3268773888075124
0.3278648759159969
0.3292828944514998
0.32685331551016994
0.3268703252912324
0.9510504336217127
0.3268773888075124
0.5668530519849063
0.3268526932079997
0.3268774635653968
0.32741374717266536
0.3268773888075124
0.3268780111096826
0.33815412791948246
0.3268773888075124
0.3385622427791526
0.3268773888075124
0.3268773888075124
0.891394309197527
0.3268773888075124
0.3268773888075124
0.3268773888075124
0.3268780111096826
0.3268780111096826
0.32689502089074507
0.3268773888075124
0.3268773888075124
0.3268773888075124
0.3268773888075124
0.3268526932079997
0.3268526932079997
0.3268773888075124
0.3268773888075124
0.3268773888075124
0.3268773888075124
0.3268526932079997
0.3268526932079997
0.3268773888075124
0.3268773888075124
1.4406401731667517
0.3268526932079997
0.32689502089074507
0.3268773888075124
0.3268773888075124
0.3268773888075124
0.3268526932079997
0.3381293575620853
0.3268526932079997
0.3268773888075124
0.32786549821816713
0.3268773888075124
0.5821547794427923
0.3268773888075124
0.3268773888075124
0.34713481053984085
1.4414395809566978
0.3268773888075124
0.3268773888075124
0.32743844277217804
0.3268773888075124
0.3268774635653968
0.3268526932079997
0.3268773888075124
0.3268774635653968
0.3268774635653968
0.3268773888075124
0.3268773888075124
0.3268774635653968
0.3268773888075124
0.3268773888075124
0.5821547794427923
0.3268773888075124
0.3268774635653968
0.3268773888075124
0.3268773888075124
0.3268773888075124
0.3268526932079997
0.3268773888075124
0.3268773888075124
0.3268774635653968
0.3268773888075124
0.3268773888075124
