0.3268709475934026
0.3268703252912324
0.3274320015580683
0.32689502089074507
0.3268703252912324
0.3268703252912324
0.3268703252912324
0.3268703252912324
0.3268703252912324
1.4414395809566978
0.3268703252912324
0.3268703252912324
0.32689502089074507
0.3268703252912324
0.3268703252912324
0.32685331551016994
0.3268709475934026
0.3268709475934026
0.32692852275576306
0.3268709475934026
0.32685331551016994
0.34715244262307354
0.32687102235128707
0.3268703252912324
0.3268780111096826
0.3268703252912324
0.32741374717266536
0.3268773888075124
0.3268709475934026
0.3268703252912324
0.3268526932079997
0.32695384065744604
0.3268703252912324
0.3268703252912324
0.3268703252912324
1.4414395809566978
0.3268703252912324
0.3268703252912324
0.32689502089074507
0.3268956431929153
0.3268709475934026
0.3268703252912324
0.3268704000491168
0.3268703252912324
0.32687102235128707
0.3268709475934026
0.3268704000491168
0.3268526932079997
0.3268703252912324
0.3268709475934026
0.3268709475934026
0.3268703252912324
0.3268526932079997
0.3268709475934026
0.3268703252912324
0.3268703252912324
0.3268709475934026
0.3268703252912324
0.3268703252912324
0.3268709475934026
0.3268526932079997
0.3268709475934026
0.3268709475934026
0.3268709475934026
0.32689502089074507
0.3268709475934026
0.3268526932079997
0.3268709475934026
0.32685276796588414
0.3268709475934026
0.3268703252912324
0.32685331551016994
0.3289742738447415
0.3268703252912324
0.3268703252912324
0.3268956431929153
0.3268709475934026
0.3268709475934026
0.3268704000491168
0.36464224417516944
0.32689502089074507
0.32860630532749213
0.3268526932079997
0.3268709475934026
0.3268703252912324
0.3268709475934026
0.3268709475934026
0.3268703252912324
0.3268709475934026
0.3268709475934026
0.3268709475934026
0.3268703252912324
0.3268703252912324
0.32685331551016994
0.3268709475934026
0.3268709475934026
0.8912497165903133
0.3268704000491168
0.32687102235128707
0.32685331551016994
0.3268956431929153
0.3268703252912324
0.3268526932079997
0.3268526932079997
0.32685331551016994
0.3268526932079997
0.3268709475934026
0.32685331551016994
0.3268533902680544
0.3268703252912324
0.3268709475934026
0.3268703252912324
0.3268703252912324
0.3268703252912324
0.3268703252912324
0.3268709475934026
0.32687102235128707
0.3268526932079997
0.3268703252912324
0.32692852275576306
0.3268709475934026
0.3268709475934026
0.3268709475934026
0.3268526932079997
0.3268703252912324
0.3268526932079997
0.3268703252912324
0.3268703252912324
0.3268703252912324
0.3268709475934026
0.3268709475934026
0.3268709475934026
0.3268533902680544
0.5822861245581545
0.32685331551016994
0.3268709475934026
0.3268703252912324
0.3268709475934026
0.3268709475934026
0.3268703252912324
0.3268709475934026
0.3268709475934026
0.3268703252912324
0.3268709475934026
0.32685331551016994
0.3268709475934026
0.3268703252912324
0.3268703252912324
0.3268703252912324
0.3268703252912324
0.3268709475934026
0.3268703252912324
0.3268703252912324
0.3268709475934026
0.3268526932079997
0.3268709475934026
0.32689502089074507
0.3268956431929153
0.3268709475934026
0.3268709475934026
0.3268709475934026
0.3268709475934026
0.3268956431929153
0.3268703252912324
0.3268956431929153
0.3268709475934026
0.3268956431929153
0.3268703252912324
0.3268709475934026
0.3268709475934026
0.3303349225617507
0.3268526932079997
0.3268956431929153
0.3268703252912324
0.32685331551016994
0.3268703252912324
0.3268709475934026
0.3268709475934026
0.3268709475934026
0.32979087837814747
0.3268526932079997
0.3268709475934026
0.3268703252912324
0.3268703252912324
0.3268709475934026
0.3278578123997169
0.3268703252912324
0.3268526932079997
0.3268526932079997
0.3268709475934026
0.42430763785325454
0.3268709475934026
0.3268709475934026
0.32685331551016994
0.3268526932079997
0.3268703252912324
0.3268709475934026
0.3268703252912324
0.3268703252912324
0.3268709475934026
0.3268709475934026
0.3268703252912324
0.3268709475934026
0.3268533902680544
0.3268704000491168
0.3268774635653968
0.32685331551016994
0.32689502089074507
0.3268709475934026
0.3268703252912324
0.3268704000491168
0.3268956431929153
0.3268704000491168
0.3268703252912324
0.3268709475934026
0.3292523400739998
0.3268703252912324
0.32689502089074507
0.32689502089074507
0.3268956431929153
0.3268526932079997
0.3268703252912324
0.3268709475934026
0.3268709475934026
0.3268709475934026
0.3268703252912324
0.32689502089074507
0.32687102235128707
1.4414505322587012
0.3268709475934026
0.3268703252912324
0.3268703252912324
0.3268704000491168
0.8913195272494508
0.32689502089074507
0.3268709475934026
0.3268703252912324
0.32689502089074507
0.3268703252912324
0.3268703252912324
0.3268703252912324
0.3268703252912324
0.3268709475934026
0.32692921981581774
0.3268709475934026
0.32687102235128707
0.3268709475934026
0.3268704000491168
0.3268709475934026
0.3268709475934026
0.3268703252912324
0.32685331551016994
0.3268703252912324
0.3268703252912324
0.3268709475934026
0.3268526932079997
0.3268709475934026
0.3268703252912324
0.32687102235128707
0.3268703252912324
0.5246544676614225
1.4414395809566978
0.8913274480172759
0.3297732462949148
0.3547405085249271
0.3547405085249271
0.3268703252912324
0.32685331551016994
0.3268703252912324
0.3268709475934026
0.3268709475934026
0.3268709475934026
0.3381294323199697
0.3268703252912324
0.3268703252912324
0.3268709475934026
0.5668448285582387
0.3274320015580683
0.3268703252912324
0.3268526932079997
0.3269291450579333
0.3268703252912324
0.3268709475934026
0.8912319881690218
0.3268709475934026
0.3268703252912324
0.3268703252912324
0.3268703252912324
0.3268703252912324
0.3465666930588952
0.3268703252912324
0.3268709475934026
0.3268703252912324
0.3268526932079997
0.3268709475934026
0.3268704000491168
0.32689502089074507
0.32685331551016994
0.3268703252912324
0.3268526932079997
0.3268703252912324
0.3268703252912324
0.32685331551016994
0.3268709475934026
0.3268703252912324
0.32685331551016994
0.32685331551016994
0.3268703252912324
0.3268703252912324
0.3268709475934026
0.35474113082709735
0.3268709475934026
0.3268703252912324
0.3268526932079997
0.3268526932079997
0.3268956431929153
0.3268703252912324
0.32685331551016994
0.3268703252912324
0.3268780111096826
0.3268709475934026
0.3268526932079997
0.32685276796588414
0.3268956431929153
0.3268703252912324
0.3268709475934026
0.3268703252912324
0.3268703252912324
0.35474113082709735
0.3268703252912324
0.3268956431929153
0.3268703252912324
0.32687102235128707
0.3268703252912324
0.3268956431929153
0.3268709475934026
0.3268703252912324
0.3268709475934026
0.32685331551016994
0.3268956431929153
0.3268709475934026
0.3268533902680544
0.3268526932079997
0.3268709475934026
0.3268709475934026
0.32685331551016994
0.3268703252912324
0.33853945980210276
0.3268709475934026
0.5822848246760138
0.3268709475934026
0.32857866224046145
0.3268703252912324
0.3268709475934026
0.3268709475934026
0.32788313030139987
0.3268704000491168
0.32685331551016994
0.3268709475934026
0.3268709475934026
0.3268703252912324
0.32685331551016994
0.3268703252912324
0.3268709475934026
0.3268709475934026
0.3268703252912324
0.3268709475934026
0.3268709475934026
0.3268709475934026
0.3268709475934026
0.3268956431929153
0.3268703252912324
0.3268703252912324
0.3268703252912324
0.3268704000491168
0.3268526932079997
0.3268703252912324
0.3269291450579333
0.3268526932079997
0.3268709475934026
0.3268703252912324
0.3268703252912324
0.3268709475934026
0.3268703252912324
0.3268703252912324
0.32689502089074507
0.3268703252912324
0.3268703252912324
0.32685331551016994
0.32685331551016994
0.32692852275576306
0.32689502089074507
0.3268709475934026
0.33853816948181015
0.3268703252912324
0.3268703252912324
0.3268703252912324
0.3268709475934026
0.8913195272494508
0.3268709475934026
0.3268703252912324
0.3268709475934026
0.3268703252912324
0.3268703252912324
0.3268709475934026
0.3268709475934026
0.3268709475934026
0.3268703252912324
0.3268703252912324
0.3268703252912324
0.3268709475934026
0.32692852275576306
0.32685331551016994
0.3268526932079997
0.32685331551016994
0.33853945980210276
0.3268526932079997
0.3268703252912324
0.3268709475934026
0.3268709475934026
0.5822861245581545
0.3268703252912324
0.3268703252912324
0.3268703252912324
0.3268703252912324
0.3268709475934026
0.3268704000491168
0.32685331551016994
0.3268703252912324
0.3268526932079997
0.3268703252912324
0.3268526932079997
0.3268709475934026
0.3268709475934026
0.3268773888075124
0.3268533902680544
0.3268709475934026
0.3268526932079997
0.3268703252912324
0.3268703252912324
0.32689502089074507
0.3268703252912324
0.3268526932079997
0.3268709475934026
0.32689502089074507
0.3268703252912324
0.3268709475934026
0.3268703252912324
0.32685331551016994
0.3268704000491168
0.3268703252912324
0.3268526932079997
0.3268709475934026
0.3268526932079997
0.32685331551016994
0.3268709475934026
0.32685331551016994
0.32685331551016994
0.32743137925589805
0.3268780111096826
0.3268526932079997
0.3268773888075124
0.3268704000491168
0.3268956431929153
0.3268703252912324
0.3268709475934026
0.3268709475934026
0.3268780111096826
0.3268709475934026
0.3268703252912324
0.3268709475934026
0.3268703252912324
0.3268703252912324
0.3268703252912324
0.32687102235128707
0.5597063037814654
0.32685331551016994
0.3268703252912324
0.3268709475934026
0.3268526932079997
0.3268526932079997
0.3269362085742133
0.3268526932079997
0.3268780111096826
0.3268703252912324
0.3268703252912324
0.3268709475934026
0.3268709475934026
0.32687102235128707
0.34656731536106544
0.32685331551016994
0.3268703252912324
0.32685331551016994
0.3268709475934026
0.3268709475934026
0.3268703252912324
0.3268709475934026
0.3268709475934026
0.3268704000491168
0.3268703252912324
0.32685331551016994
0.3268709475934026
0.3268703252912324
0.3268709475934026
0.3268709475934026
0.32685331551016994
0.3268526932079997
0.3268526932079997
0.3268709475934026
0.32685331551016994
0.3268703252912324
0.32687102235128707
0.32685331551016994
0.32685331551016994
0.3268709475934026
0.32692921981581774
0.3268703252912324
0.3268526932079997
0.3268703252912324
0.3268704000491168
0.3268703252912324
0.3268703252912324
0.3268703252912324
0.32685331551016994
0.3268709475934026
0.3268703252912324
1.4414520288760948
0.3268709475934026
0.32695321835527574
0.3268526932079997
0.3268703252912324
0.3268709475934026
0.32685331551016994
0.32689502089074507
0.3268709475934026
0.3268709475934026
0.3268709475934026
0.3268709475934026
0.3268703252912324
0.3268709475934026
0.3269291450579333
0.3268526932079997
0.3268709475934026
0.3268703252912324
0.3268709475934026
0.32689502089074507
0.5822861245581545
0.3268703252912324
0.3268703252912324
0.3268703252912324
0.3268709475934026
0.3268703252912324
0.3268709475934026
0.32689502089074507
0.3268704000491168
0.3268709475934026
0.3297915006803177
0.3268709475934026
0.3268703252912324
0.3268709475934026
0.3268709475934026
0.32689502089074507
0.3268703252912324
0.3268709475934026
0.3268709475934026
0.3268703252912324
0.3268526932079997
0.3268703252912324
0.3268526932079997
0.3268526932079997
0.3268709475934026
0.3268709475934026
0.34712774702356086
0.3268709475934026
0.3268703252912324
0.3268709475934026
0.32687102235128707
0.3268703252912324
0.32685331551016994
0.7957371859598362
0.3268704000491168
0.3268709475934026
0.3268703252912324
0.32687102235128707
0.3268703252912324
0.3268703252912324
0.32685331551016994
0.3268709475934026
0.3268773888075124
0.3268956431929153
0.3547405085249271
0.3268703252912324
0.3268709475934026
0.3268709475934026
0.3268703252912324
0.32689502089074507
0.32687102235128707
0.3268709475934026
0.32784080261865445
0.3268709475934026
0.3268709475934026
0.3268703252912324
0.32685331551016994
0.3268709475934026
0.33853945980210276
0.3268703252912324
0.3268704000491168
0.3268703252912324
0.3268709475934026
0.3268709475934026
0.3268704000491168
0.32689502089074507
0.32685331551016994
0.3268709475934026
0.3268703252912324
0.32687102235128707
1.4196545252111463
0.3268704000491168
0.3268709475934026
0.3268703252912324
0.32689571795079975
0.32692852275576306
0.3385375471796399
0.3268709475934026
0.3268709475934026
0.3268950956486295
0.3268773888075124
0.32685331551016994
0.3268709475934026
0.3268709475934026
0.32685331551016994
0.3268709475934026
0.3268709475934026
0.3268703252912324
0.3268703252912324
0.3268703252912324
0.3268950956486295
0.3269539154153305
0.3268709475934026
0.3268526932079997
0.3286791873877375
0.32685331551016994
0.3268709475934026
1.1966613051204686
0.3268703252912324
0.3268709475934026
0.32979087837814747
0.3268703252912324
0.3268703252912324
0.32685331551016994
0.3268709475934026
0.3292423290702018
0.3268703252912324
0.3268703252912324
0.3268703252912324
0.3268703252912324
0.3268703252912324
0.3268704000491168
0.3268526932079997
0.3268703252912324
0.3268709475934026
0.3268709475934026
0.3268709475934026
0.3268773888075124
0.3268709475934026
0.32687102235128707
0.3268703252912324
0.3268709475934026
0.3268780111096826
0.3268709475934026
0.3268703252912324
0.3268709475934026
0.3268526932079997
0.3268703252912324
0.32860335783997413
0.326935586272043
0.3268709475934026
0.3269291450579333
0.3268703252912324
0.3268703252912324
0.3268703252912324
0.3268703252912324
0.3268703252912324
0.3268709475934026
0.3268709475934026
0.3268526932079997
0.32687102235128707
0.3268703252912324
0.3268703252912324
0.3268703252912324
0.3268709475934026
0.5668296562675345
0.3268703252912324
0.3268709475934026
0.3268709475934026
0.3268709475934026
0.3268704000491168
0.3268709475934026
0.3268703252912324
0.5668448285582387
0.3268950956486295
0.3268709475934026
0.3268703252912324
0.3268709475934026
0.3268703252912324
0.3268703252912324
0.3268703252912324
0.3268703252912324
0.32685276796588414
0.3268703252912324
0.3268709475934026
0.3268773888075124
0.3268956431929153
0.3268709475934026
0.3268703252912324
0.3268709475934026
0.3268709475934026
0.3268709475934026
0.3268703252912324
0.3268709475934026
0.3268709475934026
0.32977394335496946
0.32685331551016994
0.3268703252912324
0.3268526932079997
0.3268703252912324
0.3268526932079997
0.32687102235128707
1.4414391584149269
0.3268703252912324
0.7961303803818267
0.32868919839153543
0.3268526932079997
0.35472295119957886
0.3268703252912324
0.5822848246760138
0.3465490609756625
0.3268703252912324
0.3268703252912324
0.3268709475934026
0.3268709475934026
0.3268709475934026
0.3268709475934026
0.3268526932079997
0.3268709475934026
0.3268526932079997
0.3268526932079997
0.3381293575620853
0.3268703252912324
0.3268703252912324
0.3268703252912324
0.3268780111096826
0.3268709475934026
0.32685331551016994
0.3268709475934026
0.3268709475934026
0.3268526932079997
0.3268709475934026
0.3268703252912324
0.32685331551016994
0.3268703252912324
0.3268703252912324
0.3268709475934026
0.3268703252912324
0.3268703252912324
0.3268526932079997
0.32689502089074507
0.3268704000491168
0.3268703252912324
0.3268709475934026
0.3268709475934026
0.3381293575620853
0.32689502089074507
0.32685331551016994
0.3268780111096826
0.3268703252912324
0.32685331551016994
0.32689502089074507
0.3268703252912324
0.3268526932079997
0.3268703252912324
0.3268703252912324
0.32685276796588414
0.3292423290702018
0.32685331551016994
0.32687102235128707
0.3268703252912324
0.3268704000491168
0.3268709475934026
0.3268709475934026
0.3268526932079997
0.3268703252912324
0.3268709475934026
0.3268709475934026
0.3465666930588952
0.32695321835527574
0.3268703252912324
0.3268709475934026
0.32685331551016994
0.3268703252912324
0.3268703252912324
0.3268703252912324
0.3268703252912324
0.3268709475934026
0.3268709475934026
0.3268703252912324
0.3268703252912324
0.3268704000491168
0.3268709475934026
0.3268709475934026
0.3268773888075124
0.3268709475934026
0.3268703252912324
0.3268703252912324
0.3268709475934026
0.32685331551016994
0.32692921981581774
0.3268709475934026
0.32841529444306256
0.32743137925589805
0.3268709475934026
0.3268526932079997
0.3268709475934026
0.3268709475934026
0.3268703252912324
0.3268526932079997
0.3268709475934026
0.3381293575620853
0.3268703252912324
0.3268709475934026
0.3268703252912324
0.3268709475934026
0.32687102235128707
0.32685331551016994
0.3268703252912324
0.3268703252912324
0.3268704000491168
0.3268703252912324
0.3268704000491168
0.3268703252912324
0.3268704000491168
0.3268703252912324
0.3268703252912324
0.3268709475934026
0.3268526932079997
0.3268709475934026
0.5668722414702372
0.32689502089074507
0.3268956431929153
0.3268709475934026
0.3268709475934026
0.3268709475934026
1.4414395809566978
0.32687102235128707
0.3268709475934026
0.3268709475934026
0.3268709475934026
0.3268703252912324
0.3268709475934026
0.32687102235128707
0.3268703252912324
0.3268703252912324
0.3268709475934026
0.3268703252912324
0.3465497580357172
0.32689502089074507
0.32685276796588414
0.3268709475934026
0.891490722635385
0.3268709475934026
0.3268703252912324
0.3268703252912324
0.3268709475934026
0.3268709475934026
0.3269291450579333
0.3268709475934026
0.32685331551016994
0.32689502089074507
0.3268703252912324
0.32685331551016994
0.3268709475934026
0.3268703252912324
0.5239048928593155
0.3268703252912324
0.3268526932079997
0.3268709475934026
0.3268704000491168
0.32687102235128707
0.3268703252912324
0.3268709475934026
0.3268709475934026
0.3268780111096826
0.3268703252912324
0.3268703252912324
0.3268703252912324
0.32689502089074507
0.3268709475934026
0.3268956431929153
0.3268703252912324
0.3268709475934026
0.3268709475934026
0.32685331551016994
0.3268703252912324
0.32685331551016994
0.3385388374999326
0.3268709475934026
0.3268526932079997
0.3268709475934026
0.3268526932079997
0.9318940720934985
0.3268709475934026
0.3268704000491168
0.3268709475934026
0.3268526932079997
0.32785843470188714
0.3268703252912324
0.3268703252912324
0.3268709475934026
0.3268703252912324
0.3268709475934026
0.3268703252912324
0.3268703252912324
0.32689502089074507
0.3268709475934026
0.3268703252912324
0.3268709475934026
0.3268709475934026
0.3268950956486295
0.3268704000491168
0.3268526932079997
0.3268709475934026
0.32685331551016994
0.32685276796588414
0.3268703252912324
0.32685331551016994
0.3268704000491168
0.3268703252912324
0.5246079338681527
0.3268703252912324
0.3268709475934026
0.32685331551016994
0.32979087837814747
0.3268703252912324
0.3268526932079997
0.3268709475934026
0.3268709475934026
0.32685331551016994
0.5822861245581545
0.3268703252912324
0.3268709475934026
0.3268703252912324
0.3268709475934026
0.3268703252912324
0.32784080261865445
0.3268709475934026
0.3268709475934026
0.3268526932079997
0.3268703252912324
0.3268956431929153
0.3268703252912324
0.5668296562675345
0.3268704000491168
0.3268526932079997
0.3268703252912324
0.3268709475934026
0.3268526932079997
0.3268703252912324
0.3268709475934026
0.3268709475934026
0.4680626074693148
0.3268704000491168
0.32685331551016994
0.3268703252912324
0.3268709475934026
0.3268709475934026
0.32687102235128707
0.3268709475934026
0.3268526932079997
0.3268703252912324
0.7960076649384658
0.3268709475934026
0.3268703252912324
0.3268956431929153
0.3292424038280862
0.3268526932079997
0.3268709475934026
0.3268709475934026
0.3268703252912324
0.3268703252912324
0.32897365154257124
0.3268956431929153
0.3268773888075124
0.5822683525031688
0.3268956431929153
0.32685331551016994
0.3268709475934026
0.32685331551016994
0.3268703252912324
0.3268709475934026
0.3268709475934026
