0.32685276796588414
0.32685276796588414
0.32685331551016994
0.3268526932079997
0.3268526932079997
0.3268533902680544
0.32685276796588414
0.3268526932079997
0.32685276796588414
0.32685276796588414
0.32685276796588414
0.32685276796588414
0.32685276796588414
0.328957509480115
0.32685276796588414
0.3269108906725303
0.35472295119957886
0.32685276796588414
0.32685276796588414
0.32685276796588414
0.35472295119957886
0.3268533902680544
0.553522817810951
0.3268704000491168
0.3268704000491168
0.3268526932079997
0.32685276796588414
0.32922477174485354
0.34654913573354695
0.35472295119957886
0.3268526932079997
0.32685276796588414
0.3268526932079997
0.3268533902680544
0.3297733210527992
0.4242869981129621
0.3268704000491168
0.3268533902680544
0.3285787369983459
0.3297733210527992
0.32685276796588414
0.4242869981129621
0.3268526932079997
0.32685276796588414
0.3292347827486515
0.32685276796588414
0.32685276796588414
0.3381294323199697
0.32685331551016994
0.3269108906725303
0.3268533902680544
0.3268533902680544
0.32685276796588414
0.4242869981129621
0.3268533902680544
0.3268533902680544
0.32685276796588414
0.3292246969869691
0.32685331551016994
0.3268533902680544
0.32685276796588414
0.32685276796588414
0.32685276796588414
0.3268704000491168
0.5239049676172
0.32685276796588414
0.32685276796588414
0.8912250209908006
0.32685276796588414
0.32685276796588414
0.35705257910876653
0.32685276796588414
0.32685276796588414
0.36520193306165805
0.32685276796588414
0.32685276796588414
0.3268526932079997
0.32685276796588414
0.3268709475934026
0.32860335783997413
0.3268526932079997
0.3268533902680544
0.3268526932079997
0.32685276796588414
0.32685276796588414
0.32685276796588414
0.3268533902680544
0.32685276796588414
0.34654913573354695
0.34654913573354695
0.3285886732442594
0.32685331551016994
0.3268526932079997
0.3297909531360319
0.3268526932079997
0.32685331551016994
0.32685276796588414
0.32685276796588414
0.32685276796588414
0.32685276796588414
0.32685276796588414
0.3283985300784361
0.3268533902680544
0.32685276796588414
0.32685276796588414
0.32685276796588414
0.34654913573354695
0.35472295119957886
0.32685331551016994
0.32685331551016994
0.3268526932079997
0.32685276796588414
0.3274138219305498
0.32685276796588414
0.32685276796588414
0.32685276796588414
0.3268533902680544
0.32685276796588414
0.3268704000491168
0.3268533902680544
0.32685276796588414
0.32685276796588414
0.32685276796588414
0.3268526932079997
0.32685276796588414
0.3268526932079997
0.32685276796588414
0.5668554230048553
0.32784025507436865
0.32685276796588414
0.3268533902680544
0.3268526932079997
0.32685331551016994
0.32685276796588414
0.3268533902680544
0.32691096543041476
0.3547228764416944
0.32685276796588414
0.3268774635653968
0.32685276796588414
0.32685276796588414
0.32685276796588414
0.32685276796588414
0.566879165014764
0.32685276796588414
0.32685276796588414
0.32691096543041476
0.32691096543041476
0.4242869981129621
0.32685276796588414
0.3268533902680544
0.3268533902680544
0.32685276796588414
0.32685276796588414
1.4414401221982664
0.32685276796588414
0.32685276796588414
0.32685276796588414
0.4242862872293302
0.32691096543041476
0.3274138219305498
0.3278648759159969
0.32685276796588414
0.32685276796588414
0.326911587732585
0.32685276796588414
0.32685331551016994
0.32685276796588414
0.3297909531360319
0.5668554230048553
0.32786495067388133
0.32685276796588414
0.3292347827486515
0.4242869981129621
0.32685276796588414
0.3268526932079997
0.4242869981129621
0.32922477174485354
0.32685276796588414
0.32685276796588414
0.32685331551016994
0.3268533902680544
0.32922477174485354
0.3268533902680544
0.32861344360165656
0.8912329417586258
0.32685276796588414
0.3268526932079997
0.7960346074965317
0.3268533902680544
0.32685276796588414
0.3292347827486515
0.3268533902680544
0.3268526932079997
0.32685276796588414
0.32685276796588414
0.32685276796588414
0.32685276796588414
0.32685276796588414
0.32685276796588414
0.3268773888075124
0.32685276796588414
0.32685276796588414
0.32685276796588414
0.32685276796588414
0.3268533902680544
0.3285887480021438
0.32685276796588414
0.32685276796588414
0.32687102235128707
0.3268526932079997
0.523874435592361
0.4242869981129621
0.3268526932079997
0.3268526932079997
0.7957641285179022
0.32685276796588414
0.3268533902680544
0.32685276796588414
0.32685276796588414
0.32685276796588414
0.3268533902680544
0.3268533902680544
0.32685276796588414
0.3381294323199697
0.32685276796588414
0.32685276796588414
0.32685276796588414
0.32685276796588414
0.3268526932079997
0.3268526932079997
0.32898291086844167
0.3268533902680544
0.3278408773765389
0.32685331551016994
0.4242869981129621
0.3268533902680544
0.32685276796588414
0.32685276796588414
0.32685276796588414
0.32685276796588414
0.32685331551016994
0.3268533902680544
0.32685276796588414
0.32685276796588414
0.3268533902680544
0.3268526932079997
0.32685276796588414
0.3283978191948042
0.3268533902680544
0.32685276796588414
0.32685276796588414
0.32741374717266536
0.32685276796588414
0.3268526932079997
0.32685276796588414
0.3285787369983459
0.32685276796588414
0.32685276796588414
0.32685331551016994
0.32685276796588414
0.32685276796588414
0.32685276796588414
0.3268533902680544
0.32685276796588414
0.32685276796588414
0.3268526932079997
0.32685276796588414
0.3268533902680544
0.32685276796588414
0.32685276796588414
0.3570425681049686
0.7957641285179022
0.3321728931609149
0.32685276796588414
0.32685276796588414
0.32685276796588414
0.32685276796588414
0.3268526932079997
0.3268533902680544
0.3268526932079997
0.32922477174485354
0.32685276796588414
0.32685276796588414
1.4414401221982664
0.34654913573354695
0.32685276796588414
0.4468801815064599
0.32685276796588414
0.32922477174485354
0.32685276796588414
0.32685276796588414
0.9801199907228799
0.3268526932079997
0.3268533902680544
0.32685276796588414
0.3285887480021438
0.3268526932079997
1.419643151367372
0.32685276796588414
0.32685276796588414
0.32685276796588414
0.34654913573354695
0.34711081200038285
0.5239049676172
0.32685276796588414
0.4476109463457155
0.32685276796588414
0.3465497580357172
0.3268533902680544
0.32685331551016994
1.176488480534609
0.32685276796588414
0.32685276796588414
0.32922477174485354
0.32685276796588414
0.32685276796588414
0.32685276796588414
0.3268774635653968
0.3268533902680544
0.3501137317491212
0.32685276796588414
0.32685276796588414
0.32685276796588414
0.32685276796588414
0.3268773888075124
0.3268533902680544
0.3268533902680544
0.32685276796588414
0.32685276796588414
0.34654913573354695
0.32685276796588414
0.32685276796588414
0.32685276796588414
0.3268526932079997
0.35472295119957886
0.32839915238060635
0.32685276796588414
0.32691096543041476
0.32979087837814747
0.33813005462214
0.3285887480021438
0.32685276796588414
0.32685276796588414
0.3268526932079997
0.32685276796588414
0.32685276796588414
0.32687102235128707
0.3268533902680544
0.3268533902680544
0.32977394335496946
0.3268533902680544
0.32685276796588414
0.3268526932079997
0.3268526932079997
0.3268526932079997
0.32685276796588414
0.3268950956486295
0.32685276796588414
0.9504673604195495
0.3268526932079997
0.32685276796588414
0.32685276796588414
0.3269108906725303
0.42501705206858575
0.7960324352958629
0.32685276796588414
0.32685276796588414
0.5668554230048553
0.32687102235128707
0.32685276796588414
0.32685276796588414
0.3274138219305498
0.32691096543041476
0.32685276796588414
0.3268526932079997
0.8912329417586258
0.32784025507436865
0.32685276796588414
0.32685276796588414
0.32685276796588414
0.3268526932079997
0.32685276796588414
0.32685276796588414
0.32685276796588414
0.3285887480021438
0.3268526932079997
0.32685276796588414
0.32685276796588414
0.32685276796588414
0.32685276796588414
0.3547228764416944
0.32685276796588414
0.32685276796588414
0.32685276796588414
1.4414401221982664
0.3465490609756625
0.3268526932079997
0.32895679859648314
0.32784025507436865
0.32685276796588414
0.32685276796588414
0.32685276796588414
0.3283985300784361
0.32685276796588414
0.32685276796588414
0.32685276796588414
0.32685331551016994
0.32685276796588414
0.32685276796588414
0.32685276796588414
0.32685276796588414
0.32685276796588414
0.32784025507436865
0.32685276796588414
0.32685276796588414
0.3274138219305498
0.3547235735017491
0.6740599435369854
0.3268526932079997
0.32693566102992744
0.3268704000491168
0.5239049676172
0.32685276796588414
0.5534923605439964
0.32685276796588414
0.32685276796588414
0.32979863895448214
0.32685276796588414
0.32685276796588414
0.3268533902680544
0.32685276796588414
0.3268533902680544
0.32685276796588414
0.32685331551016994
0.4242869981129621
0.32685276796588414
0.3297909531360319
0.32685276796588414
0.32685276796588414
0.32685276796588414
0.3268533902680544
0.3268526932079997
0.32784025507436865
0.33853762193752435
0.3268533902680544
0.3268526932079997
0.3268526932079997
0.5668554230048553
0.32685276796588414
0.3285787369983459
0.32691096543041476
1.4196445376924822
0.32685276796588414
0.32685331551016994
0.35472295119957886
0.3268533902680544
0.32685276796588414
0.32685276796588414
0.3268533902680544
0.32685276796588414
0.32685276796588414
0.32685276796588414
0.3268526932079997
0.32685331551016994
0.32685276796588414
0.32685276796588414
0.3268774635653968
0.3471101896982126
0.8912329417586258
0.32685276796588414
0.32685276796588414
0.32685276796588414
0.32685276796588414
0.32685276796588414
0.32685276796588414
0.32685276796588414
0.32685276796588414
0.3268526932079997
0.32685276796588414
0.3268533902680544
0.32685276796588414
0.32685276796588414
0.32685276796588414
0.32685276796588414
0.32685276796588414
0.3297909531360319
0.3285787369983459
0.3268526932079997
0.32685276796588414
0.32685276796588414
0.3315169221684937
0.3292347827486515
0.3268533902680544
0.7957640537600177
0.32685276796588414
0.32685276796588414
0.32685276796588414
0.3268533902680544
0.32685276796588414
0.32685276796588414
0.3268533902680544
0.32685276796588414
1.4420378049410665
0.35472349874386466
0.32685276796588414
0.4242869981129621
0.3268533902680544
0.34654913573354695
0.7960346074965317
0.32685276796588414
0.3268533902680544
0.32685276796588414
0.32685276796588414
0.32685276796588414
0.32922477174485354
0.32685276796588414
0.32685276796588414
0.364699076561523
0.32685276796588414
0.32691096543041476
0.3285787369983459
0.32685276796588414
0.32685276796588414
0.3268774635653968
0.3268533902680544
0.32685276796588414
0.32685276796588414
0.32685276796588414
0.7960346074965317
0.3268774635653968
0.3385382442396946
0.32685276796588414
0.32685276796588414
0.32685276796588414
0.32685276796588414
0.32685276796588414
0.32685276796588414
0.32685276796588414
0.3547228764416944
0.32839915238060635
0.32784025507436865
0.32685276796588414
0.3268533902680544
0.32685276796588414
0.32685276796588414
0.32685276796588414
0.32685276796588414
0.3547228764416944
0.32685276796588414
0.32685276796588414
0.32685276796588414
0.32685276796588414
0.32685276796588414
0.8912319881690218
0.3297733210527992
0.32685276796588414
0.32685276796588414
0.3268533902680544
0.3268533902680544
0.32685276796588414
0.32685276796588414
0.3268704000491168
0.8912240674011968
0.3268526932079997
0.35472295119957886
0.32685276796588414
0.3268533902680544
0.7957641285179022
0.3268526932079997
0.32685276796588414
0.32685276796588414
0.32685276796588414
0.3385382442396946
0.3268526932079997
0.3268526932079997
0.32685276796588414
0.32685276796588414
0.32685276796588414
0.35472349874386466
0.32685276796588414
0.3268526932079997
0.32685276796588414
0.3268526932079997
0.32685276796588414
0.32685276796588414
0.3268533902680544
0.32922477174485354
0.5238745103502453
0.32685276796588414
0.32685276796588414
0.32685276796588414
0.32685276796588414
0.32978897716348304
0.3547228764416944
0.3268533902680544
0.32685276796588414
0.32685276796588414
0.3268526932079997
0.32685276796588414
0.8912329417586258
0.32685276796588414
0.3547228764416944
0.32685276796588414
0.8912240674011968
0.5238745103502453
0.3268526932079997
0.32685276796588414
0.3297733210527992
0.32685276796588414
0.32685276796588414
0.6678476736182185
0.32685276796588414
0.32685276796588414
0.32685276796588414
0.32685276796588414
0.7960346074965317
0.35472295119957886
0.44687947062282807
0.32685276796588414
0.3268533902680544
0.3268533902680544
0.33853762193752435
0.3268533902680544
0.32685276796588414
0.32685276796588414
0.3268533902680544
1.4414401221982664
0.32685276796588414
0.8912329417586258
0.3274138219305498
0.32685276796588414
0.3268526932079997
0.32685276796588414
0.32685276796588414
0.3268526932079997
0.3268526932079997
0.7957640537600177
0.326935586272043
0.3268526932079997
0.3268526932079997
0.3268703252912324
0.32685276796588414
0.32685276796588414
0.32685276796588414
0.32685276796588414
0.5668293099749976
0.3278408773765389
0.9504594396517244
0.32685276796588414
0.32784025507436865
0.32685276796588414
0.32685276796588414
0.32685276796588414
0.32685276796588414
0.3268526932079997
0.3268533902680544
0.32685276796588414
0.3268526932079997
0.32685276796588414
0.32685276796588414
0.3274138219305498
0.32685276796588414
0.3274138219305498
0.32685331551016994
0.3268526932079997
1.4519773186103555
0.32685276796588414
0.3274138219305498
0.32685276796588414
0.32687102235128707
0.32685276796588414
0.3268526932079997
0.3297733210527992
0.4251678298421438
0.32685276796588414
0.32685276796588414
0.32685276796588414
0.5668554230048553
0.32685276796588414
0.3268526932079997
0.32685276796588414
1.4414510735002701
0.32685276796588414
0.32685276796588414
0.32685331551016994
0.3465497580357172
0.3268526932079997
0.32685276796588414
0.3268526932079997
0.32685276796588414
0.32784025507436865
0.3268526932079997
0.3547228764416944
1.4414391584149269
0.32685276796588414
0.3268526932079997
0.3471101896982126
0.32685276796588414
0.32685276796588414
0.32685276796588414
0.32685276796588414
0.32685276796588414
0.7960346074965317
0.32693566102992744
0.3268526932079997
0.3283985300784361
0.32685276796588414
0.32685276796588414
0.3268533902680544
0.32685276796588414
0.9504594396517244
0.32685276796588414
0.3268526932079997
0.3268526932079997
0.32685276796588414
0.34660733319807757
0.32685276796588414
1.4414401221982664
0.32685276796588414
1.4414405447400374
0.32685276796588414
0.32685276796588414
0.32685276796588414
0.3268533902680544
0.32784025507436865
0.32685276796588414
0.35482340158897047
0.32685276796588414
0.3268533902680544
0.32685276796588414
0.33853762193752435
0.32685276796588414
0.32685276796588414
0.32685276796588414
0.3268533902680544
0.32685276796588414
0.32685276796588414
0.32685276796588414
0.32784025507436865
0.3547235735017491
0.32685276796588414
0.32685276796588414
0.5246384658929918
0.32685276796588414
0.32685276796588414
1.4421973012119997
0.32685276796588414
0.32685276796588414
0.3297733210527992
0.32685276796588414
0.32685276796588414
0.32685276796588414
0.32687102235128707
0.32685276796588414
0.32685276796588414
0.3286716410661872
0.33853762193752435
0.3268526932079997
0.3278648759159969
0.32685276796588414
0.35472295119957886
0.3268533902680544
0.32685276796588414
1.6051397373159018
0.3268533902680544
0.32685331551016994
0.32685276796588414
0.32685276796588414
1.4414401221982664
0.32685276796588414
0.3268533902680544
0.3268704000491168
2.1616623271768334
0.32685276796588414
0.32685276796588414
0.32685276796588414
0.32685276796588414
0.3268533902680544
0.32685276796588414
0.32685276796588414
0.3268533902680544
0.3268533902680544
0.3268526932079997
0.32685276796588414
0.32685276796588414
0.5246384658929918
0.32685276796588414
0.3268773888075124
0.32685276796588414
1.4414401221982664
0.3268533902680544
0.32685276796588414
0.32685276796588414
0.3268526932079997
0.3268533902680544
0.3268526932079997
0.3297890519213675
0.32685276796588414
0.32685276796588414
0.7957641285179022
0.3292246969869691
0.3268526932079997
0.3268533902680544
0.3274143694748356
0.32685276796588414
0.32685276796588414
1.4414501097169305
0.32685276796588414
0.3268533902680544
0.3268533902680544
0.7960345327386473
0.3268533902680544
0.3268526932079997
0.34656676781677964
1.6422380026758006
0.5246384658929918
0.5239048928593155
0.32784025507436865
0.32685276796588414
0.32685276796588414
0.3297909531360319
0.33853762193752435
0.5081006312468656
0.3268774635653968
0.3268704000491168
0.32685276796588414
0.3268526932079997
0.32685276796588414
0.3268533902680544
0.7957641285179022
0.3268526932079997
0.32922477174485354
0.32685331551016994
0.32685276796588414
0.32685276796588414
0.3268533902680544
0.32685276796588414
0.5239049676172
0.3268526932079997
0.3268526932079997
0.32685276796588414
0.3268526932079997
0.4242869981129621
0.3268526932079997
0.32685276796588414
1.4414510735002701
0.8912329417586258
0.32685276796588414
0.32685276796588414
0.32685276796588414
0.32685276796588414
0.32685276796588414
0.32685276796588414
0.32685276796588414
0.3553016372474772
0.32685276796588414
0.5668554230048553
0.32685276796588414
0.32685276796588414
0.3268533902680544
0.32685276796588414
0.32685276796588414
0.35472295119957886
1.4414405447400374
0.35705257910876653
0.3268533902680544
0.3268526932079997
0.32685276796588414
0.32685276796588414
0.32685276796588414
0.3268526932079997
0.5668544694152513
0.7957641285179022
0.32685276796588414
0.32685276796588414
0.32685276796588414
0.32685276796588414
0.3268704000491168
0.3268704000491168
0.3268526932079997
0.32685276796588414
0.32685331551016994
0.8912329417586258
0.32685276796588414
0.32685276796588414
0.3268526932079997
0.32685276796588414
1.4414405447400374
0.3268709475934026
0.35604850799324417
0.32685276796588414
0.5239048928593155
0.3268533902680544
0.3268526932079997
0.32693566102992744
0.32685276796588414
0.32685276796588414
0.32685276796588414
0.32685276796588414
0.3268533902680544
0.32685331551016994
0.32685276796588414
0.32685276796588414
0.32685276796588414
0.3268533902680544
0.3268526932079997
0.3297732462949148
0.3268526932079997
0.32685276796588414
0.3274138219305498
0.3268533902680544
0.32685276796588414
0.32685276796588414
0.4242869981129621
0.32685276796588414
0.3268533902680544
0.3268526932079997
0.32685276796588414
0.5239049676172
0.3268526932079997
0.32685276796588414
0.4250177629522176
0.32685276796588414
0.32685276796588414
0.3268526932079997
0.32786495067388133
0.3268526932079997
0.32693566102992744
0.7958599761610816
0.32685331551016994
0.3268533902680544
0.8912250209908006
0.3268533902680544
0.32685276796588414
0.32685276796588414
0.3381294323199697
0.3268774635653968
0.34654913573354695
0.32685276796588414
0.3268526932079997
0.34660733319807757
0.32685276796588414
0.32685276796588414
0.32685276796588414
0.3268533902680544
1.4414401221982664
0.32685276796588414
0.32685276796588414
0.32685276796588414
0.3283985300784361
0.32685276796588414
0.32685276796588414
0.3268533902680544
0.32685276796588414
0.32685276796588414
0.32685276796588414
0.3268526932079997
0.3268703252912324
0.32685276796588414
0.3268533902680544
0.32685276796588414
0.3268533902680544
0.3268533902680544
0.3547228764416944
0.32685276796588414
0.3268533902680544
0.32786495067388133
0.32685276796588414
0.32685276796588414
0.32685276796588414
0.3274138219305498
0.3268526932079997
0.32685276796588414
0.32685276796588414
0.32685276796588414
0.3274143694748356
0.553522817810951
0.3471101896982126
0.4556679357818114
0.32685276796588414
0.32685276796588414
0.3268526932079997
0.32685276796588414
0.32685276796588414
0.32786495067388133
0.32685276796588414
0.3268526932079997
0.32685276796588414
0.32685276796588414
0.3268526932079997
0.32685276796588414
0.35472295119957886
0.3268526932079997
0.3268526932079997
0.32685276796588414
0.9796236389321886
0.32685276796588414
0.3268774635653968
0.32685276796588414
