0.3268533902680544
0.32685276796588414
0.3268526932079997
0.3268533902680544
0.3268526932079997
0.3268526932079997
0.32691096543041476
0.32685331551016994
0.3268526932079997
0.32685276796588414
0.32685276796588414
0.32685276796588414
0.32685331551016994
0.32685276796588414
0.329773868597085
0.32693566102992744
0.32685276796588414
0.32685276796588414
0.32685276796588414
0.7957888241174149
0.32685276796588414
0.3268526932079997
0.32685276796588414
0.32685331551016994
0.32685276796588414
0.3268526932079997
0.32685276796588414
0.3278408773765389
0.32685276796588414
0.35607252761224695
0.3268533902680544
0.7957641285179022
0.3268533902680544
0.32685276796588414
0.32685276796588414
0.3268533902680544
0.32685276796588414
0.3471101896982126
0.3268533902680544
0.8912329417586258
0.3268526932079997
0.3268533902680544
0.32685276796588414
0.3283985300784361
0.32685276796588414
0.5668283563853936
0.3268526932079997
0.3268704000491168
0.32685276796588414
0.3268526932079997
0.32685276796588414
0.32685276796588414
0.3268533902680544
0.32685276796588414
0.32685276796588414
0.32685276796588414
0.3268533902680544
0.32685276796588414
0.32685276796588414
0.3381293575620853
0.33853762193752435
0.32685276796588414
0.3268526932079997
0.3297733210527992
0.34654913573354695
0.32685276796588414
0.32685276796588414
0.32685276796588414
0.32685276796588414
0.32685276796588414
0.3268526932079997
0.3268533902680544
0.32922477174485354
0.7958331083609
0.3268533902680544
0.32685276796588414
0.32685276796588414
0.3385382442396946
0.32685276796588414
0.3268526932079997
0.32685276796588414
0.32685276796588414
0.32685276796588414
0.32685276796588414
0.32685276796588414
0.3268526932079997
0.32685276796588414
0.32685276796588414
0.32685276796588414
0.3268526932079997
0.32685276796588414
0.32685276796588414
0.3471278217814453
0.32685276796588414
0.32685276796588414
0.32685276796588414
0.32685276796588414
0.32685276796588414
0.32685276796588414
0.32685276796588414
1.4414405447400374
0.32685276796588414
0.32685276796588414
0.3268533902680544
0.32685276796588414
0.3268533902680544
0.32685276796588414
0.3268533902680544
0.32685276796588414
0.32685276796588414
0.3268526932079997
0.32685331551016994
0.32685276796588414
0.32685331551016994
0.32685276796588414
0.32685276796588414
0.32685276796588414
0.3268533902680544
0.3268773888075124
0.3268526932079997
0.32685276796588414
0.32685276796588414
0.33813005462214
0.32685276796588414
0.3268526932079997
0.32685276796588414
0.32741444423272004
0.32685276796588414
0.9504584860621205
0.32685276796588414
0.32685276796588414
0.32685276796588414
0.3268533902680544
0.3268526932079997
0.32685276796588414
0.33853762193752435
0.33149929008526097
0.32685276796588414
0.32685276796588414
0.32685276796588414
0.3268533902680544
0.32685276796588414
0.7890929071852577
0.32685276796588414
0.32685276796588414
0.3268533902680544
0.3268526932079997
0.32685276796588414
0.32685276796588414
0.32685276796588414
0.3268526932079997
0.32685276796588414
0.32685331551016994
0.32685276796588414
0.4468801815064599
0.3268533902680544
0.35472295119957886
0.4468801815064599
0.3268533902680544
0.32685276796588414
0.3268526932079997
0.32687102235128707
0.7960346074965317
0.3268533902680544
0.32685276796588414
0.32685276796588414
1.4414501097169305
0.3268533902680544
0.32685276796588414
0.32685276796588414
0.32685276796588414
0.32685276796588414
0.4251671189585119
0.3268533902680544
0.3268533902680544
0.3285887480021438
0.3283985300784361
0.32685276796588414
0.32685276796588414
0.32685276796588414
0.3268526932079997
0.32685276796588414
0.3268526932079997
0.3268526932079997
0.32685276796588414
0.32685276796588414
0.33853762193752435
0.3268533902680544
0.32685276796588414
0.3268526932079997
0.3268526932079997
0.32685276796588414
0.32685276796588414
0.5239049676172
0.32685276796588414
0.32685276796588414
0.32685276796588414
0.32685276796588414
0.32685276796588414
0.32685276796588414
0.3292347827486515
0.32685276796588414
0.3268533902680544
0.32685276796588414
0.3268533902680544
0.32685276796588414
0.32685276796588414
0.3268533902680544
0.32685276796588414
0.32685276796588414
0.32685276796588414
0.3268526932079997
0.32685276796588414
0.32685276796588414
0.3268533902680544
0.32685276796588414
0.32860335783997413
0.34654913573354695
0.32685276796588414
0.32685276796588414
0.32685331551016994
0.3268533902680544
0.3268526932079997
0.3268533902680544
0.32685276796588414
0.32685276796588414
0.32685276796588414
0.32685276796588414
0.33853762193752435
0.32685276796588414
0.7957641285179022
1.4414405447400374
0.3268526932079997
0.32685276796588414
0.3268533902680544
0.32685276796588414
0.9504673604195495
0.32685276796588414
0.3268526932079997
0.32685276796588414
0.32685276796588414
0.32685276796588414
0.32685276796588414
0.32685276796588414
0.32685276796588414
0.3285787369983459
0.32786495067388133
0.3268526932079997
0.3268526932079997
0.32685276796588414
0.3268533902680544
0.32685276796588414
0.32685331551016994
0.32685276796588414
0.32685276796588414
0.3268533902680544
0.3292347827486515
0.32685276796588414
0.3268533902680544
0.32693566102992744
0.3274138219305498
0.32685276796588414
0.32685276796588414
0.32685276796588414
0.32685276796588414
0.32685276796588414
0.5239049676172
0.32685276796588414
0.32685276796588414
0.32685276796588414
0.33853816948181015
0.32685276796588414
0.32685276796588414
0.32685276796588414
0.3268526932079997
0.3268533902680544
0.32685276796588414
0.3268533902680544
0.5542563160867429
0.32685276796588414
0.3268526932079997
0.32685276796588414
0.553522817810951
0.3268533902680544
0.32685276796588414
1.4414395809566978
0.32685276796588414
0.32685276796588414
0.32685276796588414
0.32685276796588414
0.32685276796588414
0.3268533902680544
0.3269362085742133
0.32693566102992744
0.32685276796588414
0.32691096543041476
0.3268533902680544
0.3285787369983459
0.3268533902680544
0.32685276796588414
0.32685276796588414
0.32685276796588414
0.3268526932079997
0.32685276796588414
0.32685276796588414
0.3274143694748356
0.32685276796588414
0.32685276796588414
0.32685276796588414
0.5668293099749976
0.32685276796588414
0.32685276796588414
0.32685276796588414
0.32685276796588414
0.32685276796588414
0.3268526932079997
0.3268526932079997
0.32685276796588414
0.566855305456651
0.34654913573354695
0.32685276796588414
0.32685276796588414
0.3274138219305498
0.32685276796588414
0.32685276796588414
0.3274138219305498
0.5239048928593155
0.3268533902680544
0.326935586272043
0.32685276796588414
0.32685276796588414
0.326911587732585
0.32685276796588414
0.32685276796588414
0.32685331551016994
0.32685276796588414
1.4414405447400374
0.3268774635653968
0.3268533902680544
0.32685276796588414
0.32685276796588414
0.3268526932079997
0.32685276796588414
0.3268526932079997
0.35472295119957886
0.32685331551016994
0.3268526932079997
0.3297909531360319
0.3268526932079997
0.32685276796588414
0.32685276796588414
0.33853762193752435
0.34654913573354695
0.32685276796588414
0.32685276796588414
0.32685276796588414
0.3268533902680544
0.3268704000491168
0.32685276796588414
0.7960593030960443
0.32685276796588414
1.2122282327272973
0.3268526932079997
0.32685276796588414
0.32685331551016994
0.3268526932079997
0.3268533902680544
0.7960346074965317
0.3268526932079997
0.32685276796588414
0.32685276796588414
0.32685276796588414
0.3268533902680544
0.3268533902680544
0.32685276796588414
0.3268533902680544
0.32685276796588414
0.32685276796588414
1.4414401221982664
0.32685276796588414
0.32685276796588414
0.32685276796588414
0.32685276796588414
0.5542258588197883
0.3268533902680544
0.3547228764416944
0.32685276796588414
0.32685276796588414
0.32685276796588414
0.3385382442396946
0.3268526932079997
0.32685276796588414
0.33853762193752435
0.32685276796588414
0.32786495067388133
0.32685276796588414
0.32741444423272004
0.3268533902680544
0.32685276796588414
0.5668540055745103
0.34654913573354695
0.32685276796588414
0.32685276796588414
0.32685276796588414
0.3268533902680544
0.5668293099749976
0.3274138219305498
0.34654913573354695
0.3268533902680544
0.32685276796588414
0.32685331551016994
0.3268526932079997
0.32685276796588414
0.32685276796588414
0.3268533902680544
0.32685276796588414
0.3285787369983459
0.32691096543041476
0.3268533902680544
0.3268533902680544
0.3268526932079997
0.32685276796588414
1.4414405447400374
0.32685276796588414
0.32685276796588414
0.35472295119957886
0.32685276796588414
0.32685276796588414
0.32685276796588414
0.32685276796588414
0.3268526932079997
0.3268533902680544
0.3268533902680544
0.32685276796588414
0.3268533902680544
0.32685276796588414
0.32685276796588414
0.32685276796588414
0.34654913573354695
0.32685276796588414
0.32685276796588414
0.32685276796588414
0.32685276796588414
0.32685276796588414
1.452846152929451
0.32685276796588414
0.3547228764416944
0.3268704000491168
0.3268533902680544
0.32685276796588414
0.3268533902680544
0.3268533902680544
0.32685276796588414
0.32685276796588414
0.32685276796588414
0.32685276796588414
0.32685276796588414
0.32685276796588414
0.32685276796588414
0.3268533902680544
0.32685276796588414
0.32685276796588414
0.3268526932079997
0.32685276796588414
0.3268533902680544
0.32685276796588414
0.32685276796588414
0.32685276796588414
0.32693566102992744
0.32922477174485354
0.32685276796588414
0.32685276796588414
0.3268533902680544
0.32685276796588414
0.32685276796588414
0.3297733210527992
0.32685276796588414
0.32685276796588414
0.32685276796588414
0.3268533902680544
0.32685276796588414
0.32685276796588414
0.3268526932079997
0.3268533902680544
0.3297915006803177
0.3268526932079997
0.32685276796588414
0.32786495067388133
0.32685276796588414
0.32685276796588414
0.4242862872293302
0.3268533902680544
0.3268533902680544
0.3268526932079997
0.32685276796588414
0.32685276796588414
0.3268533902680544
0.32691096543041476
0.3268533902680544
0.32685276796588414
0.32685276796588414
0.32685276796588414
0.4242869981129621
0.32685276796588414
0.32685276796588414
0.32685276796588414
0.3268526932079997
0.32685276796588414
0.32685276796588414
0.32685276796588414
0.3297980166523119
0.3268703252912324
0.3268703252912324
0.32860335783997413
0.32685276796588414
0.3268533902680544
0.338130647882378
0.32685276796588414
0.3268526932079997
0.3269108906725303
0.32685276796588414
0.3268526932079997
0.32685276796588414
0.32685276796588414
0.3268533902680544
0.3471101149403282
0.3268526932079997
0.3274138219305498
0.3268533902680544
0.3268533902680544
0.3268533902680544
0.3268526932079997
0.32685276796588414
0.3268526932079997
0.32685276796588414
0.3268533902680544
0.32685276796588414
0.3268533902680544
0.3268526932079997
0.3283985300784361
0.32685276796588414
0.32685276796588414
0.34654913573354695
0.32685276796588414
0.32685276796588414
0.32685276796588414
0.32685276796588414
0.32685276796588414
0.32685276796588414
0.3268526932079997
0.34654913573354695
0.32685276796588414
0.32685276796588414
0.3268704000491168
0.32685276796588414
0.32685276796588414
0.32685276796588414
0.4242869981129621
0.3268533902680544
0.3547228764416944
0.3268526932079997
0.32685331551016994
0.32685276796588414
0.3297733210527992
0.32685276796588414
0.32685276796588414
0.3285787369983459
0.32685276796588414
0.32685276796588414
0.32685276796588414
0.32685276796588414
0.32685276796588414
0.32685276796588414
0.3268526932079997
0.32685276796588414
0.32685276796588414
0.32685331551016994
0.3268526932079997
0.32685276796588414
0.32685276796588414
0.32685276796588414
0.32685276796588414
0.32861344360165656
0.32685276796588414
0.32685276796588414
0.32685276796588414
0.32685276796588414
0.32685276796588414
0.32685276796588414
0.3268526932079997
0.32685276796588414
0.3268526932079997
0.32685276796588414
0.3268533902680544
0.32685276796588414
0.32839915238060635
0.3268704000491168
0.32685276796588414
0.34654968327783275
0.32685276796588414
0.3292347827486515
0.3268533902680544
0.5668554230048553
0.32685276796588414
0.3268526932079997
0.32685276796588414
0.35472295119957886
0.3268533902680544
0.32685276796588414
0.32685276796588414
0.3268533902680544
0.32685276796588414
0.32685276796588414
0.3268526932079997
0.3268533902680544
0.8186384648419961
0.32685276796588414
0.3381294323199697
0.32685276796588414
0.32685276796588414
0.32685276796588414
0.3268526932079997
0.32685276796588414
0.3268533902680544
0.32685276796588414
0.32685276796588414
0.32685276796588414
0.3268526932079997
0.32685276796588414
0.3268526932079997
0.32685276796588414
0.32685276796588414
0.32685276796588414
0.32685276796588414
0.3283978191948042
0.7957641285179022
0.3268533902680544
0.3268533902680544
0.3268526932079997
0.32685276796588414
0.3268533902680544
0.32685276796588414
0.3268533902680544
0.32685276796588414
0.32685276796588414
0.3268526932079997
0.32685276796588414
0.32693628333209773
0.32784025507436865
0.3268526932079997
0.3268533902680544
0.3268526932079997
0.3297732462949148
0.3268533902680544
0.3385382442396946
0.32685276796588414
0.3268533902680544
0.32685276796588414
0.32685276796588414
0.32685276796588414
1.4414401221982664
0.3268533902680544
0.32685276796588414
0.32685276796588414
0.32685276796588414
0.4242862872293302
0.32685276796588414
0.32685276796588414
0.32685276796588414
0.4242869981129621
0.3547228764416944
0.32685276796588414
0.3268533902680544
0.32685276796588414
0.32685276796588414
0.32685276796588414
0.32685276796588414
0.32693628333209773
0.3268774635653968
0.32685331551016994
0.35472295119957886
0.32685276796588414
0.32685276796588414
0.3268526932079997
0.32685276796588414
0.3268533902680544
0.32685276796588414
0.32685276796588414
0.32685276796588414
0.32685276796588414
0.32685276796588414
0.3268774635653968
0.32685276796588414
0.32685276796588414
0.32685276796588414
0.32685276796588414
0.32685276796588414
0.32685276796588414
0.3268533902680544
0.32685276796588414
0.32685276796588414
0.3268526932079997
0.35472295119957886
0.32685276796588414
0.32685276796588414
0.3268533902680544
0.3268533902680544
0.3268533902680544
0.32685276796588414
0.3297909531360319
0.32685276796588414
0.32685276796588414
0.32685276796588414
0.32685276796588414
0.32685276796588414
0.32685276796588414
0.32691096543041476
0.3381294323199697
0.3268533902680544
0.32685276796588414
0.32691096543041476
0.7960346074965317
0.3268533902680544
0.3268526932079997
0.32685276796588414
0.32685276796588414
0.32685276796588414
0.32685276796588414
0.3268533902680544
0.32685276796588414
1.4414510735002701
0.32685276796588414
0.3385375471796399
0.3268533902680544
0.3268533902680544
0.32685276796588414
0.523874435592361
0.3268533902680544
0.32685276796588414
0.3547228764416944
0.3268533902680544
0.32685276796588414
0.32685276796588414
0.32685276796588414
0.32685276796588414
0.32685331551016994
0.32685276796588414
0.3268533902680544
0.32922477174485354
0.32685276796588414
0.3268533902680544
0.32685276796588414
0.328957509480115
0.32685276796588414
0.3285787369983459
0.32685276796588414
0.32685276796588414
0.32685276796588414
0.34654913573354695
0.7960346074965317
0.3547228764416944
0.32685276796588414
0.32685331551016994
0.32685276796588414
0.5239049676172
0.32685331551016994
0.3268526932079997
0.3268533902680544
1.4414405447400374
0.32685276796588414
0.32685276796588414
0.36437375399561855
0.3268533902680544
0.3268526932079997
0.3268533902680544
0.32685276796588414
0.8913284016068799
0.32685276796588414
0.32923470799076704
0.32685276796588414
0.32685276796588414
0.32685276796588414
0.32685276796588414
0.32685276796588414
0.32685276796588414
0.32685276796588414
0.32685276796588414
0.32685276796588414
0.3268533902680544
0.4242862872293302
0.32685276796588414
0.32685276796588414
0.32685276796588414
0.32693566102992744
0.32685276796588414
0.3268533902680544
0.32685276796588414
0.3268533902680544
0.7957641285179022
0.3283985300784361
0.32685331551016994
0.32685331551016994
0.32685276796588414
1.4414395809566978
0.32685276796588414
1.4414405447400374
0.32685276796588414
0.32685276796588414
0.3321553358355666
0.32693628333209773
0.3268526932079997
0.32685276796588414
0.32685276796588414
0.32685276796588414
0.3268533902680544
0.32685331551016994
0.32685276796588414
0.32685276796588414
0.32685331551016994
0.3268533902680544
0.32784025507436865
0.3268526932079997
0.32685276796588414
0.32685276796588414
0.8912329417586258
0.32685276796588414
0.32922477174485354
0.3268526932079997
1.4414405447400374
0.32685276796588414
0.32685276796588414
0.32685276796588414
0.32839844149697445
0.32685276796588414
0.3268533902680544
0.32685276796588414
0.32685331551016994
0.3268533902680544
0.32685276796588414
0.32685276796588414
0.32685276796588414
0.32685276796588414
0.32685276796588414
0.3297909531360319
0.32685276796588414
0.32685276796588414
0.32685276796588414
0.32685276796588414
0.3285887480021438
0.32685276796588414
0.35604850799324417
0.32685276796588414
0.3268526932079997
0.3268526932079997
0.3268704000491168
0.3298315185173299
0.32685276796588414
0.32685276796588414
0.3268533902680544
0.3268533902680544
0.32685276796588414
0.7957641285179022
0.32685276796588414
0.32685331551016994
0.32685331551016994
0.3268533902680544
0.3268533902680544
0.32685276796588414
0.32685276796588414
0.32685276796588414
0.3268526932079997
0.32685276796588414
0.32685276796588414
0.32685276796588414
0.32685276796588414
0.32685276796588414
0.32685276796588414
0.32685276796588414
0.3283985300784361
0.32685276796588414
0.32685276796588414
0.3268526932079997
0.32685276796588414
0.32685276796588414
0.3297909531360319
0.32685276796588414
0.32685276796588414
0.3465497580357172
0.8912329417586258
0.3268526932079997
0.3465490609756625
0.32685276796588414
0.8912319881690218
0.32685276796588414
0.32685276796588414
0.3268533902680544
0.5239049676172
0.32685276796588414
0.32685276796588414
0.8912329417586258
0.32685276796588414
0.35472295119957886
0.3268533902680544
0.32685331551016994
0.35704264286285303
0.3268526932079997
0.32685276796588414
0.32685331551016994
0.32685276796588414
0.3268526932079997
0.35705265386665097
0.3268774635653968
0.32685276796588414
0.32685276796588414
0.3385375471796399
0.32685276796588414
0.32685276796588414
0.32685276796588414
0.3268526932079997
0.3268526932079997
0.32685276796588414
0.32685276796588414
0.5668293099749976
0.3268526932079997
0.48009832295934485
0.32685276796588414
0.32685276796588414
0.3268533902680544
0.32685276796588414
0.32685276796588414
0.32685276796588414
0.32685276796588414
0.32685276796588414
0.32685276796588414
0.33853762193752435
0.32685276796588414
0.3268533902680544
0.32685276796588414
0.32685276796588414
0.32685276796588414
0.3268533902680544
0.3268533902680544
0.32685276796588414
0.32685276796588414
0.32685276796588414
0.32685276796588414
0.8912319881690218
0.32685276796588414
0.32685276796588414
0.32685276796588414
0.3285886732442594
0.32685276796588414
0.3268533902680544
0.32685276796588414
0.3268533902680544
1.4414405447400374
0.32685276796588414
0.32685276796588414
0.32685276796588414
0.32685276796588414
0.32685276796588414
0.3268526932079997
0.3268526932079997
0.32741374717266536
0.3268774635653968
0.32685276796588414
0.32685276796588414
0.32685276796588414
0.32685276796588414
0.7960346074965317
0.3268526932079997
0.32685276796588414
0.32685276796588414
0.32685276796588414
0.32685276796588414
0.32685276796588414
0.443943511954351
0.3268533902680544
0.3268526932079997
0.3268533902680544
0.35472295119957886
0.32685276796588414
0.32685331551016994
0.32685276796588414
0.3268533902680544
0.32685276796588414
0.32685276796588414
0.32685276796588414
0.32685331551016994
0.32685276796588414
0.5240117119642261
0.32685276796588414
0.32685276796588414
0.3471101149403282
0.3268774635653968
0.32895679859648314
0.32685276796588414
0.32685276796588414
0.32685276796588414
0.32685276796588414
