0.3268533902680544
0.32979863895448214
0.32685331551016994
0.32685276796588414
0.3292246969869691
0.32685331551016994
0.32898211649816606
0.32691096543041476
0.32685331551016994
0.3268773888075124
0.5241204443035224
0.32786557297605157
0.5537078372303189
0.329773868597085
0.3268526932079997
0.3268526932079997
0.3268773888075124
0.3268780111096826
0.3268533902680544
1.2605161525649553
0.32687808586756706
0.3268533902680544
0.32685276796588414
0.3268773888075124
0.3274390650743483
0.3268773888075124
0.7957887493595304
0.3268526932079997
0.3268526932079997
0.3268780111096826
0.32685331551016994
0.3268773888075124
0.3268533902680544
0.32685276796588414
0.3268526932079997
0.32685331551016994
0.3268526932079997
0.3269108906725303
0.3268526932079997
0.3268774635653968
0.5868368926809501
0.3268526932079997
0.3268526932079997
0.32687808586756706
1.4414859822428363
0.3269108906725303
0.3268533902680544
0.3268773888075124
0.3268780111096826
0.36466627175655975
0.3268526932079997
0.7960346074965317
0.3268780111096826
0.3268526932079997
0.32685331551016994
0.3289574208986534
0.32687808586756706
0.3268526932079997
0.3268533902680544
0.32685331551016994
0.32685331551016994
0.3268526932079997
0.34654968327783275
1.2788719786806464
0.5241204443035224
0.32687808586756706
0.326935586272043
0.3268774635653968
0.3268780111096826
0.3292246969869691
0.3268774635653968
0.32685331551016994
0.3268773888075124
0.32685331551016994
0.3268780111096826
0.3268773888075124
0.3268526932079997
0.3268526932079997
0.3268709475934026
0.32685331551016994
0.32685331551016994
0.3268773888075124
0.3268526932079997
0.7960323605379784
0.33853816948181015
0.3274390650743483
0.3268780111096826
0.3547235735017491
0.32685331551016994
0.7960076649384658
0.32685331551016994
0.3268526932079997
0.3268526932079997
0.3268526932079997
0.32685331551016994
0.32685331551016994
0.32685331551016994
0.32685276796588414
0.32685331551016994
0.32685331551016994
0.32685331551016994
0.3268526932079997
0.35472295119957886
0.32685276796588414
0.3268703252912324
0.3268526932079997
0.32685331551016994
0.3268780111096826
0.3268526932079997
0.5537078372303189
0.32685331551016994
0.3268526932079997
0.3465497580357172
0.3268526932079997
0.3385375471796399
0.3268780111096826
0.3268533902680544
0.32687808586756706
0.5240900617944523
0.32685331551016994
0.32685331551016994
0.32685276796588414
0.32685331551016994
0.32687808586756706
0.32685331551016994
0.5537078372303189
0.4556672248981795
0.32685276796588414
0.32685331551016994
0.3268526932079997
0.3268533902680544
0.3268773888075124
0.3268526932079997
0.32685331551016994
0.3268773888075124
0.32693628333209773
0.3547235735017491
0.3268780111096826
0.3268780111096826
0.3268533902680544
0.32861344360165656
0.32685331551016994
0.3268780111096826
0.3268773888075124
0.326911587732585
0.7957641285179022
0.32685331551016994
0.3268773888075124
0.3285886732442594
0.3268774635653968
0.3268526932079997
0.32693628333209773
0.3268780111096826
0.3471101149403282
0.32685331551016994
0.3269362085742133
0.3268773888075124
0.3268533902680544
0.8912319881690218
0.3268780111096826
0.32691151297470056
0.3268526932079997
0.3268780111096826
0.326935586272043
0.32685331551016994
0.3285887480021438
0.3269362085742133
0.32691151297470056
0.32685331551016994
0.32685331551016994
0.32691151297470056
0.3268526932079997
0.32685331551016994
0.3268526932079997
0.3268773888075124
0.3268526932079997
0.32685331551016994
0.3268773888075124
0.3268526932079997
0.3268774635653968
0.3268526932079997
0.32687808586756706
0.32929290545529777
0.9510425128538876
0.33856286508132283
0.3269108906725303
0.32685276796588414
0.32687808586756706
0.32685276796588414
0.3268780111096826
0.32685331551016994
0.32685331551016994
0.32687102235128707
0.42425582996237565
0.7891000489283322
0.32685331551016994
0.3268526932079997
0.3268526932079997
0.3268533902680544
0.3268773888075124
0.3268526932079997
0.32864687070879006
0.3268780111096826
0.3297909531360319
0.3268780111096826
0.32685331551016994
0.32685331551016994
0.3268773888075124
0.32685276796588414
0.32685276796588414
0.3268526932079997
0.3292347827486515
0.32687808586756706
0.3268526932079997
0.32685276796588414
0.32685331551016994
0.32685331551016994
0.455174073010687
0.32857866224046145
0.3268526932079997
0.523874435592361
0.32685331551016994
0.3278401803164842
0.3268773888075124
1.4414406550323204
0.3268780111096826
0.36464157615704706
0.3268780111096826
0.32685331551016994
0.5239048928593155
0.3268526932079997
0.32691151297470056
0.3268773888075124
0.33853816948181015
0.3268526932079997
0.3547235735017491
0.3268703252912324
0.32685331551016994
0.3268773888075124
0.32685331551016994
0.3268780111096826
0.3268773888075124
0.32685276796588414
0.32685331551016994
0.3268774635653968
0.326935586272043
0.32685331551016994
0.3268533902680544
0.3268780111096826
0.33853816948181015
0.3297732462949148
0.7960593030960443
0.3268526932079997
0.32685331551016994
0.32685331551016994
0.35472349874386466
0.32685331551016994
0.3274143694748356
0.32857866224046145
0.32691151297470056
0.3268526932079997
0.32898282738179796
0.32860335783997413
0.5297646690067014
0.32685276796588414
0.3283978191948042
0.7957640537600177
0.32691151297470056
0.32685331551016994
0.32685331551016994
0.32685331551016994
0.7960323605379784
0.3268526932079997
0.32685331551016994
0.3465490609756625
0.3268780111096826
0.32685276796588414
0.36680080721751845
0.32685276796588414
0.3268526932079997
0.3268780111096826
0.32685331551016994
0.3268780111096826
0.32749726253887895
0.3269108906725303
0.32687808586756706
0.32685331551016994
0.3268773888075124
0.3268526932079997
0.3268526932079997
0.35136225758590306
0.32685331551016994
0.32685331551016994
0.32687808586756706
0.32685331551016994
0.32685331551016994
0.35474764679909154
0.32685331551016994
0.32685331551016994
0.3268773888075124
0.7957641285179022
0.3547235735017491
0.32691151297470056
0.3268526932079997
0.3268533902680544
0.32685331551016994
0.3268526932079997
0.3268526932079997
0.3268526932079997
0.32685331551016994
0.553492285786112
0.3268780111096826
0.5238745103502453
0.3268526932079997
0.3268780111096826
0.3268780111096826
0.3268780111096826
0.3268709475934026
0.32687808586756706
0.3268533902680544
0.3268526932079997
0.3268774635653968
0.32685331551016994
0.3268780111096826
0.32685331551016994
0.32685331551016994
0.32685331551016994
0.32685331551016994
0.32693566102992744
0.9504584860621205
0.3268526932079997
0.3268526932079997
0.32685331551016994
0.32685331551016994
0.32685331551016994
0.32685331551016994
0.32685331551016994
0.32685331551016994
0.3268780111096826
0.3268780111096826
0.3268533902680544
0.3268773888075124
0.3268703252912324
0.3385375471796399
0.32685331551016994
0.3268526932079997
0.3268780111096826
0.3547482691012618
0.3268773888075124
0.3274143694748356
0.32685331551016994
0.32687808586756706
1.4414391584149269
0.32685331551016994
0.3268533902680544
0.3268533902680544
0.32685331551016994
0.3268780111096826
0.32857866224046145
0.34600873695634105
0.3268773888075124
0.5588958892033337
0.3268773888075124
0.3268533902680544
0.32685331551016994
0.32685331551016994
0.3268780111096826
0.32685331551016994
0.3268526932079997
0.3268773888075124
0.32685331551016994
0.3471354328420111
0.32685331551016994
0.3268780111096826
0.3268780111096826
0.3268526932079997
0.3268533902680544
0.3268526932079997
0.3268533902680544
0.36464157615704706
0.3268526932079997
0.34654968327783275
0.32685331551016994
0.3385375471796399
0.3268526932079997
0.3268533902680544
0.3268773888075124
0.3268526932079997
0.3268780111096826
0.32685331551016994
0.32687102235128707
0.3268709475934026
0.3268774635653968
0.79605922833816
0.32981557397766015
0.3268526932079997
0.3268526932079997
0.3268773888075124
0.3269108906725303
0.3268780111096826
0.32685331551016994
0.3268773888075124
0.3268780111096826
0.3268780111096826
0.3268526932079997
0.3268773888075124
0.3268709475934026
0.6023387867805899
0.3268526932079997
0.32860630532749213
0.32685331551016994
0.5240900617944523
0.3268526932079997
0.3268526932079997
1.418843210743372
0.32685331551016994
0.3268533902680544
0.32687808586756706
1.4414506425509845
0.32691151297470056
0.3268780111096826
0.32685331551016994
0.3286133688437721
0.3268526932079997
0.5240899870365678
0.32687808586756706
0.32685331551016994
0.3268773888075124
0.3268780111096826
0.3268773888075124
0.32685331551016994
0.3292246969869691
0.32685276796588414
0.32685331551016994
0.3268526932079997
0.3268774635653968
0.35474819434337734
0.3268709475934026
0.32685331551016994
0.32685331551016994
0.3297732462949148
0.3471107372424984
1.2954905871592353
0.3268773888075124
0.3268533902680544
0.32685331551016994
0.3268526932079997
0.32685331551016994
0.329773868597085
0.3268780111096826
0.3268526932079997
0.326935586272043
0.3268533902680544
0.3268526932079997
0.32685331551016994
0.32685331551016994
0.32685331551016994
0.32685331551016994
0.3268780111096826
0.3268526932079997
0.32685276796588414
0.3268780111096826
0.3278990000831851
0.3268780111096826
0.3268526932079997
0.32685276796588414
0.3268526932079997
0.3292594035902798
0.32857866224046145
0.3268526932079997
0.32685331551016994
0.3268526932079997
0.3292828944514998
0.329773868597085
0.3268526932079997
0.3268956431929153
0.3646656494543895
0.3268526932079997
0.32685331551016994
0.3268780111096826
0.34996682169535204
0.32685331551016994
1.4414401137907518
0.3268526932079997
0.3268533902680544
0.32685331551016994
0.32860335783997413
0.32685276796588414
0.5239048928593155
0.32685331551016994
0.3268773888075124
0.32685331551016994
0.32695321835527574
0.32685331551016994
1.4414396912489809
0.32685331551016994
0.3268526932079997
0.3268773888075124
0.32685331551016994
0.35472295119957886
0.32685276796588414
0.3268780111096826
0.3268773888075124
0.3268526932079997
0.5821313837254203
0.3268526932079997
0.3268526932079997
0.32685331551016994
0.3268780111096826
0.329773868597085
0.32685331551016994
0.3268526932079997
1.4414501097169305
0.32898211649816606
0.32685331551016994
0.329773868597085
0.32685331551016994
0.3268526932079997
1.4414505322587012
0.3268526932079997
0.7957618815593489
0.3268780111096826
0.36466627175655975
0.32685331551016994
0.4556672248981795
0.32685331551016994
0.32685331551016994
0.3268526932079997
0.32687808586756706
0.3268526932079997
0.3268773888075124
0.3268773888075124
0.32860335783997413
0.32685331551016994
0.3268526932079997
0.3268780111096826
0.7960323605379784
0.3269362085742133
0.3268703252912324
0.32685331551016994
0.3268526932079997
0.3286133688437721
0.3268526932079997
0.3386210625458535
0.32685331551016994
0.32685331551016994
0.32685331551016994
0.3274143694748356
0.32685331551016994
0.3268526932079997
0.3268526932079997
0.3268526932079997
0.3268533902680544
0.3646656494543895
0.32685331551016994
0.32685331551016994
0.32685331551016994
0.9506543770475674
0.3269362085742133
0.3268533902680544
0.3268526932079997
0.32923470799076704
0.3268533902680544
0.32685331551016994
0.3268773888075124
0.3268526932079997
0.32923470799076704
0.3547817709662797
0.3297732462949148
0.32685331551016994
0.3606760462873056
0.32685331551016994
0.3547228764416944
0.3268709475934026
0.3268533902680544
0.32685331551016994
0.32685276796588414
0.3268533902680544
0.32685276796588414
0.32691151297470056
0.5240899870365678
0.3268773888075124
0.32691151297470056
0.3268526932079997
0.3268526932079997
0.32689502089074507
0.3268526932079997
0.32685331551016994
0.3268526932079997
0.9958451827328234
0.3268773888075124
0.3268526932079997
0.3268773888075124
0.3465490609756625
0.32687808586756706
0.32685331551016994
0.3268780111096826
0.3268780111096826
0.3268773888075124
0.3268533902680544
0.32685331551016994
0.3268780111096826
0.3285887480021438
0.3268773888075124
0.32685331551016994
0.32685331551016994
0.32685331551016994
0.32898282738179796
0.3268526932079997
0.3268526932079997
0.32685331551016994
0.3268780111096826
0.33815467546376826
0.523874435592361
0.3268526932079997
0.3268773888075124
0.3268773888075124
0.32685331551016994
0.3268773888075124
0.3268780111096826
0.3268780111096826
0.32685331551016994
0.3268526932079997
0.32685331551016994
0.32685331551016994
0.36472446922109036
0.326935586272043
0.3268533902680544
0.3268526932079997
0.32685331551016994
0.3268773888075124
0.3268533902680544
0.3268703252912324
0.32685331551016994
0.3268526932079997
0.32685331551016994
0.3268526932079997
0.5822696523853095
0.3268780111096826
0.32685331551016994
0.3268773888075124
0.3465497580357172
0.3268526932079997
0.3268526932079997
0.3274143694748356
0.32685276796588414
0.3268773888075124
0.32685331551016994
0.32685331551016994
0.32685331551016994
0.3268773888075124
0.32685331551016994
0.32685331551016994
0.32685276796588414
0.32685331551016994
0.3268773888075124
0.3289574208986534
0.3268526932079997
0.3268780111096826
0.3268526932079997
0.326935586272043
0.32860335783997413
0.3268533902680544
0.32685331551016994
0.3268526932079997
0.3385375471796399
0.3268533902680544
0.3268533902680544
0.4242862872293302
0.32685331551016994
0.32685331551016994
0.32685331551016994
0.32685331551016994
0.3268773888075124
0.32685331551016994
0.3268526932079997
0.32685331551016994
0.3268526932079997
0.3268526932079997
0.3268780111096826
0.32685331551016994
0.3278401803164842
0.32685331551016994
0.3268533902680544
0.3268526932079997
0.3268526932079997
0.3268780111096826
0.32685276796588414
0.3268780111096826
0.5537078372303189
0.3286368597049921
0.3268780111096826
0.5239049676172
0.3268533902680544
0.9506534234579636
0.42425582996237565
0.3465490609756625
0.32685331551016994
0.3268773888075124
1.2334929285444498
0.3268703252912324
0.3268526932079997
0.3268526932079997
0.3268526932079997
0.3269362085742133
0.32687808586756706
0.4470645648000804
0.32685331551016994
0.3268526932079997
0.3285886732442594
0.32685331551016994
0.3268526932079997
0.3268533902680544
0.32685331551016994
0.32685331551016994
0.32685331551016994
0.3268773888075124
0.32685331551016994
0.3268526932079997
0.3274143694748356
0.3286133688437721
0.3268526932079997
0.3268780111096826
0.32685331551016994
0.32685331551016994
0.32685331551016994
0.3274143694748356
0.32685331551016994
0.32687808586756706
0.3268526932079997
0.3268526932079997
0.3268780111096826
0.32685331551016994
0.32685331551016994
0.32685331551016994
0.3268780111096826
0.32685276796588414
0.3268709475934026
0.3268773888075124
0.32685331551016994
0.32685331551016994
0.32685331551016994
0.3268526932079997
0.3268533902680544
0.3268780111096826
0.32685331551016994
0.32685331551016994
0.35476590118449447
0.3268780111096826
0.3471107372424984
0.5239210441435151
0.3268780111096826
0.34654968327783275
0.6023635999283069
0.3268526932079997
0.33853816948181015
0.3268709475934026
0.3268526932079997
0.32685331551016994
0.32685331551016994
0.3269108906725303
0.3268709475934026
0.3268526932079997
0.3268780111096826
0.32685331551016994
0.32691151297470056
0.32685276796588414
0.3268526932079997
0.3297733210527992
0.32685331551016994
0.3268533902680544
0.3268526932079997
0.32685331551016994
0.3268526932079997
0.32685331551016994
1.4414401137907518
0.32687808586756706
0.3268533902680544
0.3274390650743483
0.32685276796588414
0.328957509480115
0.3268533902680544
0.3268956431929153
0.32685331551016994
0.3268773888075124
0.3268533902680544
0.3268526932079997
0.3268709475934026
0.32741374717266536
0.3268526932079997
0.32691151297470056
0.3292347827486515
0.3268533902680544
0.32685276796588414
0.3268526932079997
0.32685331551016994
0.3646656494543895
0.32860335783997413
0.951017817254375
0.32691151297470056
0.32685276796588414
0.3268780111096826
0.3268526932079997
0.32685331551016994
0.32687808586756706
0.326935586272043
0.32685331551016994
0.3269362085742133
0.3268526932079997
0.3268773888075124
0.3268780111096826
0.3268773888075124
0.3268773888075124
0.3268780111096826
0.3268526932079997
0.3268780111096826
0.32685331551016994
0.32685331551016994
0.3286133688437721
0.3268780111096826
0.3268533902680544
0.32685331551016994
0.5241204443035224
0.34659241195753265
0.3268773888075124
0.3268526932079997
0.32685331551016994
0.3268780111096826
0.3386210625458535
0.3471101149403282
0.33856286508132283
0.3268533902680544
0.3268780111096826
0.3268533902680544
0.3268526932079997
0.3268780111096826
0.32687808586756706
0.35472295119957886
0.3268773888075124
0.32691151297470056
0.3646415013991626
0.3268533902680544
0.3269108906725303
0.32687808586756706
0.32685331551016994
0.32685331551016994
0.328424553768933
0.32685331551016994
0.32687808586756706
0.3268780111096826
0.3268773888075124
0.3268773888075124
0.32685331551016994
0.3268774635653968
0.3268780111096826
0.32685276796588414
0.5239048928593155
0.32685331551016994
0.3268526932079997
0.3268780111096826
0.3465737565751752
0.3268780111096826
0.3268773888075124
0.3268780111096826
0.3268526932079997
0.32685331551016994
0.32685276796588414
0.3268526932079997
0.3268704000491168
0.32685331551016994
0.32685276796588414
0.33853945980210276
0.32685331551016994
0.48079863053164584
0.32784080261865445
0.3268526932079997
0.3268526932079997
0.3292594783481642
0.3268773888075124
0.3268526932079997
0.32685331551016994
0.3285886732442594
0.3268526932079997
0.7957640537600177
0.34600873695634105
0.3268533902680544
0.3268526932079997
0.3268526932079997
0.326911587732585
0.3268526932079997
0.326935586272043
0.3268526932079997
0.3268526932079997
0.32685276796588414
0.32685331551016994
0.32685331551016994
0.3268533902680544
0.3297915006803177
0.32685331551016994
0.32685276796588414
0.3268526932079997
0.32685331551016994
0.3268526932079997
0.3268780111096826
0.3268526932079997
0.3292246969869691
0.3460328102536835
0.3268773888075124
0.3268780111096826
0.523874435592361
0.3268774635653968
0.3268773888075124
0.3268526932079997
0.3268780111096826
0.32693628333209773
1.4414501097169305
0.3268773888075124
0.3268533902680544
0.32685331551016994
0.32685331551016994
0.3268526932079997
0.32685331551016994
0.3268773888075124
0.3268526932079997
0.3269362085742133
0.582320114722143
0.32693628333209773
0.32685331551016994
0.32685331551016994
0.3268780111096826
0.3268780111096826
0.3471101149403282
0.5821313837254203
0.3268703252912324
0.3274143694748356
0.3268526932079997
0.3268526932079997
0.3471101149403282
0.3268526932079997
0.32685331551016994
0.34657383133305963
0.3465737565751752
0.79605922833816
0.3268533902680544
0.32685331551016994
0.3269108906725303
0.3268956431929153
0.3268526932079997
0.32685276796588414
0.32685331551016994
0.32923470799076704
0.3274390650743483
0.3268780111096826
0.32685331551016994
0.3268780111096826
0.32685331551016994
0.9504841352512371
0.5239049676172
0.3268533902680544
0.32979087837814747
0.32687102235128707
0.32685331551016994
0.3278983777810148
0.3268526932079997
0.3381293575620853
0.3268526932079997
0.32685331551016994
0.32685331551016994
0.7957371859598362
0.3268774635653968
0.3268526932079997
0.32685331551016994
1.4414854410012676
0.3268774635653968
0.35607320359275685
0.5240899870365678
0.32693628333209773
0.3268780111096826
0.32685331551016994
0.32685276796588414
0.3283978191948042
0.32685276796588414
0.3269108906725303
0.3268773888075124
0.3268773888075124
0.3268533902680544
0.3268526932079997
0.3268526932079997
0.32929290545529777
0.32685331551016994
0.32685331551016994
0.3268773888075124
0.3268780111096826
0.3268773888075124
0.3268533902680544
0.32741374717266536
0.32685276796588414
0.32685331551016994
0.32685331551016994
0.3268773888075124
