0.3268526932079997
0.3268533902680544
0.32685331551016994
0.3268533902680544
0.3268709475934026
0.32685331551016994
0.32685331551016994
0.32685331551016994
0.32685276796588414
0.3268703252912324
0.3268533902680544
0.32685331551016994
0.3268774635653968
0.3381294323199697
0.32685276796588414
0.3268533902680544
0.32685331551016994
0.32685331551016994
0.32687102235128707
0.32741444423272004
0.3268533902680544
0.3268526932079997
0.32685331551016994
0.3268526932079997
0.3268526932079997
0.3268526932079997
0.3268533902680544
0.32685276796588414
0.32685331551016994
0.3268526932079997
0.7957372607177207
0.3268526932079997
0.32784080261865445
0.3268526932079997
0.32685331551016994
0.32685276796588414
0.32685331551016994
0.3268526932079997
0.3268533902680544
0.3268533902680544
0.3268526932079997
0.32685331551016994
0.32685331551016994
0.3268533902680544
0.32685331551016994
0.32685331551016994
0.3268526932079997
0.3268526932079997
0.32685276796588414
0.3268533902680544
0.3268774635653968
1.4414505322587012
0.32687808586756706
0.3268526932079997
0.32685331551016994
0.3268526932079997
0.3268526932079997
0.32687808586756706
0.32685331551016994
0.32685276796588414
0.32784080261865445
0.32685331551016994
0.32691096543041476
0.32685331551016994
0.3268533902680544
0.7957641285179022
0.32687808586756706
0.32685331551016994
1.4414395809566978
0.3268526932079997
0.3268780111096826
0.3268533902680544
0.32685331551016994
0.32685331551016994
0.3268526932079997
0.32685276796588414
0.32685331551016994
0.32685331551016994
0.3268526932079997
0.32685331551016994
0.7957371859598362
0.3268780111096826
0.3268533902680544
0.329773868597085
0.32685331551016994
0.3268533902680544
0.32685331551016994
0.32685331551016994
0.32685331551016994
0.32685331551016994
0.3268526932079997
0.32685331551016994
0.3268533902680544
0.32685331551016994
0.5668306098571383
0.3268703252912324
0.32685331551016994
0.32685276796588414
0.32685331551016994
0.3268533902680544
0.3268526932079997
0.32689571795079975
0.3268533902680544
0.3268533902680544
0.32685276796588414
0.3268533902680544
0.3268533902680544
0.32685331551016994
0.32685331551016994
0.32685331551016994
0.3274143694748356
0.32685276796588414
0.3268533902680544
0.32685331551016994
0.32685331551016994
0.3268526932079997
0.32685331551016994
0.32691096543041476
0.3268533902680544
0.3268533902680544
0.32685331551016994
0.7957372607177207
0.32689502089074507
0.3268533902680544
0.3268526932079997
0.32685331551016994
0.3268526932079997
0.3268533902680544
0.32685331551016994
0.3268533902680544
0.3268533902680544
0.32685331551016994
0.32923470799076704
0.3268533902680544
0.3268533902680544
0.32685331551016994
0.3268533902680544
0.32685276796588414
0.3268533902680544
0.5719264932795673
0.32685276796588414
0.3475366359686426
0.3268533902680544
0.32685331551016994
0.32685276796588414
0.3268533902680544
0.3297909531360319
0.3268533902680544
0.32685331551016994
0.3268526932079997
0.3292246969869691
0.3268533902680544
0.32685331551016994
0.32685331551016994
0.32685331551016994
0.3268526932079997
0.3268704000491168
0.32685276796588414
0.3268780111096826
0.32685331551016994
0.3268533902680544
0.32685331551016994
0.32685276796588414
1.4414395809566978
0.3268773888075124
0.32685331551016994
0.32685276796588414
0.3268526932079997
0.3268526932079997
0.32685331551016994
0.32685276796588414
0.32685276796588414
0.32685331551016994
0.3268533902680544
0.3268780111096826
0.32685331551016994
0.3268533902680544
0.3268533902680544
0.32685331551016994
0.3268533902680544
0.32685331551016994
0.32685331551016994
0.8892554430501114
0.3268533902680544
0.3268533902680544
0.34654968327783275
0.32685331551016994
0.32685276796588414
0.3268526932079997
0.32685331551016994
0.32687808586756706
0.3268526932079997
0.32685331551016994
0.5916831262832514
0.32685276796588414
0.32685331551016994
0.32685276796588414
0.3268526932079997
0.32685276796588414
0.32685331551016994
0.3268533902680544
0.3268533902680544
0.3268526932079997
0.32685331551016994
0.3268526932079997
0.3268533902680544
0.329773868597085
0.32685331551016994
0.3268533902680544
0.3268533902680544
0.3268533902680544
0.3268526932079997
0.3268533902680544
0.3268526932079997
0.3471107372424984
0.3547228764416944
0.32860343259785857
0.32685331551016994
0.3268526932079997
0.32685276796588414
0.32685276796588414
0.3268526932079997
0.32685276796588414
0.3269362085742133
0.32685331551016994
0.32685331551016994
0.5668306098571383
0.32685331551016994
0.32685331551016994
0.3268526932079997
0.32685276796588414
0.32685276796588414
0.32685331551016994
0.32685331551016994
0.32685331551016994
0.32685331551016994
0.32685331551016994
0.32685276796588414
0.32685331551016994
0.3268533902680544
0.32685331551016994
0.3268526932079997
0.3278401803164842
0.32839844149697445
0.32685331551016994
0.3268533902680544
0.32685331551016994
0.3268533902680544
0.32685276796588414
0.32685276796588414
0.3268533902680544
0.3268533902680544
0.3268533902680544
0.3268533902680544
0.32685276796588414
0.32685331551016994
0.3274138219305498
0.3268704000491168
0.32685276796588414
0.32685331551016994
0.32685331551016994
0.32685276796588414
0.32685331551016994
0.3268533902680544
0.32685331551016994
0.32685331551016994
0.32685331551016994
0.32685276796588414
0.3268533902680544
0.4242869981129621
0.32685276796588414
0.3268526932079997
0.32685331551016994
0.32685331551016994
0.3547228764416944
0.32685276796588414
0.32685276796588414
0.3268526932079997
0.32685331551016994
0.3268533902680544
0.32685331551016994
0.32685331551016994
0.3381299798642556
0.35472349874386466
0.32685331551016994
0.32685331551016994
0.3547228764416944
0.3274143694748356
0.3268533902680544
0.3268533902680544
0.3268703252912324
0.32685276796588414
0.32685331551016994
0.32685331551016994
0.32685331551016994
0.3268533902680544
0.32685276796588414
0.3268526932079997
0.32784080261865445
0.3268526932079997
0.3278401803164842
0.3268526932079997
0.32685276796588414
0.32741374717266536
0.3268526932079997
0.32687102235128707
0.32685331551016994
0.3268526932079997
0.32685276796588414
0.32685331551016994
0.3268526932079997
0.7307281884871901
1.4196541026693754
0.32685331551016994
0.3268704000491168
0.3268526932079997
0.3268533902680544
0.32784080261865445
0.32685331551016994
0.32685331551016994
0.32685331551016994
0.32685331551016994
0.3268526932079997
0.3286133688437721
0.3274138219305498
0.3268533902680544
0.32685331551016994
0.32685331551016994
0.32685276796588414
0.32685331551016994
0.32685276796588414
0.3268526932079997
0.3268526932079997
0.32685331551016994
0.32685331551016994
0.32685331551016994
0.32685331551016994
0.3268526932079997
0.3268780111096826
0.3268780111096826
0.3268533902680544
0.3268533902680544
0.3268526932079997
0.3268533902680544
0.32685331551016994
0.32685276796588414
0.34711081200038285
0.3268533902680544
0.3268533902680544
0.3297909531360319
0.32685331551016994
0.32685331551016994
0.32685276796588414
0.3268780111096826
0.32685331551016994
0.3268526932079997
0.3268533902680544
0.32685331551016994
0.3268533902680544
0.32685331551016994
0.32687808586756706
0.3268526932079997
0.32685276796588414
0.32685276796588414
0.32685331551016994
0.32685276796588414
0.3268526932079997
0.32685331551016994
0.3268526932079997
0.32685276796588414
0.3268533902680544
0.3268533902680544
0.32685276796588414
0.3268533902680544
0.32685331551016994
0.32685331551016994
0.3465490609756625
0.3381299798642556
0.32685331551016994
0.3268526932079997
0.326935586272043
0.3268526932079997
0.3268526932079997
0.32685276796588414
0.32685276796588414
0.3268533902680544
0.3268533902680544
0.32685276796588414
0.3268533902680544
0.32859636908157863
0.34654968327783275
0.32685276796588414
0.32685331551016994
0.3268526932079997
0.32685276796588414
0.32685331551016994
0.523874435592361
0.32687808586756706
0.3268533902680544
0.32685331551016994
0.32685331551016994
0.3268533902680544
0.3268526932079997
0.32685331551016994
0.32685331551016994
0.3268526932079997
0.32685331551016994
0.32685331551016994
0.32685331551016994
0.32685276796588414
0.32685276796588414
0.366834234324652
0.3268533902680544
0.32685276796588414
0.32685276796588414
0.3268533902680544
0.32685276796588414
0.3268533902680544
0.3268526932079997
0.3268533902680544
0.32685331551016994
0.32685331551016994
0.3285887480021438
0.32685331551016994
0.32685331551016994
0.32685276796588414
0.32687102235128707
0.3268533902680544
0.3268533902680544
0.32685276796588414
0.32685331551016994
0.32685331551016994
0.32685331551016994
0.7957640537600177
0.32685276796588414
0.32685331551016994
0.32685331551016994
0.3268533902680544
0.3268533902680544
0.3268533902680544
0.3268526932079997
0.3268533902680544
0.32685331551016994
0.3268533902680544
0.32685331551016994
0.3268533902680544
1.4414391584149269
0.32685331551016994
0.3268526932079997
0.3268533902680544
0.3268526932079997
0.32685331551016994
0.32685331551016994
0.32685331551016994
0.32685276796588414
0.3268526932079997
0.3268533902680544
0.3268526932079997
0.32685331551016994
0.3268526932079997
0.3292523400739998
0.32685331551016994
0.3268533902680544
0.3268533902680544
0.3268533902680544
0.3268526932079997
0.3268526932079997
0.3268526932079997
0.3268526932079997
0.32685331551016994
0.3268526932079997
0.523874435592361
0.32685331551016994
0.3268533902680544
0.3268703252912324
0.32685331551016994
0.326911587732585
0.3268533902680544
0.32685276796588414
0.32741444423272004
0.3268533902680544
0.32685331551016994
0.32685331551016994
0.32685331551016994
0.3268526932079997
0.3293075900510125
0.3268526932079997
0.3268533902680544
0.3268526932079997
0.3268773888075124
0.32687102235128707
0.32685276796588414
0.32685331551016994
0.32685331551016994
0.32685276796588414
0.32685276796588414
0.3268533902680544
0.3268533902680544
0.32685331551016994
0.3268526932079997
0.32685331551016994
0.32685331551016994
0.32685331551016994
0.32685276796588414
0.32691096543041476
0.32685331551016994
0.3465497580357172
0.35472295119957886
0.3268533902680544
0.32685331551016994
0.5668306098571383
0.3268533902680544
0.32685331551016994
0.32685331551016994
0.3268526932079997
0.8912250209908006
0.3285787369983459
0.3268526932079997
0.3268526932079997
0.3268526932079997
0.32685276796588414
0.3268526932079997
0.7957372607177207
0.32685331551016994
0.338538912257817
0.32685331551016994
0.3268533902680544
0.7957371859598362
0.3278408773765389
0.3268526932079997
0.3268526932079997
0.3268533902680544
0.32860335783997413
0.32685331551016994
0.3268526932079997
0.32685276796588414
0.32685331551016994
0.32685331551016994
0.32685276796588414
0.32685331551016994
0.3268526932079997
0.3268526932079997
0.3268533902680544
0.3268533902680544
0.3268533902680544
0.3268526932079997
0.3268533902680544
0.32685331551016994
0.32685276796588414
0.3268533902680544
0.32685276796588414
0.3268526932079997
0.9504664068299455
0.32685276796588414
0.3268526932079997
0.3268526932079997
0.32685276796588414
0.32685276796588414
0.3268533902680544
0.32685331551016994
0.3268533902680544
0.326911587732585
0.32685331551016994
0.32685331551016994
0.7957371859598362
0.32685331551016994
0.3268526932079997
0.32685331551016994
0.3268526932079997
0.32685331551016994
0.3268533902680544
0.3268526932079997
0.32685331551016994
0.32685331551016994
0.32685276796588414
0.3268533902680544
0.3268526932079997
0.32685331551016994
0.3268533902680544
0.3268533902680544
0.3268533902680544
0.32685276796588414
0.32685331551016994
0.32685331551016994
0.32685331551016994
0.32685276796588414
0.3465497580357172
0.5668457821478426
0.3268533902680544
0.3268533902680544
0.32685331551016994
0.3292594783481642
0.32685331551016994
0.3268533902680544
0.3268526932079997
0.3268526932079997
0.3268533902680544
0.32867156630830274
0.32689502089074507
0.326911587732585
0.32687808586756706
0.32685276796588414
0.3268780111096826
0.32685331551016994
0.9504594396517244
0.3385382442396946
0.3268704000491168
0.32685331551016994
0.32685276796588414
0.3668001101574638
0.32685331551016994
0.32685331551016994
0.32685331551016994
0.3268773888075124
0.32685331551016994
0.32687808586756706
0.32685276796588414
0.3268526932079997
0.3268533902680544
0.3268780111096826
1.4414501097169305
0.3297915006803177
0.3268526932079997
0.3268526932079997
0.32685331551016994
0.32685331551016994
0.32691096543041476
0.32685331551016994
0.3268526932079997
0.3268526932079997
0.32685331551016994
0.3268533902680544
0.3268526932079997
0.3268533902680544
0.32685331551016994
0.32685276796588414
0.3268526932079997
0.32685331551016994
0.32685276796588414
0.32685331551016994
0.32685331551016994
0.32687102235128707
0.32685331551016994
0.3268526932079997
0.32685331551016994
0.3268526932079997
0.32685331551016994
0.33078605130508226
0.32687808586756706
0.32685331551016994
0.35474764679909154
0.3268526932079997
0.32685331551016994
0.32685331551016994
0.3285887480021438
0.3278401803164842
0.32685331551016994
0.32685331551016994
0.3268533902680544
0.32685331551016994
0.32685331551016994
0.3268526932079997
0.32685331551016994
0.3268533902680544
0.3268533902680544
0.32685331551016994
0.3268526932079997
0.32685331551016994
0.32685331551016994
0.32685276796588414
0.32685276796588414
0.32685331551016994
0.33853816948181015
0.3268526932079997
0.32685331551016994
0.3268533902680544
0.32685331551016994
0.3268780111096826
0.3268533902680544
0.32685331551016994
0.3292246969869691
0.3268780111096826
0.32685331551016994
0.32685276796588414
0.32685276796588414
0.32685276796588414
0.3268533902680544
0.3268526932079997
0.7974558471665639
0.32685331551016994
0.3268526932079997
0.32685276796588414
0.3268533902680544
0.3268526932079997
0.32685331551016994
0.32685331551016994
0.3268526932079997
0.3268526932079997
0.3268533902680544
0.32685331551016994
0.32685331551016994
0.3268526932079997
0.32685331551016994
0.553492285786112
0.3268533902680544
0.3268526932079997
0.32685331551016994
0.32685331551016994
0.32685276796588414
0.32685276796588414
0.32685276796588414
0.3268704000491168
0.32685331551016994
0.3268526932079997
0.3465490609756625
0.32685276796588414
0.3268533902680544
0.7957372607177207
0.32685276796588414
0.3268526932079997
0.32685331551016994
0.32685331551016994
0.32685331551016994
0.32685331551016994
0.3268526932079997
0.3268780111096826
1.4414395809566978
0.32685331551016994
0.32685276796588414
0.3268526932079997
0.32685331551016994
0.3268533902680544
0.3268526932079997
0.3268526932079997
0.32685331551016994
0.32687808586756706
0.3297733210527992
0.32685331551016994
0.3268533902680544
0.3268533902680544
0.32741374717266536
0.3268533902680544
0.32685331551016994
0.32930766480889695
0.3268533902680544
0.32685331551016994
0.32685331551016994
0.3268526932079997
0.32685276796588414
0.3268526932079997
0.3268533902680544
0.32685331551016994
0.3278401803164842
0.3268533902680544
0.32685276796588414
0.4468497242395054
0.3268526932079997
0.3268533902680544
0.3268533902680544
0.3268533902680544
0.3268704000491168
0.32691151297470056
0.32685331551016994
0.3268533902680544
0.32685331551016994
0.32687808586756706
0.32685276796588414
0.32685276796588414
0.32685276796588414
0.3268533902680544
0.3268526932079997
0.8912329417586258
0.32685331551016994
0.3268704000491168
0.32685331551016994
0.32685276796588414
0.3268533902680544
0.3268533902680544
0.3268526932079997
0.3268533902680544
0.3268533902680544
0.32685331551016994
0.3268526932079997
0.32685331551016994
0.3268773888075124
0.32685276796588414
0.32685331551016994
0.3268533902680544
0.33853816948181015
0.7957372607177207
0.3268526932079997
0.32685331551016994
0.3268704000491168
0.3667760368601213
0.3268526932079997
0.3268526932079997
0.3268533902680544
0.3268526932079997
0.3268533902680544
0.3268526932079997
0.32685331551016994
0.32685331551016994
0.32685331551016994
0.3268526932079997
0.32685331551016994
0.32685331551016994
0.32685331551016994
0.329773868597085
0.5238745103502453
0.32685276796588414
0.32685276796588414
0.32691096543041476
0.32685331551016994
0.32687808586756706
0.3268526932079997
0.32685276796588414
0.3268526932079997
0.32685331551016994
0.32685331551016994
0.3268533902680544
0.32685276796588414
0.3268533902680544
0.32685331551016994
0.32685331551016994
0.8188820012625597
0.3268526932079997
0.32685331551016994
0.32685276796588414
0.3278408773765389
0.32685331551016994
0.32685331551016994
0.32685276796588414
0.32685331551016994
0.3286133688437721
0.32685276796588414
0.3268526932079997
0.3268773888075124
0.3268533902680544
0.3268526932079997
0.32685331551016994
0.3278401803164842
0.32685331551016994
0.3268526932079997
1.4414510735002701
0.32685331551016994
0.32685331551016994
0.32685276796588414
0.3268709475934026
0.3268533902680544
0.32685331551016994
0.3294026043584606
0.3268703252912324
0.3268526932079997
0.3268533902680544
0.32685331551016994
0.3268526932079997
0.3268526932079997
0.3268533902680544
0.32784080261865445
0.32685331551016994
0.32685276796588414
0.32979157543820214
0.3268533902680544
0.32685331551016994
0.3268526932079997
0.3531435648075014
0.3268780111096826
0.32685331551016994
0.32685331551016994
0.32685331551016994
0.32685331551016994
0.32685276796588414
0.3268533902680544
0.3274143694748356
0.3268533902680544
0.3268533902680544
0.32685276796588414
0.3268533902680544
0.32685331551016994
0.32685276796588414
0.32685331551016994
0.32685331551016994
0.3268533902680544
0.3268526932079997
0.32685276796588414
0.3268533902680544
0.3405360679443654
0.32685276796588414
0.32685331551016994
0.32685276796588414
0.3268533902680544
0.32685331551016994
0.32685276796588414
0.5238745103502453
0.32685276796588414
0.3268533902680544
0.32685276796588414
0.32685276796588414
0.3268526932079997
0.32685276796588414
0.3268533902680544
0.3268533902680544
0.3268526932079997
0.3268526932079997
0.42447138140658247
0.32685276796588414
0.5239049676172
0.32977394335496946
0.523874435592361
0.3268709475934026
0.3268526932079997
0.32685331551016994
1.4414401221982664
0.3465490609756625
0.32685331551016994
0.3381293575620853
0.32685331551016994
0.3268533902680544
0.32685276796588414
0.3268526932079997
0.32685276796588414
0.3268533902680544
0.3268533902680544
0.32685276796588414
0.3292594783481642
0.32685331551016994
0.32923470799076704
0.3268533902680544
0.32685276796588414
0.32685331551016994
0.32685276796588414
0.3268533902680544
0.32685276796588414
0.32685331551016994
0.32685276796588414
0.3268533902680544
0.32685331551016994
0.32685276796588414
0.32685331551016994
0.32693566102992744
0.32685276796588414
0.32685331551016994
0.32685331551016994
0.32685276796588414
0.32685331551016994
0.3283985300784361
0.32685276796588414
0.32685331551016994
0.3547235735017491
0.32685331551016994
0.3268526932079997
0.3268533902680544
0.32685276796588414
0.32685331551016994
0.32685276796588414
0.3268533902680544
0.3268773888075124
0.3268533902680544
0.32685276796588414
0.32685331551016994
0.3547228764416944
0.3268533902680544
0.32685276796588414
0.3268533902680544
0.32685331551016994
0.3274143694748356
0.3268533902680544
0.32685276796588414
0.32685331551016994
0.32685331551016994
0.32685331551016994
0.3268533902680544
0.3268526932079997
0.3268526932079997
0.32685331551016994
0.32685331551016994
0.7957641285179022
0.32687808586756706
0.32685276796588414
0.32685331551016994
0.9504673604195495
0.5668283563853936
0.3268526932079997
0.32685276796588414
0.32685331551016994
1.4406511328762701
0.32685331551016994
0.3547235735017491
0.32685331551016994
0.3268526932079997
0.32685331551016994
0.3268533902680544
0.3268526932079997
0.32685331551016994
0.3268533902680544
0.7957372607177207
0.32685331551016994
0.32685331551016994
0.32685331551016994
0.32685331551016994
