0.3268526932079997
0.3268526932079997
0.3268526932079997
0.36464157615704706
0.7957371859598362
0.3268526932079997
0.32685276796588414
1.4414395809566978
0.32685276796588414
0.3268526932079997
1.4414391584149269
0.3268526932079997
0.32685331551016994
0.3268526932079997
0.3268526932079997
0.3268526932079997
0.3268526932079997
0.33853762193752435
0.5821808924726499
0.32685276796588414
0.3268526932079997
0.3268526932079997
0.3268526932079997
0.3268526932079997
0.3283978191948042
0.3268526932079997
0.32685276796588414
0.3286615553045048
0.3471101896982126
0.3278401803164842
0.32685276796588414
0.34654913573354695
0.3268526932079997
0.3268526932079997
0.3268526932079997
0.3268526932079997
0.32741374717266536
0.3268703252912324
0.3268526932079997
0.32685276796588414
0.3268526932079997
0.32685276796588414
0.5542563160867429
0.32685276796588414
0.3268526932079997
0.3268526932079997
0.3268526932079997
0.32685331551016994
0.3268526932079997
0.3268773888075124
0.3268526932079997
0.3471101896982126
0.3268526932079997
0.3268526932079997
0.3268526932079997
0.32685276796588414
0.3268526932079997
0.3268526932079997
0.3268526932079997
0.3268526932079997
0.32685276796588414
0.3268526932079997
0.3268526932079997
0.32685331551016994
0.9504664068299455
1.4414401221982664
0.32685331551016994
0.7960593030960443
0.3268526932079997
0.3268526932079997
0.3268526932079997
0.32685331551016994
0.3268526932079997
0.3283978191948042
0.7957371859598362
0.3268526932079997
0.3268526932079997
0.3268526932079997
0.3283978191948042
0.3268526932079997
0.32685276796588414
0.3268526932079997
0.3268526932079997
0.3268526932079997
0.3268526932079997
0.3268526932079997
0.3268526932079997
0.3268526932079997
0.3268526932079997
0.3268526932079997
0.3268526932079997
0.3268526932079997
0.3268526932079997
0.3381293575620853
0.3268526932079997
0.3268526932079997
0.3268526932079997
0.951017817254375
0.3268526932079997
0.3268526932079997
0.3268526932079997
0.3268533902680544
0.3268526932079997
0.3268526932079997
0.3268526932079997
0.32685276796588414
0.3268526932079997
0.3268526932079997
0.32685276796588414
0.5822954191226303
0.3268526932079997
0.3268526932079997
0.3268526932079997
1.4414395809566978
0.3268526932079997
0.3268526932079997
0.7960345327386473
0.3268526932079997
0.3471101149403282
0.32685276796588414
0.3268526932079997
0.3268526932079997
0.3268526932079997
0.32979087837814747
0.32685276796588414
0.3268526932079997
0.3268533902680544
0.3268526932079997
0.3268526932079997
0.32685276796588414
0.3268526932079997
1.4414391584149269
0.3268526932079997
0.3268526932079997
0.32685331551016994
0.34824738198461286
0.3268773888075124
0.326935586272043
0.32685276796588414
0.32685276796588414
0.3268526932079997
0.3283978191948042
0.3268526932079997
0.3278401803164842
0.3292246969869691
0.3268526932079997
0.32685276796588414
0.3268526932079997
0.3268533902680544
0.3268526932079997
0.3269108906725303
0.5542563160867429
0.3268526932079997
0.3268526932079997
0.3268526932079997
0.32685276796588414
0.32685276796588414
0.3268526932079997
0.32685276796588414
0.3465497580357172
0.3269108906725303
0.32857866224046145
0.32685276796588414
0.3268526932079997
0.3268526932079997
0.3268526932079997
0.3269108906725303
0.32929290545529777
0.3268526932079997
0.3285787369983459
0.3268526932079997
0.3268526932079997
1.4414395809566978
0.8912319881690218
0.3268526932079997
0.32685276796588414
0.3268526932079997
0.3285962943236942
0.3268526932079997
0.35472295119957886
0.32685331551016994
0.3268774635653968
0.3268526932079997
0.3268526932079997
0.5242272634084331
0.3268526932079997
0.7960345327386473
0.5668283563853936
0.3268526932079997
0.32685276796588414
0.3268526932079997
0.3268526932079997
0.3268526932079997
0.3268526932079997
0.3268780111096826
0.32685276796588414
0.3268526932079997
0.3268526932079997
0.32685276796588414
0.3268526932079997
0.3283978191948042
0.32857866224046145
0.32685276796588414
0.5239049676172
0.3385375471796399
0.9511880590507054
0.3268526932079997
0.32866163006238924
0.3268526932079997
0.4468801815064599
0.3268526932079997
0.32685276796588414
0.3268526932079997
0.8912329417586258
0.3268526932079997
0.3268526932079997
0.3268526932079997
0.32685331551016994
0.32685276796588414
0.3292246969869691
0.3268526932079997
0.33853762193752435
0.3268526932079997
0.32685276796588414
0.3268526932079997
0.3268526932079997
0.32685276796588414
0.8912319881690218
0.3268526932079997
0.32685331551016994
0.3268526932079997
0.4242862872293302
0.3268526932079997
1.4266162027659528
0.3268526932079997
0.35472295119957886
0.3297733210527992
0.3268526932079997
0.32685276796588414
0.3268526932079997
0.3268526932079997
0.35472295119957886
0.3268526932079997
0.3381293575620853
0.5668283563853936
0.3268526932079997
0.3268526932079997
0.3297733210527992
0.3268526932079997
0.32685331551016994
0.3268526932079997
0.3269108906725303
0.3268526932079997
0.3268526932079997
0.6022262848580217
0.3268526932079997
0.3268526932079997
0.3268526932079997
0.3268526932079997
0.5872992175772309
0.7957640537600177
0.3268526932079997
0.3268526932079997
0.3268526932079997
0.3268526932079997
1.4414391584149269
0.5821561968731372
0.3268526932079997
0.3268526932079997
0.3268526932079997
0.32685276796588414
0.3268526932079997
0.3268533902680544
0.3268526932079997
0.3268526932079997
0.3471101149403282
0.3268526932079997
0.326935586272043
0.3471101149403282
0.3268526932079997
0.3268526932079997
0.32685276796588414
0.3268526932079997
0.3268526932079997
1.4414395809566978
0.32741374717266536
0.32685276796588414
0.3268526932079997
0.338130647882378
0.3268526932079997
0.3268526932079997
1.4414401221982664
0.3268526932079997
0.3268526932079997
0.326935586272043
0.3268526932079997
0.3268526932079997
0.3278401803164842
0.3268526932079997
0.3268526932079997
0.3385382442396946
0.32685276796588414
1.4414391584149269
1.4414391584149269
0.3268526932079997
0.3268526932079997
0.3268526932079997
0.3268526932079997
0.3268526932079997
0.32685276796588414
0.3268526932079997
0.3471101149403282
0.3268526932079997
0.3268533902680544
0.3268526932079997
0.3268526932079997
0.3268703252912324
0.32685276796588414
0.3297733210527992
0.79605922833816
0.3297915006803177
0.3268526932079997
0.32685276796588414
0.3268526932079997
0.3268526932079997
0.32685331551016994
0.79605922833816
0.32685276796588414
0.3268526932079997
0.3268526932079997
0.3268526932079997
0.32895679859648314
0.3268526932079997
0.3268526932079997
0.3268526932079997
0.3268526932079997
0.32685331551016994
0.8885099937127958
0.3268526932079997
0.3268526932079997
0.32685276796588414
0.3268526932079997
0.35472295119957886
0.3286209899232069
0.35528462746641476
0.3547228764416944
0.3268526932079997
0.3268526932079997
0.32685276796588414
0.3385375471796399
0.3268526932079997
0.32685276796588414
0.5535227430530666
0.35011302086548934
0.33909860114430557
0.3268526932079997
0.3268526932079997
0.3268526932079997
0.3269108906725303
0.3268526932079997
0.3381294323199697
0.3268526932079997
0.32685276796588414
0.3268526932079997
0.3471107372424984
0.3268526932079997
0.3297732462949148
0.3268526932079997
0.3268526932079997
0.3268526932079997
0.3297732462949148
0.3268526932079997
0.32685276796588414
0.32685276796588414
0.3268526932079997
0.3268526932079997
0.3268526932079997
0.3268526932079997
0.3268526932079997
0.3268526932079997
0.3292594035902798
0.32685276796588414
0.3268526932079997
0.3465490609756625
0.3268526932079997
0.3268526932079997
0.3283978191948042
0.3268526932079997
0.3268526932079997
0.3268526932079997
0.3268526932079997
0.3268526932079997
0.3268526932079997
0.3268526932079997
0.3268526932079997
0.3268526932079997
0.3268526932079997
0.3268526932079997
0.3268526932079997
0.338130647882378
0.3268526932079997
0.3268526932079997
0.3471101149403282
0.3268703252912324
0.5821310374328834
0.3268526932079997
0.32685331551016994
0.3268526932079997
0.3471101149403282
0.3268526932079997
0.32685276796588414
0.3268526932079997
0.32785843470188714
0.3286615553045048
0.3268526932079997
0.7901726560082553
0.5239048928593155
0.3268526932079997
0.3268526932079997
0.3268526932079997
0.33853816948181015
0.3268526932079997
0.3283978191948042
0.3268526932079997
0.3268526932079997
0.3268526932079997
0.3268526932079997
0.5821561968731372
0.3268526932079997
0.34090962571649375
0.32685276796588414
0.3268526932079997
0.3268526932079997
0.3268526932079997
0.32741374717266536
0.3268526932079997
0.32685276796588414
0.3268526932079997
0.3268526932079997
0.32685276796588414
0.32685276796588414
0.3268526932079997
0.3268526932079997
0.3268526932079997
0.3268526932079997
0.3268526932079997
0.32685331551016994
0.3278401803164842
0.3268526932079997
0.3268703252912324
0.3268526932079997
0.9504664068299455
0.3268526932079997
0.3268526932079997
0.3268526932079997
0.3547228764416944
1.5791438978652526
0.32685276796588414
0.3268526932079997
0.32685276796588414
0.32685276796588414
0.32685276796588414
0.3268526932079997
0.3268526932079997
0.3547228764416944
0.3268526932079997
0.3269108906725303
1.4172838676313866
0.3465490609756625
0.3268526932079997
0.32685276796588414
0.326911587732585
0.3667754145579511
0.3268526932079997
0.32685331551016994
0.3268526932079997
0.3268526932079997
0.3268526932079997
0.3292246969869691
0.3268526932079997
0.3268526932079997
0.3268533902680544
0.3268526932079997
0.3268526932079997
0.3268526932079997
0.3268526932079997
0.3268526932079997
0.3268526932079997
0.3268526932079997
0.3268526932079997
0.5239048928593155
0.32685331551016994
0.32685276796588414
0.3268526932079997
0.3268526932079997
0.3268526932079997
0.3268526932079997
0.3268526932079997
0.9504664068299455
0.3465490609756625
0.3268526932079997
0.3268526932079997
0.3268526932079997
1.6422832620089933
0.35472295119957886
0.3286368597049921
0.32857866224046145
0.35472295119957886
0.3268526932079997
0.3268526932079997
0.32685276796588414
0.3278401803164842
0.3268526932079997
0.3268526932079997
0.326935586272043
0.3268526932079997
0.32685331551016994
0.32685276796588414
0.328957509480115
0.32685276796588414
0.3268526932079997
0.32685331551016994
0.3465490609756625
0.32685331551016994
0.3547228764416944
1.4414405447400374
0.3268526932079997
0.3283978191948042
0.3268526932079997
0.32685331551016994
0.3268526932079997
0.3268526932079997
0.3268526932079997
1.4414391584149269
0.3268526932079997
0.3268773888075124
0.3268526932079997
0.3268526932079997
0.3268526932079997
0.3268526932079997
0.3547228764416944
0.3268526932079997
0.3268526932079997
0.3268526932079997
0.32685331551016994
0.42425582996237565
0.32741374717266536
0.3268526932079997
0.7957640537600177
0.3268526932079997
0.3268703252912324
0.3268526932079997
0.3381294323199697
0.32685331551016994
0.3269108906725303
0.3268526932079997
0.3278401803164842
0.3268526932079997
0.3268526932079997
0.3268526932079997
0.32685331551016994
0.3268526932079997
0.3268526932079997
0.3268526932079997
0.3268526932079997
0.3268526932079997
0.32685276796588414
0.3268526932079997
0.32685276796588414
0.3268526932079997
0.3268526932079997
0.32839844149697445
0.3268526932079997
0.33853762193752435
0.32860335783997413
0.32685276796588414
0.3268526932079997
0.35472295119957886
0.3268526932079997
0.3268526932079997
0.32685276796588414
0.3268526932079997
0.7970913154888197
0.3268526932079997
0.8912319881690218
0.3268526932079997
0.3268526932079997
0.3268526932079997
0.3268526932079997
0.32685276796588414
0.4808297986822323
0.32685276796588414
0.3268526932079997
0.3471101149403282
0.3268526932079997
0.3268526932079997
0.3268526932079997
0.3268526932079997
0.32685276796588414
0.3286368597049921
0.3268526932079997
0.3381293575620853
0.32685331551016994
0.3268526932079997
0.3268526932079997
0.3465490609756625
0.3268526932079997
0.3268526932079997
0.3268526932079997
0.3385375471796399
0.32685331551016994
0.3268526932079997
0.9511211978704541
0.32685276796588414
0.9504664068299455
0.3268526932079997
0.3268526932079997
1.4414391584149269
0.32685276796588414
0.3268526932079997
0.32685276796588414
0.3268704000491168
0.32685276796588414
0.3268526932079997
0.3268526932079997
0.3268526932079997
0.32685331551016994
0.3283978191948042
0.3268526932079997
0.3268526932079997
0.3268526932079997
0.32685331551016994
0.3268526932079997
0.3268526932079997
0.3547228764416944
0.32685331551016994
0.4250177629522176
0.3268526932079997
0.3268526932079997
0.3285886732442594
0.3268526932079997
0.3268709475934026
0.32685276796588414
0.32685276796588414
0.3268526932079997
0.3268526932079997
0.3268526932079997
0.3268526932079997
0.3268526932079997
0.35472295119957886
0.32685276796588414
0.3268526932079997
0.3268526932079997
0.32685331551016994
0.32685276796588414
0.3268526932079997
0.3268773888075124
0.35472295119957886
0.3268526932079997
0.3268526932079997
0.3268526932079997
0.3268526932079997
0.3268526932079997
0.32923470799076704
0.3268526932079997
1.4414391584149269
0.32685276796588414
0.34654913573354695
0.3268526932079997
0.32895679859648314
0.3268526932079997
0.3471101149403282
0.32685276796588414
0.3268526932079997
0.3268526932079997
0.3268526932079997
0.3268526932079997
0.3274314540137825
0.32685276796588414
0.32685331551016994
0.3268526932079997
0.3547228764416944
0.3268526932079997
0.7957640537600177
0.3471101896982126
0.3268526932079997
0.3292246969869691
0.32685276796588414
0.3268526932079997
0.3268526932079997
0.3268526932079997
0.5239049676172
0.3465490609756625
1.4414391584149269
0.3268526932079997
0.3297733210527992
0.32691096543041476
0.3268526932079997
0.3268774635653968
0.3268526932079997
0.32685276796588414
0.4242862872293302
0.3268526932079997
0.3268526932079997
0.5668296562675345
0.3268526932079997
0.3268526932079997
0.9504673604195495
0.3268526932079997
0.3297732462949148
0.3268526932079997
0.3268526932079997
0.32685276796588414
0.3268526932079997
0.32685331551016994
0.3547228764416944
0.32979087837814747
0.3292246969869691
0.3268526932079997
0.3269108906725303
0.32685276796588414
0.32741374717266536
0.3268526932079997
0.3268526932079997
0.3268526932079997
0.32685276796588414
0.3268526932079997
0.32685276796588414
0.3268526932079997
0.3268526932079997
0.3268526932079997
0.3471101149403282
0.3268526932079997
0.3268526932079997
0.3460088255378027
0.5821821923547906
0.3268526932079997
0.3268704000491168
0.35472349874386466
0.3268526932079997
0.3381294323199697
0.3292493925864818
0.3268526932079997
0.3547228764416944
0.3268526932079997
0.32685276796588414
0.3268526932079997
0.3268526932079997
0.3268526932079997
0.3268526932079997
0.32685331551016994
0.32685276796588414
0.3268533902680544
0.32685276796588414
0.3268526932079997
0.3268526932079997
0.32685276796588414
1.4414505322587012
0.3268526932079997
0.3268526932079997
0.3268526932079997
0.3269108906725303
0.3268526932079997
0.3268526932079997
0.3268526932079997
0.34654913573354695
0.3268526932079997
0.3268526932079997
0.32685276796588414
0.3268526932079997
0.3268526932079997
0.3268526932079997
0.3268526932079997
0.32685276796588414
0.32685276796588414
0.3268526932079997
0.3268526932079997
0.3268526932079997
0.3268526932079997
0.3292246969869691
0.32857866224046145
0.3268526932079997
0.3274138219305498
0.3268526932079997
0.3268526932079997
0.3268526932079997
0.9504664068299455
0.3268526932079997
0.3297732462949148
0.3268526932079997
1.4414405447400374
0.32685276796588414
0.3268526932079997
0.32979087837814747
0.32685276796588414
0.35472295119957886
0.32685276796588414
0.3268526932079997
0.3268526932079997
0.8885346893123085
0.32685276796588414
0.3268526932079997
0.3268526932079997
0.3268533902680544
0.3268526932079997
0.3268526932079997
0.3268526932079997
0.32685276796588414
0.3268526932079997
0.3268526932079997
0.9504673604195495
0.3268526932079997
0.3268526932079997
0.3268526932079997
0.3268526932079997
0.3268533902680544
0.3283978191948042
0.3268526932079997
0.3268526932079997
0.3268526932079997
0.3268526932079997
0.3268526932079997
0.32685276796588414
0.3268526932079997
0.3268526932079997
0.32685276796588414
0.32685331551016994
0.3268526932079997
0.3268526932079997
0.3268526932079997
0.3268526932079997
0.3268526932079997
0.3268526932079997
0.3268533902680544
0.3268526932079997
0.3268526932079997
0.7961550759813394
0.3278401803164842
0.3268526932079997
0.3268526932079997
0.3268526932079997
0.3268526932079997
0.3268526932079997
0.3268526932079997
0.3268526932079997
0.32685276796588414
0.3268526932079997
0.3283985300784361
0.32685276796588414
0.3268526932079997
0.3268526932079997
0.32860335783997413
0.3268526932079997
0.3268526932079997
0.3268526932079997
0.3268526932079997
0.3268526932079997
0.35704264286285303
0.3268526932079997
0.3268526932079997
0.32685276796588414
0.32685276796588414
0.3268526932079997
0.3268526932079997
0.3268526932079997
0.3268526932079997
0.3268526932079997
0.3268526932079997
0.3268526932079997
0.32685276796588414
0.3268526932079997
0.8475455000826724
0.33033430025958044
0.3286368597049921
0.32685276796588414
0.32685331551016994
0.3268526932079997
0.4242862872293302
0.3268526932079997
0.3268526932079997
0.32685331551016994
0.3268526932079997
0.3268526932079997
0.3268526932079997
0.7901015039645886
1.4414506425509845
0.32857866224046145
0.3268526932079997
0.3268526932079997
0.3268526932079997
0.32685276796588414
0.3268526932079997
0.3268526932079997
0.3268526932079997
0.3268526932079997
0.3268526932079997
0.32685276796588414
0.3268526932079997
0.3268526932079997
0.3268526932079997
0.32685276796588414
0.3292246969869691
0.3268526932079997
0.32685276796588414
0.3268526932079997
0.35472295119957886
0.3268526932079997
0.32685276796588414
0.3268526932079997
0.3268526932079997
0.3268526932079997
0.3268526932079997
0.5239048928593155
0.3268526932079997
0.9504664068299455
0.3268526932079997
0.32685276796588414
0.32979794189442746
0.3268526932079997
0.32685276796588414
0.32691096543041476
0.32685276796588414
0.32693566102992744
0.32685276796588414
0.3297732462949148
0.3268703252912324
0.3278401803164842
0.32685276796588414
0.3547228764416944
0.3268526932079997
0.3268533902680544
0.32685276796588414
0.3268526932079997
0.3268526932079997
0.32685276796588414
0.3292493925864818
0.3268703252912324
0.3268526932079997
0.3268526932079997
0.3268526932079997
1.4414391584149269
0.3268526932079997
0.3268526932079997
0.4242862872293302
0.32685276796588414
0.3268526932079997
0.3268526932079997
0.3268526932079997
0.3268526932079997
0.3268526932079997
0.32685276796588414
0.3268780111096826
0.32685331551016994
0.32685276796588414
0.32685276796588414
0.32685276796588414
0.5239048928593155
0.3268526932079997
0.3278401803164842
0.32685276796588414
0.3293075900510125
0.3268526932079997
0.5668283563853936
0.3268526932079997
0.32685331551016994
0.32685276796588414
0.32685276796588414
0.3268526932079997
0.3268526932079997
0.32857866224046145
0.3268526932079997
0.3268526932079997
0.3268526932079997
0.3268526932079997
0.32685331551016994
0.3268526932079997
0.3268526932079997
0.3268526932079997
0.4242862872293302
0.3381293575620853
0.3268704000491168
0.3268526932079997
0.32857866224046145
0.3268526932079997
0.3381294323199697
0.3268526932079997
0.3268526932079997
0.5542563160867429
0.3268526932079997
0.3286368597049921
0.3268526932079997
0.32685276796588414
0.3297732462949148
0.3268526932079997
0.32685276796588414
0.32685276796588414
0.3268526932079997
0.3268526932079997
0.3283985300784361
0.3268526932079997
