0.3268526932079997
0.3268533902680544
0.3268526932079997
0.3268526932079997
0.3268780111096826
0.3547228764416944
0.3268533902680544
0.32685276796588414
0.3471101149403282
0.3268533902680544
0.32857866224046145
0.3268526932079997
0.891394309197527
0.32685331551016994
0.3268533902680544
0.3268533902680544
0.3268526932079997
0.33813005462214
0.3268526932079997
0.32685331551016994
0.32685331551016994
0.3268526932079997
0.3268533902680544
0.32685331551016994
0.32685331551016994
0.32685276796588414
0.32685331551016994
0.3268526932079997
0.3268773888075124
0.32857866224046145
0.8912240674011968
0.3268526932079997
0.32685331551016994
0.3268526932079997
0.3268526932079997
0.3268526932079997
0.32895679859648314
1.4414405447400374
0.32685276796588414
0.3268533902680544
0.32685331551016994
0.32685276796588414
0.3268526932079997
0.32685276796588414
0.3268526932079997
0.3268526932079997
0.32685276796588414
0.3268703252912324
0.3268704000491168
0.3268526932079997
0.3268526932079997
0.32685331551016994
0.32860335783997413
0.3279237704405823
0.32685331551016994
0.3268526932079997
0.32685276796588414
0.3268526932079997
0.3268526932079997
0.3268526932079997
0.36464157615704706
0.32685276796588414
0.32685331551016994
0.32685331551016994
0.32685331551016994
0.32685276796588414
0.3547228764416944
0.32685331551016994
0.32685331551016994
0.3547235735017491
0.3268526932079997
0.3268526932079997
0.3268526932079997
0.326935586272043
0.3268526932079997
0.3268526932079997
0.3268526932079997
0.3268780111096826
0.3268526932079997
0.9317477167491003
0.32685331551016994
0.32691096543041476
0.32685331551016994
0.3268773888075124
0.3268526932079997
0.32685331551016994
0.3268526932079997
0.3274143694748356
0.3268526932079997
0.8912319881690218
0.3268526932079997
0.3268526932079997
0.3268526932079997
0.3268533902680544
0.5366039812524659
0.32685331551016994
0.3268533902680544
0.32685276796588414
0.3268526932079997
0.3268533902680544
0.32685331551016994
0.32685276796588414
0.3268526932079997
0.3268526932079997
0.3268526932079997
0.5668283563853936
0.3268526932079997
0.3268526932079997
0.3268533902680544
0.32685331551016994
0.3268526932079997
0.3268526932079997
0.32685331551016994
0.32685276796588414
0.32685331551016994
0.5668306098571383
0.32685276796588414
0.32685276796588414
0.3547235735017491
0.3268533902680544
0.3268526932079997
0.32685331551016994
0.3268773888075124
0.32685276796588414
0.3268526932079997
0.32685331551016994
0.32922477174485354
0.3268533902680544
0.32685276796588414
0.32685331551016994
0.32685331551016994
0.32685331551016994
0.4468490133558735
0.32685331551016994
0.32685331551016994
0.32685331551016994
0.32685276796588414
0.32685331551016994
0.3268704000491168
0.3268526932079997
0.32685331551016994
0.3268526932079997
0.3268526932079997
0.32923470799076704
0.3268526932079997
0.32895679859648314
0.3268526932079997
0.32685276796588414
0.32685276796588414
0.32867156630830274
0.3268526932079997
0.3268526932079997
0.3268526932079997
0.32685276796588414
0.32685331551016994
0.3268526932079997
0.3268533902680544
0.3268774635653968
0.34657437887734543
0.32685331551016994
0.328957509480115
0.32685331551016994
0.3268526932079997
0.32685276796588414
0.3268773888075124
0.32685276796588414
0.35472295119957886
0.3268526932079997
0.3268526932079997
0.3268533902680544
0.3268526932079997
0.3292246969869691
0.3465490609756625
0.3268526932079997
0.5821310374328834
0.32685276796588414
0.8912319881690218
0.3268526932079997
0.3268526932079997
0.3268526932079997
0.5821557330323962
1.4414391584149269
0.4242565408460075
0.3268526932079997
0.32685276796588414
0.3268526932079997
0.3268526932079997
0.32685276796588414
0.3268526932079997
0.3268526932079997
0.32685331551016994
0.32685276796588414
0.3268526932079997
0.32685276796588414
0.3268526932079997
0.3268526932079997
0.32685276796588414
0.3268526932079997
0.3268526932079997
0.3268526932079997
0.32685276796588414
0.3268526932079997
0.32685331551016994
1.4414391584149269
0.32685331551016994
0.3268526932079997
0.7957640537600177
0.3268526932079997
0.3268533902680544
0.32685331551016994
0.3268526932079997
0.3283978191948042
0.3268526932079997
0.3268526932079997
0.32685276796588414
0.8912329417586258
0.3268526932079997
0.9420122979493821
0.32685331551016994
0.3268526932079997
0.3547235735017491
0.32685331551016994
0.32685331551016994
0.3268526932079997
0.3268526932079997
0.32685331551016994
0.3268526932079997
0.3268774635653968
0.3268526932079997
0.3268526932079997
0.3268526932079997
0.3268526932079997
0.3268526932079997
0.32685331551016994
0.32685331551016994
0.3268526932079997
0.32685331551016994
0.3268526932079997
0.32741374717266536
0.3268526932079997
0.3268526932079997
0.3268526932079997
0.3268526932079997
0.3274138219305498
0.3268526932079997
0.32685276796588414
0.3268526932079997
0.32685331551016994
0.32685276796588414
0.3268526932079997
0.32685276796588414
0.32685276796588414
0.3465490609756625
0.32685276796588414
0.32685331551016994
0.3268526932079997
0.3268526932079997
0.32685276796588414
0.3269108906725303
0.3268526932079997
0.3268526932079997
0.32685276796588414
0.32685331551016994
0.3268526932079997
0.32685331551016994
0.32685331551016994
0.3268526932079997
0.32685331551016994
0.32685331551016994
0.3268526932079997
0.3268526932079997
0.3268526932079997
0.32685331551016994
0.3268526932079997
0.5544717927730654
0.3268526932079997
0.3268526932079997
0.32685276796588414
0.32693628333209773
0.3268526932079997
0.32685331551016994
0.32685331551016994
0.3268526932079997
0.3283985300784361
0.3268526932079997
0.32685331551016994
0.32685331551016994
0.3268526932079997
0.3268526932079997
0.32685331551016994
0.32685276796588414
0.32685276796588414
0.3268526932079997
0.3268526932079997
0.3466319540397058
0.32685276796588414
0.3268526932079997
0.36464157615704706
0.3268533902680544
0.3268526932079997
0.3268526932079997
0.3268704000491168
0.32685331551016994
0.4505858969759
0.32685331551016994
0.32685331551016994
0.32685276796588414
0.32685331551016994
0.3268526932079997
0.3268526932079997
0.3268526932079997
0.3268526932079997
0.3268533902680544
0.3268526932079997
0.3268526932079997
0.3292246969869691
0.7957371859598362
0.3268526932079997
0.3268526932079997
0.3268526932079997
0.3268526932079997
0.3268526932079997
0.3268526932079997
0.3268526932079997
0.3547228764416944
0.3268526932079997
0.32685331551016994
0.32685276796588414
0.3268526932079997
0.3268526932079997
0.32685331551016994
0.32685331551016994
0.3268533902680544
0.3268533902680544
0.3268533902680544
0.3268526932079997
0.3278401803164842
0.3268526932079997
0.32685276796588414
0.3268526932079997
0.32685276796588414
0.3292246969869691
0.3268526932079997
0.3268526932079997
0.4468801815064599
0.3268526932079997
0.3268526932079997
0.32685331551016994
0.3268526932079997
0.3292246969869691
0.3268526932079997
0.3268533902680544
0.32691096543041476
0.5535227430530666
0.32685276796588414
0.32685276796588414
0.3268774635653968
0.32685331551016994
0.3268533902680544
0.3268533902680544
0.32685331551016994
0.3268526932079997
0.3268526932079997
0.32685331551016994
0.32685331551016994
0.3268526932079997
0.3268526932079997
0.3286615553045048
0.32685331551016994
0.3268526932079997
0.3269108906725303
0.5239048928593155
0.3268526932079997
0.3268526932079997
0.32685331551016994
0.32685331551016994
0.3268526932079997
0.32685276796588414
0.3268533902680544
0.32685276796588414
0.32685276796588414
0.3268526932079997
0.3268526932079997
0.3286615553045048
0.32685331551016994
0.5668296562675345
0.3268526932079997
0.3268526932079997
0.3268533902680544
0.3268526932079997
0.3268526932079997
0.3268526932079997
0.3268526932079997
0.3268526932079997
0.32685331551016994
0.3268533902680544
0.3268533902680544
0.3268533902680544
0.3268526932079997
0.326935586272043
0.32786549821816713
0.3268526932079997
0.3268526932079997
0.32685276796588414
0.3268526932079997
0.3268526932079997
0.32685331551016994
0.32685331551016994
0.3268526932079997
0.3268526932079997
0.32685276796588414
0.3268526932079997
0.3268526932079997
0.3269108906725303
0.3268526932079997
0.3268526932079997
0.3268533902680544
0.32685331551016994
0.32685331551016994
0.3268533902680544
0.32685276796588414
0.32685331551016994
0.3268526932079997
0.3268526932079997
1.440639217790927
0.3268526932079997
0.3268526932079997
0.3268773888075124
0.3268526932079997
0.3547235735017491
0.32685276796588414
0.33813005462214
0.3268526932079997
0.32685276796588414
0.3268526932079997
0.3268526932079997
0.32685276796588414
0.32685276796588414
0.3268526932079997
0.3268526932079997
0.32691096543041476
0.5668296562675345
0.3268526932079997
0.3268533902680544
0.3268526932079997
0.32741374717266536
0.3268526932079997
0.32685331551016994
0.32685331551016994
0.3268533902680544
0.3268526932079997
0.3268526932079997
0.3268526932079997
0.32685276796588414
0.4468801815064599
0.32685276796588414
0.3268780111096826
0.32685276796588414
0.3268526932079997
0.32685331551016994
0.3268533902680544
0.4242565408460075
0.3268526932079997
0.32685331551016994
0.3268526932079997
0.3268526932079997
0.32685276796588414
0.3268526932079997
0.32685331551016994
0.3268526932079997
0.3268526932079997
0.32923470799076704
0.32784025507436865
0.3297732462949148
0.32685331551016994
0.3268526932079997
0.7957371859598362
0.3268526932079997
0.3268526932079997
0.32685331551016994
0.3268526932079997
0.32685331551016994
0.3268533902680544
0.32685276796588414
0.32741374717266536
0.3268533902680544
0.3268526932079997
0.32685331551016994
0.3278401803164842
0.3268533902680544
0.32685331551016994
0.32685331551016994
0.32685276796588414
0.32685331551016994
0.34654968327783275
0.32685331551016994
0.32685331551016994
0.32685331551016994
0.32685331551016994
0.3268526932079997
0.3268526932079997
0.3268526932079997
0.3268526932079997
0.3286368597049921
0.5246383911351074
0.3268533902680544
0.5822706059749134
0.3268526932079997
0.32685331551016994
0.3268526932079997
0.3268526932079997
0.32685331551016994
0.3268526932079997
0.3268703252912324
0.32685276796588414
0.32685276796588414
0.32685276796588414
0.32685276796588414
0.32685331551016994
0.3268526932079997
0.3268526932079997
0.3268526932079997
1.4414391584149269
0.3268773888075124
0.3268526932079997
0.3268526932079997
0.32685331551016994
0.33853762193752435
0.3268526932079997
0.32685276796588414
0.3278401803164842
0.8913952627871309
0.3268533902680544
0.3268526932079997
0.32685276796588414
0.32685276796588414
0.3268526932079997
0.3297732462949148
0.3268526932079997
0.3268526932079997
0.3268526932079997
0.32685331551016994
0.32685276796588414
0.3268526932079997
0.3268526932079997
0.891394309197527
0.32685276796588414
0.32685331551016994
0.3268526932079997
0.3547228764416944
0.33853762193752435
0.3268526932079997
0.3268526932079997
0.3268526932079997
0.3268526932079997
0.32685331551016994
0.3268526932079997
0.32685331551016994
0.3268774635653968
0.3268526932079997
0.32685331551016994
0.3268526932079997
0.42425582996237565
0.32685276796588414
0.3268526932079997
0.3268526932079997
0.3381294323199697
0.32685331551016994
0.3268526932079997
0.3268526932079997
0.3268526932079997
0.32685276796588414
0.3268533902680544
0.3268526932079997
0.32685331551016994
0.32685331551016994
0.3268526932079997
0.32685276796588414
0.32685331551016994
0.3268526932079997
0.3268526932079997
0.3268526932079997
0.3268526932079997
0.3268533902680544
0.32685331551016994
0.3268526932079997
0.3269108906725303
0.7957372607177207
0.3268526932079997
0.32685276796588414
0.3268526932079997
0.32685331551016994
0.3268526932079997
0.3268526932079997
0.3268526932079997
0.32685331551016994
0.3268526932079997
0.3268526932079997
0.3278401803164842
0.3268533902680544
0.3268773888075124
0.32685331551016994
0.32685276796588414
0.3471107372424984
0.7957641285179022
0.5821547794427923
0.3268526932079997
0.326935586272043
0.3268526932079997
0.3268526932079997
0.5822683525031688
0.3268526932079997
0.32685331551016994
0.32685331551016994
0.32685331551016994
0.32983144375944545
0.3547228764416944
0.3268526932079997
0.32685331551016994
0.3268533902680544
0.8912329417586258
0.32685331551016994
0.3268526932079997
0.7957371859598362
0.3268526932079997
0.8913873420193058
0.32685276796588414
0.3268526932079997
0.32685331551016994
0.3268526932079997
0.32685331551016994
0.32685276796588414
0.32715861917120104
0.3268526932079997
0.32685331551016994
0.32685331551016994
0.3268526932079997
0.32784080261865445
0.5821300838432796
0.32685331551016994
0.3268526932079997
0.4245018386735371
0.3268526932079997
0.32685331551016994
0.32685331551016994
0.32685331551016994
0.3268526932079997
0.32685331551016994
0.3268526932079997
0.3268526932079997
0.3268526932079997
0.32685276796588414
0.3268526932079997
1.4414401137907518
0.32685276796588414
0.3269108906725303
0.3268533902680544
0.3268533902680544
0.32685276796588414
0.3547228764416944
0.32895679859648314
0.3268526932079997
0.7957371859598362
0.3268526932079997
0.32840123428114987
0.32685331551016994
0.32685276796588414
0.3268526932079997
0.3268526932079997
0.3268526932079997
0.32685276796588414
0.3268533902680544
0.3268533902680544
0.32922477174485354
0.32685276796588414
0.3268526932079997
0.3268526932079997
0.3268526932079997
0.3268526932079997
0.32685276796588414
0.32685276796588414
0.32685276796588414
0.356047209710564
0.8912319881690218
0.3268526932079997
0.32685331551016994
0.32685331551016994
0.5822706059749134
0.3268526932079997
0.32685331551016994
0.3268526932079997
0.32685331551016994
0.3268526932079997
0.3268526932079997
0.32691151297470056
0.32685276796588414
0.32685331551016994
0.3268526932079997
0.3268526932079997
0.3268526932079997
0.3268526932079997
0.3278990000831851
0.32685276796588414
0.3268526932079997
0.32685331551016994
0.32685331551016994
0.32685331551016994
0.3268703252912324
0.3297732462949148
0.3268526932079997
0.32685276796588414
0.3268526932079997
0.3268526932079997
0.3286133688437721
0.3268526932079997
0.3268526932079997
0.3268526932079997
0.3268526932079997
0.3268533902680544
0.3283978191948042
0.3268526932079997
0.3268773888075124
0.3268526932079997
0.32685331551016994
0.3268533902680544
0.329773868597085
0.5821310374328834
0.32685276796588414
0.3268526932079997
0.3268526932079997
0.3268526932079997
0.3268526932079997
0.32685331551016994
0.32685331551016994
0.3286615553045048
0.32685331551016994
0.3268533902680544
0.3385375471796399
0.32685331551016994
0.32685331551016994
0.3268526932079997
0.32685331551016994
0.32685276796588414
0.3268526932079997
0.5822683525031688
0.32685331551016994
0.44687947062282807
0.3268526932079997
0.3268526932079997
0.3268526932079997
0.32685331551016994
0.32685276796588414
0.3268526932079997
0.32685276796588414
0.3268526932079997
0.3268526932079997
0.3268526932079997
0.32685276796588414
0.32685276796588414
0.3268533902680544
0.32685331551016994
0.3268526932079997
0.3268526932079997
0.3268526932079997
0.3268526932079997
0.3269362085742133
0.3268526932079997
0.3268526932079997
0.5668283563853936
0.3268526932079997
0.32685276796588414
0.32685331551016994
0.32685331551016994
0.3268533902680544
0.3268526932079997
0.32685276796588414
0.3268526932079997
0.32685331551016994
0.32685331551016994
0.3268526932079997
0.3268526932079997
0.32685276796588414
0.32923470799076704
0.3268526932079997
0.3268526932079997
0.3268526932079997
0.32685331551016994
0.3268526932079997
0.3268533902680544
0.3286615553045048
0.32685276796588414
0.32685276796588414
0.3268526932079997
0.32685331551016994
0.32685331551016994
0.32685276796588414
0.32685276796588414
0.32685331551016994
0.3268703252912324
0.32685331551016994
0.32685331551016994
0.3268526932079997
0.3268526932079997
0.32685331551016994
0.326911587732585
0.32685331551016994
0.32685331551016994
0.32685276796588414
0.3268526932079997
0.3268526932079997
0.3268526932079997
0.5239048928593155
0.32685331551016994
0.566855305456651
0.3547228764416944
0.3268526932079997
0.32685276796588414
0.32685331551016994
0.35472295119957886
0.32685276796588414
0.32685276796588414
0.3471107372424984
0.3268526932079997
0.32685276796588414
0.3283978191948042
0.3268526932079997
0.32685276796588414
0.32857866224046145
0.3297732462949148
0.3268773888075124
0.3268526932079997
0.3268526932079997
0.3268526932079997
0.3268526932079997
0.32685331551016994
0.3552839304063601
0.32685331551016994
0.8913952627871309
0.3297909531360319
0.3268526932079997
0.3268526932079997
1.4414505322587012
0.32685331551016994
0.5246383911351074
0.329773868597085
0.3268773888075124
0.3286615553045048
0.32685276796588414
0.3268774635653968
0.3268526932079997
0.3268526932079997
0.32685276796588414
0.3268526932079997
0.3268526932079997
1.4414401221982664
0.3268526932079997
0.3268526932079997
0.3268526932079997
0.3268526932079997
0.3268526932079997
0.3268526932079997
0.3268526932079997
0.3292246969869691
0.3381294323199697
0.35472295119957886
0.3268533902680544
0.32857866224046145
0.32685276796588414
0.3268526932079997
0.32685331551016994
0.3268526932079997
0.32857866224046145
0.3268533902680544
0.3268526932079997
0.32685331551016994
0.329773868597085
0.3268526932079997
0.32685276796588414
0.8922840031958981
0.32685331551016994
0.3268526932079997
0.3268704000491168
0.32685331551016994
0.32685331551016994
0.32685276796588414
0.3268526932079997
0.3268533902680544
0.3268526932079997
0.32685331551016994
0.32979087837814747
0.32685331551016994
0.8912319881690218
0.32685331551016994
0.32685331551016994
0.3268526932079997
0.36677548931583553
0.3268526932079997
0.32685331551016994
0.32685331551016994
0.3268526932079997
1.4414391584149269
0.3268526932079997
0.32685276796588414
0.32685331551016994
0.3268526932079997
0.3268526932079997
0.3268526932079997
0.3268526932079997
0.3268533902680544
0.3268526932079997
0.32685331551016994
0.35472295119957886
0.3268526932079997
0.32685331551016994
0.32685331551016994
0.32685331551016994
0.3269362085742133
0.32685331551016994
0.3268526932079997
0.3268533902680544
0.3268526932079997
0.3268526932079997
0.3268526932079997
0.7960345327386473
0.32685331551016994
0.32857866224046145
0.3268773888075124
0.32685331551016994
0.32741374717266536
0.32685331551016994
0.3268526932079997
0.3268773888075124
0.3268526932079997
0.3268526932079997
0.32685276796588414
0.3268526932079997
0.32685331551016994
0.32685331551016994
0.3547228764416944
0.32685276796588414
0.3268526932079997
0.3268526932079997
0.3268526932079997
0.3268526932079997
0.3268526932079997
0.32685331551016994
0.3268526932079997
0.3381293575620853
0.3268526932079997
0.3268526932079997
0.32685331551016994
0.32685276796588414
0.3268526932079997
0.891386388429702
0.3268526932079997
0.3268533902680544
0.3268526932079997
0.3268780111096826
0.3268526932079997
0.3268526932079997
0.3268533902680544
0.3268526932079997
0.3268780111096826
0.5668283563853936
0.3268526932079997
0.3268526932079997
0.3268526932079997
0.32685331551016994
0.3268526932079997
0.3268526932079997
0.32685276796588414
0.32685276796588414
0.32685331551016994
0.3268533902680544
0.32685331551016994
0.32685331551016994
0.3268780111096826
0.3268526932079997
0.3268526932079997
0.3268526932079997
0.3292246969869691
0.32685276796588414
0.3268526932079997
0.32685331551016994
0.3268526932079997
0.3268526932079997
0.5668283563853936
0.32685276796588414
0.32685331551016994
0.3285787369983459
0.3268526932079997
0.3268526932079997
0.7957618815593489
0.7960346074965317
0.32685331551016994
0.32685276796588414
0.32685331551016994
0.32685276796588414
0.32685276796588414
0.32685276796588414
