0.3268773888075124
0.3268526932079997
0.3268773888075124
0.3547475720412071
0.3268773888075124
0.3268773888075124
0.3268773888075124
0.3268773888075124
0.3268526932079997
0.32689502089074507
0.3268773888075124
0.3268773888075124
0.7957888241174149
0.3268774635653968
0.3268773888075124
0.79605922833816
0.3268773888075124
0.3268533902680544
0.3268526932079997
0.3292493925864818
0.3268773888075124
0.3268773888075124
1.4414396912489809
0.9504911024294584
0.3286615553045048
0.3278648759159969
0.3268773888075124
0.3268773888075124
0.3268773888075124
0.3268526932079997
0.3268773888075124
0.3268773888075124
0.3268773888075124
0.3268773888075124
0.3268773888075124
0.32689502089074507
0.3268773888075124
0.3268526932079997
0.3268773888075124
1.642282164812754
0.3268773888075124
0.3268773888075124
0.3268773888075124
0.3268773888075124
0.3268773888075124
0.3268780111096826
0.3268773888075124
0.3268774635653968
0.3268773888075124
0.3268526932079997
0.3268773888075124
1.4414401137907518
0.3268773888075124
0.3268774635653968
0.3268773888075124
0.3268773888075124
0.3268780111096826
0.338562317537037
0.3268773888075124
0.3268773888075124
0.3268773888075124
0.3268773888075124
0.3268526932079997
0.3292929802131822
0.3268773888075124
0.3268774635653968
0.3268773888075124
0.3268773888075124
0.3268773888075124
1.4414401137907518
0.3268773888075124
0.3268774635653968
0.3268526932079997
0.3268773888075124
0.7957887493595304
0.3268774635653968
0.3268773888075124
0.3268526932079997
0.3268773888075124
0.3268526932079997
0.3268773888075124
0.3268773888075124
0.3268773888075124
0.3268773888075124
0.3268526932079997
0.3268774635653968
0.32685331551016994
0.3268773888075124
0.3268526932079997
0.3268773888075124
0.3292829692093842
0.3268773888075124
0.3268773888075124
0.3268773888075124
0.3268526932079997
0.3268526932079997
0.3268526932079997
0.3268773888075124
0.3268773888075124
0.3268773888075124
0.3268773888075124
0.3268774635653968
0.3268773888075124
0.3268526932079997
0.3268526932079997
0.3268773888075124
0.3268773888075124
0.3547475720412071
0.3268774635653968
0.3268773888075124
0.3268773888075124
0.326935586272043
0.3268773888075124
0.5535227430530666
0.3268773888075124
0.3268773888075124
0.3268773888075124
0.3268773888075124
0.3268780111096826
0.8912566837685346
0.32689502089074507
0.3268526932079997
0.3268773888075124
0.3268773888075124
0.3268773888075124
0.3268773888075124
0.3268773888075124
0.3268526932079997
0.3268780111096826
0.32689502089074507
0.3268773888075124
0.3268773888075124
0.32842384798011903
0.3268773888075124
0.32981557397766015
0.3268774635653968
0.32743844277217804
0.32685276796588414
0.3268774635653968
0.3268774635653968
0.3268773888075124
0.3268773888075124
0.3268773888075124
0.326935586272043
0.5668530519849063
0.3268773888075124
0.3268773888075124
0.3292828944514998
0.3268773888075124
0.3268773888075124
0.3268773888075124
0.8912566837685346
0.3268773888075124
1.4414401137907518
0.3268526932079997
0.3268774635653968
0.3268526932079997
0.5822930481026815
0.3268773888075124
0.3268773888075124
0.3268773888075124
0.7957640537600177
0.3284225147943169
0.3268773888075124
0.3268773888075124
0.32689502089074507
0.3268526932079997
0.3268774635653968
0.3268773888075124
0.5668554230048553
0.3268773888075124
0.3268773888075124
0.3268526932079997
0.32689502089074507
0.3268526932079997
0.3268773888075124
0.3268773888075124
0.3268526932079997
0.3268773888075124
0.3268773888075124
0.3547475720412071
0.3268773888075124
0.5821547794427923
0.3268773888075124
0.3268773888075124
0.3268773888075124
0.3268773888075124
0.326935586272043
0.3268773888075124
0.32743844277217804
0.3268773888075124
0.3268526932079997
0.3268773888075124
1.4414396912489809
0.3268950956486295
0.3268526932079997
0.3268773888075124
0.3268773888075124
0.3268773888075124
0.3268773888075124
0.3268526932079997
0.3268773888075124
0.3268773888075124
0.3268773888075124
0.3268773888075124
0.3268773888075124
0.3268773888075124
0.3268773888075124
0.3268773888075124
0.32689502089074507
0.3268774635653968
0.3284225147943169
0.3268526932079997
0.3268773888075124
0.3268773888075124
0.3268526932079997
0.3268780111096826
0.3292493925864818
0.3268773888075124
0.3268773888075124
0.3269108906725303
0.3268773888075124
0.32860335783997413
0.3268773888075124
0.3268773888075124
0.3547652041244398
0.3268774635653968
0.326935586272043
0.5668283563853936
0.3268773888075124
0.3268773888075124
0.3268773888075124
0.3268773888075124
0.3268773888075124
0.3268526932079997
0.3268773888075124
0.3268773888075124
0.5241204443035224
0.3268773888075124
0.3268773888075124
0.3268773888075124
0.3268773888075124
0.3268773888075124
0.3268773888075124
0.3268773888075124
0.3268526932079997
0.3268773888075124
0.3268526932079997
0.3268774635653968
0.3268773888075124
0.3268773888075124
0.3268526932079997
0.3268774635653968
0.3268773888075124
0.3268773888075124
0.3268773888075124
0.32687808586756706
0.3268773888075124
0.3268773888075124
0.3268773888075124
0.3268773888075124
0.3268773888075124
0.3547475720412071
0.3268773888075124
0.3268526932079997
0.3268774635653968
0.8912566837685346
0.3268773888075124
0.3268773888075124
0.3268773888075124
0.3268773888075124
0.3268773888075124
0.3268773888075124
0.3268773888075124
0.3268773888075124
0.3268773888075124
0.3268773888075124
0.3268773888075124
0.3268773888075124
0.3268773888075124
0.3268773888075124
0.3268773888075124
0.326935586272043
0.3268773888075124
0.3268773888075124
0.3268773888075124
0.3268773888075124
0.3268773888075124
0.3268703252912324
0.3268526932079997
0.3268773888075124
0.3268773888075124
0.3268526932079997
0.3268774635653968
0.3268773888075124
0.3268773888075124
0.3268773888075124
0.3268774635653968
0.32786549821816713
0.3268773888075124
0.3268773888075124
0.3268526932079997
0.3268773888075124
0.73962630490593
0.3268774635653968
0.3268774635653968
0.3268773888075124
0.3268773888075124
0.3268773888075124
0.3268773888075124
0.3268526932079997
0.3268526932079997
0.3268773888075124
0.3268773888075124
0.3284225147943169
0.3268773888075124
0.3268773888075124
1.4414401137907518
0.3268773888075124
0.3268773888075124
0.3268773888075124
0.3268774635653968
0.3268773888075124
0.3268773888075124
0.3268774635653968
0.3268773888075124
0.32743844277217804
0.32689502089074507
0.3268773888075124
0.3268773888075124
0.3268773888075124
0.3268773888075124
0.3268773888075124
0.566879165014764
0.3268773888075124
0.3289814941959958
0.3268526932079997
0.3268773888075124
0.3268703252912324
0.3268773888075124
0.3268773888075124
0.3268773888075124
0.3385622427791526
0.3268773888075124
0.3268526932079997
0.327923148138412
0.3268774635653968
0.3268773888075124
0.3268773888075124
0.3268773888075124
0.3268773888075124
0.3268774635653968
0.3268773888075124
0.3268773888075124
0.3268773888075124
0.3268773888075124
0.3268773888075124
0.3268773888075124
0.9504911024294584
0.32685276796588414
0.3553087007637572
0.3268773888075124
0.32689502089074507
0.3268773888075124
0.3268773888075124
0.3268526932079997
0.3268773888075124
0.3268526932079997
0.8912566837685346
0.3268774635653968
0.3268773888075124
0.7957887493595304
0.3268773888075124
0.3268774635653968
0.3268774635653968
0.3268526932079997
0.3268773888075124
0.3268773888075124
0.3268773888075124
0.3268526932079997
0.3268773888075124
0.3268773888075124
1.4414396912489809
0.3268526932079997
0.3268773888075124
0.32689502089074507
0.3268773888075124
0.3268773888075124
0.3268774635653968
0.326935586272043
0.3268526932079997
0.32687808586756706
0.33815412791948246
0.3268773888075124
0.3268773888075124
0.3268773888075124
0.3268773888075124
0.3268773888075124
0.3268773888075124
0.3268773888075124
0.3268526932079997
0.3268773888075124
0.3268773888075124
0.8912319881690218
0.3268773888075124
0.3268773888075124
0.3268773888075124
0.3268526932079997
1.4414396912489809
0.3268773888075124
0.3268773888075124
0.3268526932079997
0.3268773888075124
0.3268774635653968
0.3268773888075124
0.3268773888075124
0.3268773888075124
0.3268773888075124
0.3268773888075124
0.3268773888075124
0.3268773888075124
0.3268773888075124
0.3268773888075124
0.3268773888075124
0.3268526932079997
0.3268773888075124
0.32860335783997413
0.3268773888075124
0.3268773888075124
0.3268773888075124
0.3268773888075124
0.3268773888075124
0.338154053161598
0.32685276796588414
0.8912487630007094
0.3268773888075124
0.3268773888075124
0.32981557397766015
0.3268773888075124
0.3268773888075124
0.3268526932079997
0.3278648759159969
0.3268773888075124
0.32685276796588414
0.9510504336217127
0.32689502089074507
0.3268773888075124
0.3268773888075124
0.3268773888075124
0.3268773888075124
0.3268526932079997
0.3268773888075124
0.3268773888075124
0.3268773888075124
0.3268773888075124
0.3268773888075124
0.3268773888075124
0.3268773888075124
0.3268773888075124
0.3268526932079997
0.3268774635653968
0.3268773888075124
0.5668530519849063
0.5821547794427923
0.3268773888075124
0.3268773888075124
0.32895679859648314
0.3268773888075124
0.3268774635653968
0.3268773888075124
0.3268773888075124
0.3268773888075124
0.3268526932079997
0.3268773888075124
0.3268773888075124
0.32786549821816713
0.3268773888075124
0.3268773888075124
0.3268773888075124
0.3268526932079997
0.3268773888075124
0.3268773888075124
0.3268780111096826
0.3268773888075124
0.3268773888075124
0.3268773888075124
0.3268774635653968
0.3268780111096826
0.3268773888075124
0.3268773888075124
0.3268773888075124
0.3268773888075124
0.32685331551016994
0.3268773888075124
0.3268773888075124
0.3268773888075124
0.3268774635653968
0.5668283563853936
0.3268774635653968
0.3268773888075124
0.3268773888075124
0.3268526932079997
0.32689502089074507
0.3268773888075124
0.3268773888075124
0.3268773888075124
0.3268773888075124
0.3268774635653968
0.3268526932079997
0.3385622427791526
0.32981557397766015
0.3268526932079997
0.3268773888075124
0.3268773888075124
0.3268773888075124
0.3268773888075124
0.3268773888075124
0.3268773888075124
0.3268773888075124
0.5668530519849063
0.3268526932079997
0.3268773888075124
0.32689502089074507
0.3268526932079997
0.3268773888075124
0.3292493925864818
0.3268773888075124
0.3268526932079997
0.3268773888075124
0.3268773888075124
0.3268773888075124
0.338154053161598
0.3268773888075124
0.3268773888075124
0.3284225147943169
0.5822930481026815
0.3268773888075124
0.3268773888075124
0.3268773888075124
0.3268526932079997
0.3268773888075124
0.3268774635653968
0.3268773888075124
0.3268773888075124
0.3268773888075124
0.3268773888075124
0.3268773888075124
0.3268773888075124
0.3268526932079997
0.3268526932079997
0.3268773888075124
0.3268774635653968
0.35474764679909154
0.5241204443035224
0.8912566837685346
0.3269108906725303
0.3268774635653968
0.3269108906725303
0.3268773888075124
0.3268773888075124
0.3268773888075124
0.3268773888075124
0.3268773888075124
0.3268526932079997
0.3268774635653968
0.3268773888075124
0.3268773888075124
0.3268773888075124
0.3268773888075124
0.32689502089074507
0.3268773888075124
0.3268773888075124
0.3268773888075124
0.338154053161598
0.3268773888075124
0.3268773888075124
0.3268773888075124
0.3268526932079997
0.32689502089074507
0.3268774635653968
0.3268773888075124
0.3278648759159969
0.3268526932079997
0.3268773888075124
0.3268773888075124
0.3268773888075124
0.3268526932079997
0.32685276796588414
0.3268773888075124
0.3268526932079997
0.3268773888075124
0.3268773888075124
0.3278983777810148
0.7901015039645886
0.33909867590219
0.3268773888075124
0.3268773888075124
0.3268773888075124
0.3268526932079997
0.3268773888075124
0.3268526932079997
0.3268773888075124
0.3268773888075124
0.3268773888075124
0.3268773888075124
0.3268773888075124
0.3268526932079997
0.566879165014764
0.447095022067035
0.3268526932079997
0.3268773888075124
0.3268774635653968
0.3268773888075124
0.3268526932079997
0.3292493925864818
0.3268773888075124
0.3268773888075124
0.3268526932079997
0.7957887493595304
0.3268773888075124
0.3268773888075124
0.3268773888075124
0.3268526932079997
0.3268773888075124
0.3268526932079997
0.3268773888075124
0.3268773888075124
0.32981557397766015
0.3268773888075124
0.9504664068299455
0.32687808586756706
0.5544717927730654
0.5668540055745103
0.3268773888075124
0.3268773888075124
0.3268704000491168
0.3268773888075124
0.32685276796588414
0.3268526932079997
0.3268773888075124
0.3268773888075124
0.3268773888075124
0.3268773888075124
0.3268773888075124
0.3268526932079997
0.8912566837685346
0.3268526932079997
0.3268773888075124
0.3268773888075124
0.3268773888075124
0.3278648759159969
0.3268774635653968
0.3268773888075124
0.3268526932079997
0.32689502089074507
0.3268773888075124
0.32689502089074507
0.3268526932079997
0.3268773888075124
0.3268774635653968
0.3268773888075124
0.3268773888075124
0.3268526932079997
0.3268773888075124
0.3268773888075124
0.3268780111096826
0.3268780111096826
0.3268526932079997
0.3268773888075124
0.3292493925864818
0.3268773888075124
0.3268773888075124
0.3547475720412071
0.3268774635653968
0.3268773888075124
0.3268526932079997
0.3268773888075124
0.3268773888075124
0.3268773888075124
0.32689502089074507
0.3268773888075124
0.3268773888075124
0.3268773888075124
0.3268526932079997
0.3268773888075124
0.3268773888075124
0.3268956431929153
0.3268773888075124
0.3268773888075124
0.3268526932079997
0.3268773888075124
0.3268773888075124
0.3268773888075124
0.3268773888075124
0.3268526932079997
0.3268773888075124
0.3268773888075124
0.3268773888075124
0.3268773888075124
0.3268773888075124
0.3268773888075124
0.3268526932079997
0.3268773888075124
0.3284225147943169
0.3268773888075124
0.3268780111096826
0.3268773888075124
0.3268703252912324
0.4245018386735371
0.3268773888075124
0.3268773888075124
0.3268773888075124
0.3268773888075124
0.3268773888075124
0.3268773888075124
0.3268773888075124
0.3268773888075124
0.3268773888075124
0.3268773888075124
0.3268774635653968
0.3268780111096826
0.3268773888075124
0.3268773888075124
0.3268773888075124
0.3547228764416944
0.3268773888075124
0.3268773888075124
0.32685276796588414
0.3268773888075124
0.3268773888075124
0.3268773888075124
0.3268773888075124
0.3268773888075124
0.3268773888075124
0.3268773888075124
0.3268774635653968
0.3268526932079997
0.32685331551016994
0.3268526932079997
0.3268773888075124
0.3268773888075124
0.7888223534487437
0.3268774635653968
0.5716103221273379
0.3268773888075124
0.3268773888075124
0.3268526932079997
0.3268773888075124
0.3268773888075124
0.3268774635653968
0.32685276796588414
0.34713481053984085
0.3268773888075124
0.3268773888075124
0.8912240674011968
0.3268774635653968
0.3268773888075124
0.9504911024294584
0.3268773888075124
0.3268773888075124
0.3268773888075124
0.3268773888075124
0.3289814941959958
0.3268773888075124
0.3268773888075124
0.3385622427791526
0.3268526932079997
0.3268774635653968
0.3268773888075124
0.3268773888075124
0.32689502089074507
0.3268773888075124
0.32689502089074507
0.3268773888075124
0.3547475720412071
0.3268773888075124
0.3268773888075124
0.3268773888075124
0.3268773888075124
0.32689502089074507
0.3268773888075124
0.3268773888075124
0.3268774635653968
0.3268774635653968
0.3268773888075124
0.3268773888075124
0.3268773888075124
0.3268773888075124
0.3268773888075124
0.3268773888075124
0.3268773888075124
0.3268774635653968
0.3268526932079997
1.4414396912489809
0.3268773888075124
0.3268773888075124
0.3268950956486295
0.3268773888075124
0.3278648759159969
0.3268773888075124
0.3268773888075124
0.326935586272043
0.3268773888075124
0.32685276796588414
0.7957887493595304
0.3268773888075124
0.3268773888075124
0.3268773888075124
0.3268526932079997
0.3268780111096826
0.3268773888075124
0.3268773888075124
0.3268773888075124
0.8912319881690218
0.3286210646810913
1.451110559830232
0.3268526932079997
0.3268773888075124
0.3268774635653968
0.3268773888075124
0.5537382944972735
0.3268526932079997
0.3547475720412071
0.3268773888075124
0.3268773888075124
0.3268773888075124
0.3268773888075124
0.3268773888075124
0.3385622427791526
0.326935586272043
0.3268773888075124
0.3268773888075124
0.3268773888075124
0.3268773888075124
0.3268773888075124
0.3268773888075124
0.3268773888075124
0.3268773888075124
0.3268773888075124
0.3385622427791526
0.3268773888075124
0.3268773888075124
0.3268773888075124
0.32786549821816713
0.3268774635653968
0.3268773888075124
0.3268773888075124
0.3268773888075124
0.3268773888075124
0.3268526932079997
0.3268526932079997
0.3268773888075124
0.3268773888075124
0.338562317537037
0.3268526932079997
0.3268526932079997
0.3268774635653968
0.3268773888075124
0.3268773888075124
0.3269108906725303
0.3268780111096826
0.3268773888075124
0.3268773888075124
0.3268773888075124
0.3268774635653968
0.3268526932079997
0.3268773888075124
0.3268526932079997
0.3297732462949148
0.3385622427791526
0.3268773888075124
0.3268773888075124
0.3268774635653968
0.36383947019345236
0.3268773888075124
0.3268773888075124
0.3268773888075124
0.3268774635653968
0.3268774635653968
0.3268773888075124
0.3268773888075124
0.3268773888075124
0.3268773888075124
0.3268773888075124
0.3268773888075124
0.3268773888075124
0.3268773888075124
0.3268773888075124
0.3268773888075124
0.3268773888075124
0.3268773888075124
0.3268773888075124
0.3268773888075124
0.3268773888075124
0.3268773888075124
0.3268773888075124
0.3268526932079997
0.3268773888075124
0.3268773888075124
0.3268774635653968
0.3268773888075124
0.3268774635653968
0.3268773888075124
0.3268773888075124
0.3268773888075124
0.3268773888075124
0.3268773888075124
0.3268526932079997
0.3268773888075124
0.3268773888075124
0.3268773888075124
0.3268773888075124
0.3268773888075124
0.3268773888075124
0.3268773888075124
0.4245018386735371
0.3268773888075124
0.3268773888075124
0.3268773888075124
0.3268774635653968
0.3284225147943169
0.3268773888075124
0.5668530519849063
0.3268773888075124
0.3268773888075124
0.3268773888075124
0.3268773888075124
0.3268526932079997
0.3268773888075124
0.3268773888075124
0.32689502089074507
0.3268773888075124
0.3268773888075124
0.3268526932079997
0.3268526932079997
0.3268773888075124
0.3268773888075124
0.3268773888075124
0.3268774635653968
0.3268773888075124
0.3268773888075124
0.3268773888075124
0.3268773888075124
0.3269108906725303
0.3268773888075124
0.32685276796588414
0.3268526932079997
0.3268773888075124
0.3268773888075124
0.3268773888075124
0.3268773888075124
0.3268780111096826
0.3268774635653968
0.3268773888075124
0.3268773888075124
0.3268774635653968
0.3268774635653968
0.3268773888075124
0.3268526932079997
0.3268773888075124
0.3268950956486295
0.3268773888075124
0.3268774635653968
0.3268773888075124
0.3268774635653968
0.3268773888075124
0.3268773888075124
0.3268773888075124
0.3268774635653968
0.3547475720412071
0.3268773888075124
0.3268526932079997
0.3268773888075124
0.5668530519849063
0.3268773888075124
0.3268773888075124
0.3268774635653968
0.3268773888075124
0.3268773888075124
0.3268773888075124
0.3268773888075124
0.3268773888075124
0.32685276796588414
0.3268774635653968
0.3268774635653968
0.32981557397766015
0.32691096543041476
0.3268773888075124
0.3268533902680544
0.3268773888075124
0.3268774635653968
0.3268774635653968
0.8549028821215269
0.3268773888075124
0.3268526932079997
0.32685331551016994
0.32860335783997413
0.3268773888075124
0.3268773888075124
0.3268773888075124
