0.5668283563853936
0.32685276796588414
0.3268780111096826
0.3471101149403282
0.32685331551016994
0.3268526932079997
0.3268526932079997
0.3268773888075124
0.32922477174485354
0.32685331551016994
0.3283978191948042
0.3667761116180057
0.3268526932079997
0.3268526932079997
0.3268526932079997
0.3268526932079997
0.3268526932079997
0.3268533902680544
0.35472295119957886
0.32685276796588414
0.326935586272043
0.3268526932079997
0.35472349874386466
1.5571364331575628
0.32685331551016994
0.3381294323199697
0.32685331551016994
0.3268526932079997
0.3547228764416944
0.3278401803164842
0.32685276796588414
0.32685276796588414
0.3268526932079997
0.3268533902680544
0.3268526932079997
0.35472295119957886
0.3285887480021438
0.3268526932079997
0.3268526932079997
0.3268703252912324
0.32685331551016994
0.3646409538548768
0.3268526932079997
0.32685331551016994
0.3381882520866707
0.3268533902680544
0.32685331551016994
0.3268526932079997
0.9319436077345472
0.5668457821478426
0.3381294323199697
0.3268526932079997
0.32685276796588414
0.3268533902680544
0.3268533902680544
0.3268526932079997
0.5668554230048553
0.3268526932079997
0.32685331551016994
0.32685276796588414
0.3268526932079997
0.32687808586756706
0.3268526932079997
0.32685331551016994
0.32685331551016994
0.32693628333209773
0.3297732462949148
0.3268526932079997
0.3268533902680544
0.32685276796588414
0.3268526932079997
0.5239048928593155
0.32685331551016994
0.3268526932079997
0.3268773888075124
0.3268526932079997
0.8912240674011968
0.35472295119957886
0.3268526932079997
0.32685276796588414
0.7957641285179022
0.3268533902680544
0.3381299798642556
0.32685331551016994
0.3268950956486295
0.8912319881690218
1.4414514960420408
0.3268533902680544
1.4354194398059263
0.3292493925864818
0.32685276796588414
0.663845893960106
0.3268526932079997
0.34654968327783275
0.3268703252912324
0.5104259583275943
0.32685276796588414
0.3268526932079997
0.32685276796588414
1.5571497095756048
0.3268526932079997
0.3292523400739998
0.3268533902680544
0.3268533902680544
0.3269108906725303
0.3385382442396946
0.3268526932079997
0.32685331551016994
0.32685276796588414
0.3381293575620853
0.3268526932079997
0.3268533902680544
0.32685276796588414
0.32685276796588414
0.32685331551016994
1.4414391584149269
0.3268526932079997
0.33853816948181015
0.3268526932079997
0.3268526932079997
0.3395257313481791
0.32860343259785857
0.32685276796588414
0.3268533902680544
0.32685331551016994
0.32685331551016994
0.350137716465002
0.3268526932079997
0.3268526932079997
0.3268533902680544
1.5571373969409021
0.3385375471796399
0.32685331551016994
0.32685331551016994
0.32685276796588414
0.32685276796588414
0.3268704000491168
0.32685331551016994
0.4242869981129621
0.32685276796588414
0.32923470799076704
0.32685331551016994
0.5239049676172
0.3268533902680544
0.5239048928593155
0.3268526932079997
0.3268526932079997
0.3268773888075124
0.32857866224046145
0.32685276796588414
0.32685331551016994
0.4245018386735371
0.36677548931583553
0.3268526932079997
0.32685331551016994
0.3386210625458535
0.32685331551016994
0.3268533902680544
0.9504594396517244
0.3268526932079997
0.32784080261865445
0.3268526932079997
0.32685276796588414
0.3268526932079997
0.3268526932079997
0.32685276796588414
0.32685276796588414
0.3268774635653968
0.338595819402055
0.32685331551016994
0.3268526932079997
0.3268526932079997
0.3268526932079997
0.3268533902680544
0.3268526932079997
0.3268526932079997
0.32685276796588414
0.6793893674642091
0.32685331551016994
0.3268526932079997
0.32685331551016994
0.3268526932079997
0.3268526932079997
0.35607312883487247
1.4172759896386962
0.5080703644586513
0.3268526932079997
0.32685331551016994
0.5668296562675345
0.3268526932079997
0.326935586272043
1.5571364331575628
0.5668293099749976
0.32685331551016994
0.3268533902680544
1.5791438978652526
0.3268533902680544
0.32685276796588414
0.3268526932079997
0.3268526932079997
0.3268526932079997
0.6678215605883608
0.3268526932079997
0.3268533902680544
0.32685276796588414
0.5239049676172
0.32685276796588414
0.3268526932079997
0.3268526932079997
0.3268526932079997
0.35472295119957886
0.32685331551016994
0.3381293575620853
0.32685276796588414
0.32923470799076704
1.4414391584149269
0.3268526932079997
0.32685276796588414
0.3268526932079997
0.32693566102992744
0.3268526932079997
0.3268533902680544
0.35472295119957886
0.3285887480021438
0.32685331551016994
0.3269108906725303
0.326935586272043
0.32685276796588414
0.32685331551016994
0.3268526932079997
0.3268526932079997
0.3268526932079997
0.3268533902680544
0.3268526932079997
0.32693566102992744
0.3268526932079997
0.3268533902680544
0.32685331551016994
0.3643750871814207
0.32685331551016994
0.32685276796588414
0.3268533902680544
0.32685331551016994
1.4414501097169305
0.32685276796588414
0.3268526932079997
0.32685276796588414
0.32685276796588414
0.32685276796588414
0.32685276796588414
0.34713481053984085
0.32685276796588414
0.3268526932079997
0.3268533902680544
0.3268526932079997
0.891394309197527
0.7957887493595304
0.32977394335496946
0.34711081200038285
0.32685276796588414
0.32685276796588414
0.3268526932079997
0.3465490609756625
0.3292493925864818
0.3268533902680544
0.33853762193752435
0.3268526932079997
0.3268526932079997
0.32685276796588414
0.3268526932079997
0.3268526932079997
0.3268526932079997
0.32685331551016994
0.3283978191948042
0.32685331551016994
1.4414510735002701
0.32685276796588414
0.3268950956486295
0.32685331551016994
0.32685331551016994
0.338187555026616
0.3268526932079997
0.32685331551016994
0.3268526932079997
0.32687102235128707
0.3268533902680544
0.3268773888075124
0.3268773888075124
0.3269108906725303
0.32685331551016994
0.32685331551016994
0.32685276796588414
0.3268773888075124
0.3268533902680544
0.3268526932079997
0.3268533902680544
0.32685276796588414
0.34809768993330825
0.32685331551016994
0.3268773888075124
0.3268526932079997
0.32685331551016994
0.32685276796588414
0.32685331551016994
0.3268773888075124
0.5668530519849063
0.3465490609756625
0.32685276796588414
0.3268780111096826
0.3283978191948042
0.3268526932079997
0.32685331551016994
0.32685331551016994
0.32784025507436865
0.36067612104519003
0.32839923586725006
0.326911587732585
0.3268780111096826
0.5668293099749976
0.3268526932079997
0.3268526932079997
0.32685331551016994
0.3268773888075124
0.3475366359686426
0.35478107390622504
0.3465490609756625
2.2897621836365216
0.3268533902680544
0.3268526932079997
0.3268526932079997
0.32922477174485354
0.32685331551016994
0.3268526932079997
0.3268773888075124
0.3268526932079997
0.32685276796588414
0.32689502089074507
0.33813005462214
0.3268703252912324
0.32685331551016994
0.523874435592361
0.3268526932079997
0.7960593030960443
0.32685276796588414
0.3268526932079997
0.3268526932079997
0.3268526932079997
0.32685276796588414
0.3268526932079997
0.3268773888075124
0.32685331551016994
0.3283978191948042
0.3268526932079997
0.3268533902680544
0.32685276796588414
0.3268533902680544
1.579144861648592
0.3268533902680544
0.32685331551016994
0.3268526932079997
0.3268773888075124
0.32685276796588414
0.3381294323199697
0.3268780111096826
0.3268526932079997
0.33853762193752435
0.7957640537600177
0.32685331551016994
0.32685276796588414
0.3268526932079997
0.4252943555000325
0.32685331551016994
0.34654913573354695
0.3667754145579511
0.3268526932079997
0.32685331551016994
0.3268773888075124
0.3268526932079997
0.3268526932079997
0.3268526932079997
0.3268526932079997
0.32691151297470056
0.3268533902680544
0.5238745103502453
0.3268526932079997
0.3268526932079997
0.32685331551016994
0.32685331551016994
0.3471101896982126
0.32685276796588414
0.32741374717266536
0.3493895763238014
0.3297732462949148
0.42425582996237565
0.3268703252912324
0.523874435592361
0.3268533902680544
0.32685276796588414
0.32685276796588414
0.3268526932079997
1.4414405447400374
0.3268526932079997
0.32685331551016994
0.3268526932079997
0.32685276796588414
0.3268533902680544
0.32685331551016994
0.32685276796588414
0.3268780111096826
0.3268533902680544
0.3268526932079997
0.34711081200038285
0.338154053161598
0.32693566102992744
0.3268709475934026
0.3285787369983459
0.3268526932079997
0.42425582996237565
0.3409095509586093
0.32685331551016994
0.3268526932079997
0.3268526932079997
0.3268526932079997
0.32685276796588414
0.3268526932079997
1.4421959148868893
0.3268526932079997
0.3268526932079997
0.6745341008924778
0.3268526932079997
0.7958599014031973
0.3268526932079997
0.3268526932079997
0.35474819434337734
0.32685331551016994
0.3385375471796399
0.3268526932079997
0.3268526932079997
0.3268526932079997
0.3268773888075124
0.32685276796588414
0.32685276796588414
0.3268526932079997
0.3268526932079997
0.32923470799076704
0.3284232256779488
0.3268780111096826
0.32685276796588414
0.3268533902680544
0.3268526932079997
0.35472295119957886
0.35472349874386466
0.3268526932079997
0.32685276796588414
0.3268533902680544
0.3268526932079997
0.3646409538548768
0.3646408790969924
0.3268526932079997
0.3268526932079997
0.32685276796588414
0.3268533902680544
0.3465490609756625
0.32685276796588414
0.3268780111096826
0.32685331551016994
0.32685331551016994
0.32685276796588414
0.3646409538548768
0.3471101896982126
0.32685331551016994
0.3268533902680544
0.3268526932079997
0.326911587732585
0.42425582996237565
0.32685276796588414
0.3269108906725303
0.3646408790969924
0.3268526932079997
0.32685276796588414
0.3268533902680544
0.5239048928593155
0.3646409538548768
0.3268526932079997
1.6422925832807038
0.32923470799076704
0.3268526932079997
0.3268526932079997
0.3268526932079997
0.32685276796588414
0.32685276796588414
0.3292347827486515
0.3646409538548768
0.32985613935895813
0.3465490609756625
0.3285886732442594
0.3268526932079997
0.32685276796588414
0.3268533902680544
0.3268526932079997
0.523874435592361
0.32685276796588414
0.32685276796588414
0.3465490609756625
0.35472295119957886
0.3547235735017491
0.32685276796588414
0.32741374717266536
0.35472295119957886
0.3268533902680544
0.32839985816942024
0.32685331551016994
0.32691096543041476
0.33813005462214
0.3268526932079997
0.3268526932079997
0.3292493925864818
0.3269108906725303
0.36067612104519003
0.3268526932079997
0.32685276796588414
0.32685331551016994
0.32685276796588414
0.5080704392165357
0.3268704000491168
0.3268526932079997
0.3278401803164842
0.3646409538548768
0.3283985300784361
1.4421963374286602
0.36469915131940744
0.32685276796588414
0.3268533902680544
0.32685276796588414
0.3268533902680544
0.32687808586756706
0.32685276796588414
0.32685276796588414
0.32685331551016994
0.8912329417586258
0.34654913573354695
0.32685331551016994
0.3285887480021438
0.33853762193752435
0.3268533902680544
0.32685276796588414
0.3268526932079997
1.5571373969409021
0.3268773888075124
0.3268526932079997
0.32741374717266536
0.3405014360989392
0.32685276796588414
0.3268526932079997
0.3268526932079997
0.32860343259785857
0.5668306098571383
0.32691096543041476
0.3268533902680544
0.32923470799076704
0.32685276796588414
0.3297732462949148
0.32685331551016994
0.56515797316864
0.328957509480115
0.32685276796588414
0.5668293099749976
0.3381293575620853
0.32685276796588414
0.3268526932079997
0.3268526932079997
0.7957371859598362
0.32685331551016994
0.33853762193752435
0.32685276796588414
0.3268526932079997
0.32685276796588414
0.3268773888075124
0.3268526932079997
0.3268526932079997
0.3268526932079997
0.32685276796588414
0.3268526932079997
0.35472349874386466
0.3268526932079997
1.4414410764371075
0.3268533902680544
0.3268526932079997
0.3646415013991626
0.3268526932079997
0.32685276796588414
0.3268533902680544
0.3268526932079997
0.3278401803164842
0.32685331551016994
0.3269108906725303
0.32741374717266536
0.32691096543041476
0.3268780111096826
0.3269362085742133
0.3268526932079997
0.32685276796588414
1.4196435739091426
0.32685276796588414
0.32839844149697445
0.3269108906725303
0.3268780111096826
0.32685331551016994
0.32685331551016994
0.3268526932079997
0.3268526932079997
0.32979087837814747
0.3268533902680544
0.3268526932079997
0.3268526932079997
1.4590377554541585
0.3268533902680544
0.4242862872293302
0.3465490609756625
0.3268526932079997
0.32685331551016994
0.32685276796588414
0.3268533902680544
0.3268526932079997
0.32685276796588414
0.3268533902680544
0.32685276796588414
0.33853816948181015
0.32923470799076704
0.3268526932079997
0.32685331551016994
0.3268533902680544
0.34938965108168585
0.3268533902680544
0.32685276796588414
0.3268526932079997
0.3268533902680544
0.3297915006803177
0.3268526932079997
0.3268526932079997
0.32784080261865445
0.7957640537600177
0.32685276796588414
0.3268533902680544
0.5668306098571383
0.32685276796588414
0.32685276796588414
0.3268526932079997
0.3381299798642556
0.3268526932079997
0.3268773888075124
0.7957371859598362
0.35472295119957886
0.3268774635653968
0.32685331551016994
0.3268709475934026
0.32685276796588414
0.32685276796588414
0.32685276796588414
0.32685331551016994
0.5668530519849063
0.32685331551016994
0.33853762193752435
0.3268526932079997
0.32741444423272004
0.3297985641965977
0.3268526932079997
0.32685331551016994
0.32685331551016994
0.32685276796588414
0.32685276796588414
0.32860335783997413
0.3268526932079997
0.32685331551016994
0.3381299798642556
0.32685331551016994
0.3268526932079997
0.32685276796588414
0.3268526932079997
0.3268526932079997
0.32685331551016994
0.3274143694748356
0.3268533902680544
0.32685276796588414
0.3268526932079997
0.32923470799076704
0.3646409538548768
0.3268526932079997
0.584586695478684
0.5716103221273379
0.32685331551016994
0.32741374717266536
0.33813005462214
0.3268526932079997
0.3381299798642556
0.7957371859598362
0.32685276796588414
0.32685331551016994
0.32685276796588414
0.32691096543041476
0.3268526932079997
0.32685331551016994
0.34713481053984085
0.32691151297470056
0.3646409538548768
0.3269108906725303
0.3268526932079997
0.891394309197527
0.523874435592361
0.3268774635653968
0.3268526932079997
0.3268773888075124
0.3268526932079997
0.32792307338052756
0.3269108906725303
1.4414401221982664
0.3268526932079997
0.3268526932079997
0.3285787369983459
0.3292246969869691
0.3268774635653968
0.3268533902680544
0.3268526932079997
0.3268526932079997
0.3268526932079997
0.32685331551016994
0.32685331551016994
0.32685276796588414
0.3268526932079997
0.3268526932079997
0.3268526932079997
0.32685276796588414
0.3268526932079997
0.3268526932079997
0.32685276796588414
0.3268526932079997
0.3268526932079997
0.3268526932079997
0.3268533902680544
0.32685331551016994
0.32685331551016994
0.32685276796588414
0.3268526932079997
0.32691151297470056
0.3268773888075124
0.32685276796588414
0.32685276796588414
0.553492285786112
0.32685331551016994
0.5668283563853936
0.32685331551016994
0.3268526932079997
0.32685331551016994
0.32687808586756706
0.3268526932079997
1.4414391584149269
0.3268773888075124
0.5668530519849063
0.3268526932079997
0.33853816948181015
0.3268773888075124
0.3268526932079997
0.32691096543041476
0.35472295119957886
0.35472295119957886
0.3268526932079997
0.3268526932079997
0.3268526932079997
0.3268526932079997
0.3268526932079997
0.5821310374328834
0.32687808586756706
0.326935586272043
0.3268526932079997
0.3268526932079997
1.4422412420974051
0.32685331551016994
0.32923470799076704
0.35472295119957886
0.3283978191948042
0.3268774635653968
0.3268774635653968
0.3268526932079997
0.3283985300784361
0.32685276796588414
0.5239049676172
0.32687808586756706
0.32685331551016994
0.3268703252912324
0.3268526932079997
0.3274966402367087
0.3268526932079997
0.42498659480163115
0.3646409538548768
0.3268526932079997
0.3268526932079997
0.3268526932079997
0.32685331551016994
0.3268526932079997
0.3268526932079997
0.32685331551016994
0.3381299798642556
0.3268533902680544
0.3268533902680544
0.3268526932079997
0.44687947062282807
0.3268526932079997
0.35472349874386466
0.3839107516640623
0.3268526932079997
0.3268526932079997
0.3268773888075124
0.3292246969869691
0.3268533902680544
0.32784080261865445
0.3268526932079997
0.32685331551016994
0.32839844149697445
0.35604783201273427
0.3382129476861834
0.32685276796588414
0.3268533902680544
0.32977394335496946
0.3269108906725303
0.32685331551016994
0.32685331551016994
0.32685276796588414
0.3268780111096826
0.3268526932079997
0.32685276796588414
0.32685331551016994
0.3268526932079997
0.3268526932079997
0.3268526932079997
0.5821313837254203
0.3268533902680544
0.3292347827486515
0.3268533902680544
0.32687808586756706
0.32685276796588414
0.32685331551016994
0.32685331551016994
0.3268526932079997
0.32685276796588414
0.32685276796588414
0.3268533902680544
0.3268773888075124
0.3268526932079997
0.3268533902680544
0.32685331551016994
1.4414396912489809
0.32685276796588414
0.32687808586756706
0.3268526932079997
0.35474764679909154
0.3268533902680544
0.33853762193752435
0.3268526932079997
0.3268533902680544
0.32685331551016994
0.3268526932079997
0.3268526932079997
0.32685331551016994
0.32685331551016994
0.3268526932079997
0.34654968327783275
0.3268526932079997
0.3268526932079997
0.3268526932079997
0.3268526932079997
0.4242862872293302
0.3268526932079997
0.32685331551016994
0.3268526932079997
0.3268526932079997
0.3465497580357172
0.32691096543041476
0.3381294323199697
0.32685331551016994
0.5596597699881956
0.3268526932079997
0.7957371859598362
0.32784080261865445
0.3268533902680544
0.32685276796588414
0.3268526932079997
0.3547228764416944
0.32685276796588414
0.32685276796588414
0.3268533902680544
0.32979157543820214
0.3268526932079997
0.32685331551016994
0.3268773888075124
0.3268526932079997
0.3268526932079997
0.32685276796588414
0.3268709475934026
0.32685331551016994
0.3268533902680544
0.5239049676172
0.32685276796588414
0.32863693446287656
0.32685276796588414
0.32685276796588414
0.32685331551016994
0.3268709475934026
0.3268526932079997
0.32839844149697445
0.32685276796588414
0.32685331551016994
0.3268526932079997
0.32685276796588414
0.4468801815064599
1.4420483337012993
0.3268774635653968
0.3297732462949148
1.4414524586883966
0.3268526932079997
0.3268526932079997
0.32685276796588414
0.32687808586756706
0.3268533902680544
0.3297732462949148
0.32685276796588414
0.3268533902680544
0.3465490609756625
0.32685331551016994
0.3268526932079997
0.5668283563853936
0.3268526932079997
0.32784025507436865
0.3268526932079997
0.32741374717266536
0.32685276796588414
0.32685276796588414
0.3268526932079997
0.3285886732442594
0.32693566102992744
0.5080704392165357
0.3268526932079997
1.440651555418041
0.3268526932079997
0.32743844277217804
0.32685276796588414
0.32685276796588414
0.3268526932079997
0.3268526932079997
0.3268526932079997
0.7957641285179022
0.3268780111096826
0.32685276796588414
0.32685331551016994
0.32685331551016994
1.451975932285245
0.3268526932079997
0.32685331551016994
0.3283978191948042
0.32685276796588414
0.3269108906725303
0.3278983777810148
0.3268533902680544
0.3268780111096826
0.3297732462949148
0.3268526932079997
0.523874435592361
0.34656771635802
0.36469969886369324
0.32685331551016994
0.32685331551016994
0.34656771635802
0.3268526932079997
0.3268526932079997
0.7549070160588104
1.5571364331575628
0.3268774635653968
0.3268533902680544
0.3385375471796399
0.3268526932079997
0.3268773888075124
0.32685276796588414
0.3268526932079997
0.3268526932079997
0.32685276796588414
0.32685331551016994
0.32685331551016994
0.3268533902680544
0.3268526932079997
0.3268533902680544
0.32685276796588414
1.5571473844595665
0.3268526932079997
0.3268526932079997
0.34654913573354695
0.32741374717266536
0.32685276796588414
0.3268526932079997
0.3268526932079997
0.7233527650302269
0.8912329417586258
