0.3268533902680544
0.32685331551016994
0.32685276796588414
0.32685331551016994
0.32685331551016994
0.3268533902680544
0.3268533902680544
0.32685331551016994
0.3268533902680544
0.3268533902680544
0.32685276796588414
0.3268526932079997
0.3268780111096826
0.3268533902680544
0.32685331551016994
0.32685331551016994
0.32685276796588414
0.3268526932079997
0.32685331551016994
0.3268526932079997
0.32685331551016994
0.32685276796588414
0.3268533902680544
0.3268533902680544
0.3268526932079997
0.3268526932079997
0.32685331551016994
0.32685331551016994
0.32685331551016994
0.32685331551016994
0.32685331551016994
0.3268526932079997
0.3268526932079997
0.3268533902680544
0.3268526932079997
0.3268533902680544
0.32685331551016994
0.3268780111096826
0.32685331551016994
0.32685331551016994
0.3268526932079997
0.32685331551016994
0.3268780111096826
0.32685276796588414
0.32685331551016994
0.3268526932079997
0.32685331551016994
0.32685276796588414
0.3268773888075124
0.3268526932079997
0.3268526932079997
0.32685331551016994
0.3268526932079997
0.3268526932079997
0.32685331551016994
0.3268533902680544
0.3268526932079997
0.32685331551016994
0.3268533902680544
0.32685331551016994
0.32685331551016994
0.3268533902680544
0.32685331551016994
0.32685331551016994
0.32685331551016994
0.3268533902680544
0.3385375471796399
0.32685331551016994
0.3268526932079997
0.32685331551016994
0.32685276796588414
0.32685331551016994
0.3268526932079997
0.32685331551016994
0.32685331551016994
0.32685331551016994
0.32685331551016994
0.32685331551016994
0.32685331551016994
0.32685331551016994
0.32685276796588414
0.3268533902680544
0.35472349874386466
0.3268526932079997
0.3268533902680544
0.32685276796588414
0.3268526932079997
0.3268526932079997
0.3268526932079997
0.32685331551016994
0.3268533902680544
0.32685331551016994
0.3268533902680544
0.3268526932079997
0.3268533902680544
0.32685331551016994
0.3268533902680544
0.32685331551016994
0.3268533902680544
0.3268526932079997
0.3268526932079997
0.3268526932079997
0.3268526932079997
0.3268773888075124
0.32685331551016994
0.32685331551016994
0.3268526932079997
0.32685276796588414
0.32685331551016994
0.32685331551016994
0.32685331551016994
0.32685331551016994
0.32685331551016994
0.3268526932079997
0.3268526932079997
0.32685331551016994
0.3268533902680544
0.3268526932079997
0.3268526932079997
0.3268526932079997
0.3268533902680544
0.3268533902680544
0.32685331551016994
0.32685331551016994
0.32685331551016994
0.3268780111096826
0.3268526932079997
0.32685331551016994
0.3268526932079997
0.3268533902680544
0.3268526932079997
0.32685331551016994
0.3268533902680544
0.32685331551016994
0.32685331551016994
0.3268526932079997
0.3268526932079997
0.3268526932079997
0.32685331551016994
0.3268774635653968
0.32685331551016994
0.3268526932079997
0.32685331551016994
0.3268526932079997
0.3268533902680544
0.3268526932079997
0.32685331551016994
0.3268533902680544
0.32685331551016994
0.32685331551016994
0.3268526932079997
0.32685331551016994
0.3268533902680544
0.3268526932079997
0.32685276796588414
0.32685276796588414
0.3268526932079997
0.3268526932079997
0.3268526932079997
0.32685331551016994
0.32685331551016994
0.32685331551016994
0.32685331551016994
0.32685276796588414
0.32685331551016994
0.32685331551016994
0.3268526932079997
0.32685276796588414
0.32685331551016994
0.3268526932079997
0.32685331551016994
0.32685331551016994
0.3268526932079997
0.32685331551016994
0.32685276796588414
0.3268526932079997
0.3268526932079997
0.3268526932079997
0.32685331551016994
0.32685331551016994
0.3268526932079997
0.32685331551016994
0.3268780111096826
0.3268533902680544
0.3268526932079997
0.3268533902680544
0.3268533902680544
0.32685276796588414
0.32685276796588414
0.32685331551016994
0.3268533902680544
0.32685331551016994
0.32685331551016994
0.3268533902680544
0.32685331551016994
0.3268533902680544
0.32685331551016994
0.32685331551016994
0.32685331551016994
0.3268526932079997
0.3268533902680544
0.32685331551016994
0.3268526932079997
0.3269108906725303
0.32685331551016994
0.32685331551016994
0.3268533902680544
0.32685276796588414
0.3268526932079997
0.3268533902680544
0.3268533902680544
0.32685331551016994
0.32685331551016994
0.32685331551016994
0.32685331551016994
0.3268533902680544
0.32685331551016994
0.32685331551016994
0.32685331551016994
0.32685276796588414
0.3268533902680544
0.3268526932079997
0.5668296562675345
0.32685331551016994
0.32685331551016994
0.3268533902680544
0.32691096543041476
0.32685331551016994
0.3268526932079997
0.9506208070906257
0.3268533902680544
0.32685276796588414
0.3268526932079997
0.32685331551016994
0.32685331551016994
0.3268526932079997
0.3268533902680544
0.3268526932079997
0.32685331551016994
0.32685276796588414
0.3268526932079997
0.3268533902680544
0.3268533902680544
0.3268533902680544
0.3268533902680544
0.32685331551016994
0.3268533902680544
0.32685276796588414
0.32685276796588414
0.32685331551016994
0.3268533902680544
0.3268526932079997
0.32685331551016994
0.32685276796588414
0.32685331551016994
0.3268526932079997
0.3268703252912324
0.32685276796588414
0.3268526932079997
0.32685331551016994
0.32685331551016994
0.3268533902680544
0.3268533902680544
0.3268533902680544
0.32685331551016994
0.32685276796588414
0.32685331551016994
0.3268526932079997
0.32685276796588414
0.3268533902680544
0.3268526932079997
0.32685331551016994
0.32685331551016994
0.3268526932079997
0.32685331551016994
0.32685276796588414
0.32685331551016994
0.3268526932079997
0.3268773888075124
0.32685331551016994
0.32685331551016994
0.32685331551016994
0.32685276796588414
0.32685331551016994
0.32685331551016994
0.32685331551016994
0.32685276796588414
0.32685331551016994
0.32685276796588414
0.32685331551016994
0.329773868597085
0.32685331551016994
0.3268526932079997
0.32685331551016994
0.3268526932079997
0.32685331551016994
0.3268526932079997
0.33853816948181015
0.3268780111096826
0.3268780111096826
0.32685331551016994
0.32685331551016994
0.3268526932079997
0.32687808586756706
1.4414505322587012
0.32685331551016994
0.3268526932079997
0.32685331551016994
0.3268526932079997
0.3268526932079997
0.32685331551016994
0.3268526932079997
0.3268533902680544
0.32685331551016994
0.36677548931583553
0.32685331551016994
0.3268533902680544
0.32685331551016994
0.32685276796588414
0.32685331551016994
0.32685331551016994
0.32685331551016994
0.32685331551016994
0.3278401803164842
0.32685331551016994
0.3606760462873056
0.32685331551016994
0.3268526932079997
0.3268526932079997
0.3268526932079997
0.32685331551016994
0.3268526932079997
0.3268533902680544
0.3268526932079997
0.32691096543041476
0.32685276796588414
0.3268526932079997
0.32685331551016994
0.32977394335496946
0.32685331551016994
0.3268526932079997
0.32685331551016994
0.3268780111096826
0.32685331551016994
0.3268526932079997
0.32685331551016994
0.3268526932079997
0.32685276796588414
0.32685331551016994
0.3268533902680544
0.32685331551016994
0.3268533902680544
0.32685331551016994
0.3268526932079997
0.32685331551016994
0.3268526932079997
0.32685331551016994
0.3268709475934026
0.3268526932079997
0.3268533902680544
0.32685331551016994
0.32685331551016994
0.3268526932079997
0.3268526932079997
0.32685331551016994
0.3268526932079997
0.3268533902680544
0.32685331551016994
0.3268526932079997
0.32685331551016994
0.3268526932079997
0.32685331551016994
0.32685331551016994
0.32685331551016994
0.3268533902680544
0.3268526932079997
0.32693566102992744
0.32685331551016994
0.3268526932079997
0.32685331551016994
0.32685331551016994
0.32685331551016994
0.32685331551016994
0.32685331551016994
0.32685276796588414
0.32685331551016994
0.3268533902680544
0.32685331551016994
0.3268780111096826
0.3268526932079997
0.32685331551016994
0.32685331551016994
0.3268533902680544
0.3268780111096826
0.3268533902680544
0.32685331551016994
0.3268533902680544
0.3268526932079997
0.3268526932079997
0.32685331551016994
0.3268526932079997
0.3268526932079997
0.32685331551016994
0.32685331551016994
0.3268526932079997
0.3268526932079997
0.32685331551016994
0.3268533902680544
0.32685331551016994
0.32685331551016994
0.3268533902680544
0.3268780111096826
0.32685331551016994
0.32685331551016994
0.3268526932079997
0.3268533902680544
0.32685331551016994
0.32685331551016994
0.32685331551016994
0.3268526932079997
0.32685331551016994
0.32685276796588414
0.3268526932079997
0.3268526932079997
0.32685276796588414
0.3268533902680544
0.3268526932079997
0.32685276796588414
0.3268533902680544
0.32685331551016994
0.3268533902680544
1.4414514960420408
0.32685276796588414
0.3268533902680544
0.3268533902680544
0.32685331551016994
0.32685331551016994
0.32685331551016994
0.3268533902680544
0.32685276796588414
0.3268533902680544
0.32685331551016994
0.3268533902680544
0.32685331551016994
0.32685331551016994
0.3268526932079997
0.32685331551016994
0.32685331551016994
0.32685331551016994
0.32685331551016994
0.32685331551016994
0.32685276796588414
0.32685276796588414
0.32685331551016994
0.32685331551016994
0.3268780111096826
0.32685276796588414
0.3268526932079997
0.3268526932079997
0.32685331551016994
0.33813005462214
0.32685331551016994
0.32685331551016994
0.3268526932079997
0.32685331551016994
0.32685331551016994
0.32685331551016994
0.32685331551016994
0.3268526932079997
0.3268526932079997
0.32685276796588414
0.3268526932079997
0.32685276796588414
0.32685331551016994
0.32685331551016994
0.3268526932079997
0.32685331551016994
0.3268533902680544
0.32685276796588414
0.32685276796588414
0.3268533902680544
0.32685331551016994
0.32685331551016994
0.32685331551016994
0.32685331551016994
0.32685331551016994
0.32685331551016994
0.3268533902680544
0.3268526932079997
0.3268533902680544
0.3268533902680544
0.3268533902680544
0.32685331551016994
0.32685331551016994
0.3278408773765389
0.32685331551016994
0.32685331551016994
0.3268533902680544
0.32685276796588414
0.3268533902680544
0.32685331551016994
0.32685331551016994
0.32685276796588414
0.3268780111096826
0.32685331551016994
0.32685276796588414
0.3268773888075124
0.32685331551016994
0.32685331551016994
0.3268526932079997
0.3268533902680544
0.32685331551016994
0.3268526932079997
0.32685276796588414
0.32685331551016994
0.3268533902680544
0.32685331551016994
0.3268533902680544
0.3268526932079997
0.32685331551016994
0.3268526932079997
0.32685331551016994
0.32685331551016994
0.32685331551016994
0.32685331551016994
0.32685331551016994
0.3268533902680544
0.32685331551016994
0.3268780111096826
0.32685331551016994
0.3268526932079997
0.3268533902680544
0.32685331551016994
0.3268526932079997
0.32685331551016994
0.3268526932079997
0.32687808586756706
0.32685331551016994
0.3268533902680544
0.3268533902680544
0.3268533902680544
0.32685276796588414
0.32685331551016994
0.32685331551016994
0.3268526932079997
0.32685276796588414
0.3268533902680544
0.3268533902680544
0.3268526932079997
0.3268533902680544
0.32685331551016994
0.32685331551016994
0.32685276796588414
0.3268526932079997
0.32685331551016994
0.32685331551016994
0.32685331551016994
0.32685331551016994
0.32685331551016994
0.3268533902680544
0.3268526932079997
0.3268533902680544
0.32685276796588414
0.3268533902680544
0.366800732459634
0.32685331551016994
0.32685331551016994
0.32685331551016994
0.32685276796588414
0.32685331551016994
0.3268533902680544
0.32685331551016994
0.3268526932079997
0.3268526932079997
0.3268526932079997
0.3268533902680544
0.3268526932079997
0.32685331551016994
0.32685276796588414
0.32685276796588414
0.32685276796588414
0.32685331551016994
0.32685331551016994
0.3268533902680544
0.3268526932079997
0.32685331551016994
0.3268709475934026
0.32685331551016994
0.32685331551016994
0.32685331551016994
0.32685331551016994
0.3268526932079997
0.32685331551016994
0.32685331551016994
0.32685331551016994
0.3268526932079997
0.32685276796588414
0.3268533902680544
0.32685331551016994
0.3268526932079997
0.32685331551016994
0.3268780111096826
0.3268526932079997
0.3471107372424984
0.3268773888075124
0.32685331551016994
0.3268526932079997
0.32685331551016994
0.32685331551016994
0.32685276796588414
0.32685331551016994
0.3268526932079997
0.3268533902680544
0.3268533902680544
0.3268526932079997
0.32685331551016994
0.32685276796588414
0.3268526932079997
0.32685331551016994
0.32685331551016994
0.32685331551016994
0.32685331551016994
0.3268533902680544
0.3268526932079997
0.32685331551016994
0.3268533902680544
0.32687808586756706
0.32685331551016994
0.32685276796588414
0.3268533902680544
0.32685331551016994
0.3268773888075124
0.3268533902680544
0.3268526932079997
0.32685331551016994
0.32685331551016994
0.3268533902680544
0.32685331551016994
0.32685331551016994
0.3268526932079997
0.32685331551016994
0.3268533902680544
0.3268780111096826
0.3268526932079997
0.3268533902680544
0.3268526932079997
0.32685331551016994
0.3268533902680544
0.32685331551016994
0.32685276796588414
0.32685331551016994
0.32685331551016994
0.3268533902680544
0.32685331551016994
0.3268526932079997
0.32685331551016994
0.35472349874386466
0.3268526932079997
0.5668306098571383
0.32685331551016994
0.32685331551016994
0.32685276796588414
0.3268526932079997
0.3268526932079997
0.3268526932079997
0.32685331551016994
0.32685276796588414
0.32685331551016994
0.3268533902680544
0.32685331551016994
0.32685331551016994
0.3268526932079997
0.3268526932079997
0.32685276796588414
0.32685331551016994
0.3268533902680544
0.32685331551016994
0.32685331551016994
0.32685331551016994
0.3268533902680544
0.3268526932079997
0.32685331551016994
0.42498730568526305
0.3268526932079997
0.3268526932079997
0.3268526932079997
0.3268533902680544
0.32685331551016994
0.32685331551016994
0.32685276796588414
0.32685276796588414
0.3268780111096826
0.32685331551016994
0.32685276796588414
0.3268533902680544
0.3268533902680544
0.3268533902680544
0.32685331551016994
0.32685331551016994
0.32685331551016994
0.3268533902680544
0.3268533902680544
0.32685331551016994
0.32685331551016994
0.32685331551016994
0.32685331551016994
0.3268526932079997
0.3268533902680544
0.5239048928593155
0.3268773888075124
0.553492285786112
0.32685276796588414
0.3268533902680544
0.32685276796588414
0.32685331551016994
0.32685331551016994
0.3268526932079997
0.3268526932079997
0.32685331551016994
0.32685331551016994
0.3268526932079997
0.32685276796588414
0.32685331551016994
0.3268533902680544
0.32685276796588414
0.3268526932079997
0.32685331551016994
0.32685331551016994
0.3268526932079997
0.32685331551016994
0.32685331551016994
0.3268526932079997
0.3268526932079997
0.32685331551016994
0.32685276796588414
0.3268526932079997
0.3268526932079997
0.32685331551016994
0.32685331551016994
0.32685331551016994
0.32685331551016994
0.32685331551016994
0.3268526932079997
0.3268526932079997
0.3268780111096826
0.32685331551016994
0.3268533902680544
0.32685331551016994
0.32685331551016994
0.3268526932079997
0.3268526932079997
0.3268526932079997
0.3268533902680544
0.3268533902680544
0.3268526932079997
0.32685331551016994
0.32685331551016994
0.3268526932079997
0.32685331551016994
0.3268526932079997
0.33853816948181015
0.3268533902680544
0.3268533902680544
0.3268533902680544
0.3268533902680544
0.3268526932079997
0.3268526932079997
0.32685331551016994
0.32685331551016994
0.3269362085742133
0.3268526932079997
0.32685331551016994
0.32685331551016994
0.32685331551016994
0.32685331551016994
0.32685331551016994
0.3268533902680544
0.3268526932079997
0.3268526932079997
0.32685331551016994
0.32685331551016994
0.32685331551016994
0.32685331551016994
0.3268533902680544
0.32685331551016994
0.32685331551016994
0.32685331551016994
0.32685331551016994
0.32685331551016994
0.32685331551016994
0.3268533902680544
0.3268533902680544
0.32685331551016994
0.3268526932079997
0.326935586272043
0.3268533902680544
0.32685276796588414
0.3268533902680544
0.32685331551016994
0.3268533902680544
0.32685331551016994
0.32685331551016994
0.32685331551016994
0.3268526932079997
0.3268526932079997
0.3268533902680544
0.32685276796588414
0.32685331551016994
0.3268533902680544
0.32685331551016994
0.3547235735017491
0.32685331551016994
0.32685331551016994
0.3268526932079997
0.3268533902680544
0.32685331551016994
0.3268526932079997
0.32685331551016994
0.32685331551016994
0.3268526932079997
0.3268533902680544
0.3297915006803177
0.32685331551016994
0.3268526932079997
0.32685331551016994
0.32685331551016994
0.33853816948181015
0.32685331551016994
0.3268533902680544
0.3268533902680544
0.3268526932079997
0.32685331551016994
0.3268526932079997
0.3268533902680544
0.3268533902680544
0.3268526932079997
0.32685331551016994
0.32685331551016994
0.32685276796588414
0.3268533902680544
0.3268533902680544
1.4414501097169305
0.3268533902680544
0.3268533902680544
0.3268533902680544
0.32685276796588414
0.3268526932079997
0.32685331551016994
0.32685331551016994
0.3268526932079997
0.3268533902680544
0.32685331551016994
0.3268780111096826
0.3268533902680544
0.3268533902680544
0.32685331551016994
0.32685331551016994
0.3268526932079997
0.32685276796588414
0.32685331551016994
0.32685276796588414
0.32685331551016994
0.32685331551016994
0.32685331551016994
0.3268533902680544
0.32685331551016994
0.3268533902680544
0.32685331551016994
0.32685331551016994
0.32685331551016994
0.32685331551016994
0.32685331551016994
0.3268526932079997
0.3268526932079997
0.3268533902680544
0.3268526932079997
0.3268533902680544
0.3268526932079997
0.32685276796588414
0.5668306098571383
0.3268526932079997
0.3268533902680544
0.32687808586756706
0.32691096543041476
0.32685331551016994
0.32685331551016994
0.32685331551016994
0.32685331551016994
0.32685331551016994
0.32685331551016994
0.3268533902680544
0.3268526932079997
0.32685331551016994
0.32685331551016994
0.32685331551016994
0.32685331551016994
0.32685276796588414
0.32685331551016994
0.32685331551016994
0.32687808586756706
0.32685331551016994
0.32685331551016994
0.32685331551016994
0.3268533902680544
0.3268533902680544
0.32685276796588414
0.32685331551016994
0.32685331551016994
0.32685331551016994
0.32685331551016994
0.32685331551016994
0.3268526932079997
0.32685331551016994
0.3268526932079997
0.32685331551016994
0.32685331551016994
0.32685331551016994
0.32685331551016994
0.32685331551016994
0.3268526932079997
0.3268526932079997
0.3268526932079997
0.32685276796588414
0.32685331551016994
0.32685331551016994
0.32685331551016994
0.3268526932079997
0.3268533902680544
0.32693628333209773
0.3268533902680544
0.3268526932079997
0.3268533902680544
0.3268780111096826
0.32685331551016994
0.32685331551016994
0.3268533902680544
0.32685331551016994
0.32685331551016994
0.3268533902680544
0.3268533902680544
0.32685331551016994
0.32685331551016994
0.32685276796588414
0.32687808586756706
0.32685331551016994
0.32685331551016994
0.32685331551016994
0.3268533902680544
0.3268526932079997
0.3268773888075124
0.32685331551016994
0.32685331551016994
0.32685331551016994
0.32685276796588414
0.32685331551016994
0.32685331551016994
0.32685331551016994
0.3268709475934026
0.32685331551016994
0.32685331551016994
0.3268533902680544
1.4414395809566978
0.32685331551016994
0.3268526932079997
0.32741374717266536
0.3268526932079997
0.32685331551016994
0.32685331551016994
0.32685331551016994
0.3268526932079997
0.3268533902680544
0.3268533902680544
0.3268533902680544
0.32685331551016994
0.3268533902680544
0.32685331551016994
0.3268526932079997
0.32685331551016994
0.3268533902680544
0.32685331551016994
0.32685331551016994
0.32685276796588414
0.32685276796588414
0.3268533902680544
0.32685331551016994
0.32685331551016994
0.3268533902680544
0.32685331551016994
0.32685331551016994
0.32685331551016994
0.32685331551016994
0.3268780111096826
0.32685331551016994
0.32685331551016994
0.32685276796588414
0.32685331551016994
0.32685331551016994
0.32685331551016994
0.3268526932079997
0.32685276796588414
