0.3271599523570031
0.3271599523570031
0.3271599523570031
0.327161369029449
0.3271593300548329
0.3271599523570031
0.3309653788112018
0.327161369029449
0.32718606462896166
0.3271599523570031
0.3271854423267914
0.3596407492951629
0.327161369029449
0.327161369029449
0.3271592414733713
0.3271593300548329
0.32716074672727874
0.3271593300548329
0.3271599523570031
0.327161369029449
0.32716074672727874
0.327161369029449
0.6891035480171892
0.3271593300548329
0.32716074672727874
0.327161369029449
0.32983214081950013
0.3271599523570031
0.3271782219755371
0.3271599523570031
0.32717618300092105
0.3271593300548329
0.3271593300548329
0.3309653788112018
0.3271593300548329
1.7842695759425302
0.327161369029449
0.329773868597085
0.3271592414733713
0.3271593300548329
0.3271593300548329
0.9880468385571193
0.3839086241079846
0.3271599523570031
0.32716074672727874
0.3271599523570031
0.32716074672727874
0.3271599523570031
0.3271593300548329
0.3271599523570031
0.3271593300548329
0.327161369029449
0.3271599523570031
0.3271599523570031
0.3271599523570031
0.327161369029449
0.3271599523570031
0.3271599523570031
0.327161369029449
0.32716074672727874
0.3271599523570031
0.3271599523570031
0.3271593300548329
0.331199381792903
0.32772034843112785
0.327161369029449
0.35157278527322056
0.3271599523570031
0.32716003584364683
0.3271593300548329
0.3271599523570031
0.3271599523570031
0.7279173998412952
1.6422485458780254
0.3312007984653488
0.3312007984653488
0.3271593300548329
0.3271593300548329
0.3271599523570031
0.3271782219755371
0.3271599523570031
0.3271599523570031
0.3271782219755371
0.3271606581458171
0.3271599523570031
0.327161369029449
0.6891282436167019
0.3271593300548329
0.3271599523570031
0.3271599523570031
0.3271599523570031
0.327161369029449
0.32716074672727874
0.7279010936784176
0.3271599523570031
1.6201714162358731
0.327161369029449
0.42526854046059287
1.6201710342351152
0.3271599523570031
0.3450422467134526
0.327161369029449
0.32716074672727874
0.3271599523570031
0.327161369029449
0.3271599523570031
0.32716074672727874
0.32771893175868205
0.3271599523570031
0.3271599523570031
0.5298410308446575
0.5297342864976313
0.3271599523570031
0.32977394335496946
0.327161369029449
0.32716074672727874
0.3271593300548329
0.327161369029449
0.327161369029449
0.327161369029449
0.3271599523570031
0.3271599523570031
0.327161369029449
0.3271593300548329
0.3271593300548329
0.3311907874615508
0.3271593300548329
0.3271593300548329
0.3271599523570031
0.3271599523570031
0.3596407492951629
0.3271593300548329
0.329773868597085
0.327161369029449
0.6891028371335574
0.3271768053030913
0.3271599523570031
0.327161369029449
0.32716003584364683
0.327161369029449
0.3450416244112824
0.5298410308446575
0.327161369029449
0.3271599523570031
0.3271606581458171
0.38197340787711287
0.3271599523570031
0.3271593300548329
0.3271599523570031
0.327161369029449
0.327161369029449
0.3271593300548329
0.3271593300548329
0.3271599523570031
0.3271599523570031
0.3271593300548329
0.327161369029449
0.327161369029449
0.35033305197023223
0.32716074672727874
0.327161369029449
0.3271599523570031
1.642238028774821
0.3271599523570031
0.3271854423267914
0.3271599523570031
0.3271599523570031
0.3271599523570031
0.32716074672727874
0.3271599523570031
0.3271593300548329
0.32839915238060635
0.3271593300548329
1.6201819594380982
0.3271599523570031
0.3271593300548329
0.3271599523570031
0.3271599523570031
0.3271768053030913
0.3271782219755371
0.327161369029449
0.3271599523570031
0.32716074672727874
0.3638159966607196
0.3271599523570031
0.3596407492951629
1.6429270453686924
0.32983214081950013
0.3271599523570031
0.327161369029449
0.3271593300548329
0.32716074672727874
0.327161369029449
0.3271768053030913
0.327161369029449
0.3283999467508819
0.3271599523570031
0.32760451351464015
0.3271599523570031
0.32716074672727874
0.3271593300548329
0.32716074672727874
0.327605930187086
0.3271593300548329
0.3271599523570031
0.3271599523570031
0.3271599523570031
0.3271599523570031
0.3271599523570031
0.327161369029449
0.3271599523570031
0.32716074672727874
0.32716074672727874
0.32716074672727874
0.3271768053030913
0.327161369029449
0.32716074672727874
0.3271599523570031
0.32718606462896166
0.32716074672727874
0.3271599523570031
0.327161369029449
0.32716074672727874
0.327161369029449
0.3271782219755371
0.3271606581458171
0.3638175244521876
0.3271768053030913
0.3271599523570031
0.3271599523570031
0.327161369029449
0.327161369029449
0.327161369029449
0.32716074672727874
0.32716074672727874
0.3271599523570031
0.3271599523570031
0.327161369029449
0.3271599523570031
0.327161369029449
0.35157278527322056
0.3271606581458171
0.32716074672727874
0.32716074672727874
0.3271593300548329
0.3271593300548329
0.3271606581458171
0.3271599523570031
0.327161369029449
0.327161369029449
0.3271599523570031
0.3271599523570031
0.327161369029449
0.35213255904517504
0.3271599523570031
0.3271593300548329
0.327161369029449
0.327161369029449
0.327161369029449
0.327161369029449
0.32716074672727874
0.3271599523570031
0.327161369029449
0.3271599523570031
0.327161369029449
0.32716074672727874
0.3271599523570031
0.3271593300548329
0.3515749128292982
0.3271599523570031
0.327161369029449
0.32716074672727874
0.3271599523570031
0.3271599523570031
0.327161369029449
0.9880979678644201
0.3271599523570031
0.32716074672727874
0.327161369029449
0.3271599523570031
0.3271599523570031
0.32716074672727874
0.3596394161093607
0.3271592414733713
0.3271599523570031
0.34560264278757735
0.3638180356353357
0.3271599523570031
0.327161369029449
0.3271599523570031
0.3271599523570031
0.3515734961568524
0.3271593300548329
0.3271599523570031
0.3271599523570031
0.3271599523570031
0.3271593300548329
0.3271599523570031
0.32716074672727874
0.3271599523570031
0.327161369029449
0.35157278527322056
0.3271593300548329
0.327161369029449
0.3271599523570031
0.327161369029449
0.3271768053030913
0.3271593300548329
0.3271592414733713
0.3271599523570031
0.3271599523570031
0.3276065524892562
0.327161369029449
0.3271599523570031
0.3271593300548329
0.3271599523570031
0.3271599523570031
0.32716074672727874
0.327161369029449
0.327161369029449
0.3271599523570031
0.3271599523570031
0.3271599523570031
0.3271593300548329
0.3271599523570031
0.32717751109190524
0.3297733210527992
0.3271593300548329
0.32983214081950013
0.32718464795651586
0.32716074672727874
0.32716074672727874
0.327161369029449
0.327161369029449
0.327161369029449
0.3271592414733713
0.327161369029449
0.9880732722649073
0.327161369029449
0.3271606581458171
0.32716074672727874
0.327605930187086
0.32716074672727874
0.32716074672727874
0.32715861917120104
0.3271599523570031
0.3271593300548329
0.3271593300548329
0.327161369029449
0.327161369029449
0.327161369029449
0.3271599523570031
0.3271593300548329
0.3271593300548329
0.3271606581458171
0.327161369029449
0.3271599523570031
0.3271593300548329
0.327161369029449
0.3271599523570031
0.3271599523570031
0.32716074672727874
0.3271599523570031
0.32983214081950013
0.3271593300548329
0.327161369029449
0.3271593300548329
0.327161369029449
0.3271593300548329
0.32716074672727874
0.3271599523570031
0.3271782219755371
0.3271593300548329
0.3450422467134526
0.32716074672727874
0.327161369029449
0.32716074672727874
0.327161369029449
0.327161369029449
0.3271782219755371
0.32716074672727874
0.3271599523570031
0.32840056905305215
0.32772034843112785
0.3271599523570031
0.32716074672727874
0.3271599523570031
0.327161369029449
0.3271599523570031
0.32716074672727874
0.32716003584364683
0.327161369029449
0.327161369029449
0.3271599523570031
0.3271593300548329
0.3271606581458171
0.327161369029449
0.3271599523570031
0.3271599523570031
0.3271599523570031
0.9880468385571193
0.3271599523570031
0.6892136852042691
0.327161369029449
0.3271599523570031
0.327161369029449
0.327161369029449
0.32716074672727874
0.3271599523570031
1.620475247481587
0.327161369029449
0.32716074672727874
0.327161369029449
0.3271599523570031
0.7419520166049205
0.3271593300548329
1.6201823675378768
0.3271599523570031
0.3271599523570031
0.3271593300548329
0.327161369029449
0.3271599523570031
0.32716074672727874
0.3271599523570031
0.32716074672727874
0.35157420194566635
0.3271599523570031
0.3271593300548329
0.327161369029449
0.32760451351464015
0.327161369029449
0.3271599523570031
0.32716074672727874
0.3271593300548329
0.3271593300548329
0.32716003584364683
0.35964012699299264
0.3271593300548329
0.6891035480171892
0.3271593300548329
0.3271599523570031
0.327161369029449
0.7279017068055947
0.3271599523570031
0.3271840256543456
0.3271599523570031
0.3271593300548329
0.3271599523570031
0.9880468385571193
0.32716074672727874
0.45056008193646035
0.3271592414733713
0.3271782219755371
0.3271599523570031
0.327161369029449
0.3271599523570031
0.3271593300548329
1.6201819594380982
0.3271599523570031
0.3271593300548329
0.327161369029449
0.3596407492951629
0.3271593300548329
0.3271599523570031
0.3271599523570031
0.3271593300548329
0.3271840256543456
0.327161369029449
0.3271593300548329
0.3271599523570031
0.3271599523570031
0.36008389378035405
0.327161369029449
0.3271592414733713
0.3271599523570031
0.3271599523570031
0.3271593300548329
0.32717759967336685
0.327161369029449
0.3271599523570031
0.3819748245495587
0.9880468385571193
0.3271599523570031
0.3271599523570031
0.32716074672727874
0.32716074672727874
0.3271599523570031
0.3271599523570031
0.327161369029449
0.3271599523570031
0.3271599523570031
0.3271592414733713
0.3271599523570031
1.6201819855371187
0.327161369029449
0.327161369029449
0.3271599523570031
0.327161369029449
0.3271599523570031
0.3271599523570031
0.3271599523570031
0.3271593300548329
0.327161369029449
0.3271599523570031
0.327161369029449
0.3271599523570031
0.5298409560867731
0.327161369029449
0.327161369029449
0.327161369029449
0.327161369029449
0.3271599523570031
0.32716074672727874
0.3271592414733713
0.3271599523570031
0.327161369029449
0.3271593300548329
0.32716074672727874
0.327161369029449
0.3271599523570031
0.327161369029449
0.3271593300548329
0.3596387103205468
0.3271593300548329
0.3271599523570031
0.327161369029449
0.3271593300548329
0.32716074672727874
0.327161369029449
0.32717759967336685
0.3271593300548329
0.3271593300548329
0.4252646091167098
0.32760451351464015
0.32718464795651586
0.3271593300548329
0.327161369029449
0.3271599523570031
0.327161369029449
0.3596407492951629
0.3271593300548329
0.327161369029449
0.327161369029449
0.3271593300548329
0.3271599523570031
0.351574290527128
0.3271599523570031
0.327161369029449
0.327161369029449
0.327161369029449
0.9880456174172543
0.3271599523570031
0.3271599523570031
0.3271599523570031
0.327161369029449
0.33039319478416584
0.3271599523570031
0.327161369029449
0.3271599523570031
0.3271599523570031
0.3271593300548329
0.3271593300548329
0.3271599523570031
0.3309667954836476
0.327161369029449
0.7546735094776917
0.327161369029449
0.3271599523570031
0.3271599523570031
0.327161369029449
0.3271768053030913
0.5297342864976313
0.3271599523570031
0.3271599523570031
0.3271593300548329
0.3271593300548329
0.3596407492951629
0.327161369029449
0.32716074672727874
0.327161369029449
0.327161369029449
0.32716074672727874
0.3297733210527992
0.3271593300548329
0.3271768053030913
0.3271599523570031
0.3271840256543456
0.3271599523570031
0.32840056905305215
0.3271599523570031
0.3271599523570031
0.3271599523570031
0.3731719817886322
0.6861664069421173
0.3271592414733713
0.32716074672727874
0.327161369029449
0.35157287385468217
0.3271599523570031
0.3271599523570031
0.3271593300548329
0.3271599523570031
0.3271593300548329
0.3271599523570031
0.327161369029449
0.3271599523570031
0.6891621218045748
0.327161369029449
0.3271593300548329
0.3271599523570031
0.32716074672727874
0.3271599523570031
1.6201819855371187
0.3271593300548329
0.3271599523570031
0.327161369029449
0.327161369029449
0.3271599523570031
0.32977394335496946
0.3271599523570031
0.3303349973196351
0.3271599523570031
0.3450416244112824
0.3271593300548329
0.3271599523570031
0.327161369029449
0.3271599523570031
0.35554271212376476
0.3271599523570031
0.45056008193646035
0.3271593300548329
0.327161369029449
0.3271599523570031
0.327161369029449
0.327161369029449
0.6892136852042691
0.3271599523570031
0.327161369029449
0.327161369029449
0.3271599523570031
0.327161369029449
0.6891035480171892
0.3271593300548329
0.3271593300548329
0.327161369029449
0.3271592414733713
0.327161369029449
0.327161369029449
0.3271593300548329
0.3271593300548329
0.327161369029449
0.3271593300548329
0.3271599523570031
0.327161369029449
0.3271599523570031
0.3450430410837282
0.34560130960177515
0.7279023148182826
0.3271599523570031
0.32716074672727874
0.3271593300548329
0.3271599523570031
0.327161369029449
0.32716074672727874
0.32716074672727874
0.327161369029449
0.35157420194566635
0.327161369029449
0.3271599523570031
0.327161369029449
0.3271593300548329
0.3271599523570031
0.32716074672727874
0.3271599523570031
0.3271599523570031
0.3271599523570031
0.3271593300548329
0.32716074672727874
0.327161369029449
0.327161369029449
0.327161369029449
1.6422489800768245
0.3271593300548329
0.3271599523570031
0.6891035480171892
0.3271768053030913
0.3271782219755371
0.3271599523570031
0.3271599523570031
0.3271593300548329
1.6201823936368973
0.3271599523570031
0.3271599523570031
0.3271599523570031
1.6201823936368973
0.32716074672727874
0.3271599523570031
0.3271593300548329
0.327161369029449
0.32715861917120104
0.3271768053030913
0.3271599523570031
0.3271782219755371
0.3271599523570031
0.327161369029449
0.32977394335496946
0.3271606581458171
0.3271768053030913
0.32983214081950013
0.32715861917120104
0.327161369029449
0.35033305197023223
0.3271599523570031
0.3271593300548329
0.3271599523570031
0.327161369029449
0.32716074672727874
0.327161369029449
0.32839915238060635
0.3271599523570031
1.6201714423348939
0.3271593300548329
0.3271599523570031
0.327161369029449
0.32716074672727874
0.327161369029449
0.34548691392170666
0.3271599523570031
0.327161369029449
0.3271599523570031
0.3450422467134526
0.327161369029449
0.327161369029449
0.3271599523570031
0.3271599523570031
0.32716074672727874
0.3271593300548329
0.32717759967336685
0.3271599523570031
0.3271606581458171
0.6891282436167019
0.3271840256543456
0.327161369029449
0.3271593300548329
0.32716074672727874
0.3271840256543456
0.32716074672727874
1.642248571977046
0.32716074672727874
0.327161369029449
0.3271593300548329
0.32716003584364683
0.32716074672727874
0.3271593300548329
0.327161369029449
0.327161369029449
0.327161369029449
0.3271599523570031
0.32717759967336685
0.3271599523570031
0.327161369029449
0.327161369029449
0.34560264278757735
0.3271599523570031
0.3271782219755371
0.327161369029449
0.3271599523570031
0.32716074672727874
0.3271593300548329
0.3271593300548329
0.6891035480171892
0.3271599523570031
0.3271593300548329
0.3819748245495587
0.3271599523570031
0.327605930187086
0.3271599523570031
0.32716074672727874
0.3271599523570031
1.6201714423348939
0.327161369029449
0.327161369029449
0.327161369029449
0.3271593300548329
0.327161369029449
1.6201710081360945
0.3271599523570031
0.3311907874615508
0.327161369029449
0.32716074672727874
0.3271599523570031
0.3271599523570031
0.32716074672727874
0.32718464795651586
0.3271599523570031
0.3271599523570031
0.32760451351464015
0.3450422467134526
0.327161369029449
0.3271599523570031
0.5298410308446575
0.33122336650878376
0.327161369029449
0.32716074672727874
0.327161369029449
0.32716074672727874
0.3271593300548329
0.3271593300548329
0.327161369029449
0.3271593300548329
0.3271593300548329
0.3271592414733713
0.3271593300548329
0.327161369029449
0.3271593300548329
0.3271599523570031
0.35964012699299264
0.3271599523570031
0.3271593300548329
0.3271599523570031
0.3450436633858984
0.3271599523570031
0.3271593300548329
0.3271606581458171
0.3271599523570031
0.3271599523570031
0.6891621218045748
0.327161369029449
0.3271599523570031
0.3271599523570031
0.327161369029449
1.642237594576022
0.3271593300548329
0.3271593300548329
0.3456012261151315
0.3309753898149998
1.6201710081360945
0.327161369029449
0.3271599523570031
0.327161369029449
0.3271599523570031
0.32716074672727874
0.327161369029449
0.327161369029449
0.32716074672727874
0.3271599523570031
0.3271599523570031
0.3271593300548329
0.3271593300548329
0.327161369029449
0.3271599523570031
0.3271599523570031
0.327161369029449
0.3460465156255558
0.6891621218045748
1.6201823675378768
0.3271593300548329
0.327161369029449
0.32716074672727874
0.327161369029449
0.3271599523570031
0.3271599523570031
0.33035200710069756
0.3271599523570031
0.33122336650878376
0.32716074672727874
0.3271593300548329
0.327161369029449
0.32760451351464015
0.32716074672727874
0.3271599523570031
0.3271599523570031
0.3271599523570031
0.3596386217390852
0.3271599523570031
0.32716074672727874
0.3312000875817169
0.3271593300548329
0.327161369029449
0.32716003584364683
0.327161369029449
0.327161369029449
0.3271593300548329
1.26060037105074
0.3271599523570031
0.3450422467134526
0.327161369029449
0.3271599523570031
0.3271592414733713
0.6891035480171892
0.3271592414733713
0.3271593300548329
0.3271599523570031
0.3271599523570031
0.3271599523570031
0.327161369029449
0.3271599523570031
0.9880468385571193
0.32716074672727874
0.3271599523570031
0.3271593300548329
0.3271599523570031
0.3271592414733713
0.3271599523570031
0.327161369029449
0.327161369029449
0.3271593300548329
0.3271599523570031
0.3271593300548329
0.32715861917120104
0.327161369029449
0.327161369029449
0.327161369029449
0.3271599523570031
0.32715861917120104
0.6891868174040876
0.741355715473028
0.327161369029449
0.3271593300548329
0.3271599523570031
0.327161369029449
0.3271599523570031
0.3271599523570031
0.35157278527322056
0.3271599523570031
0.3271599523570031
0.3271593300548329
0.327161369029449
0.3271599523570031
0.3271768053030913
0.327161369029449
0.32771972612895767
0.3271599523570031
0.3271593300548329
0.3277183094565118
0.3271599523570031
0.32716074672727874
0.32718464795651586
0.3271599523570031
0.3271606581458171
0.32716074672727874
0.3271599523570031
0.3271599523570031
0.3271599523570031
0.3271599523570031
0.3271599523570031
0.327161369029449
0.327605930187086
0.3276051358168104
0.327161369029449
0.3271599523570031
0.3596387103205468
0.327161369029449
0.3271599523570031
0.3271782219755371
0.3271599523570031
0.327161369029449
0.3298315185173299
0.3515721629710503
0.3271599523570031
0.3309653788112018
0.3271599523570031
0.32716074672727874
0.331199381792903
0.3271599523570031
0.32715861917120104
0.3271592414733713
0.3271599523570031
0.3596393326227171
0.3450436633858984
0.3271593300548329
0.3271599523570031
0.3271599523570031
0.327161369029449
0.3271592414733713
1.6201819855371187
0.327161369029449
0.3271599523570031
0.3271599523570031
0.3271592414733713
0.3271599523570031
0.327161369029449
0.7279023148182826
0.327161369029449
0.327161369029449
0.3271599523570031
0.3271593300548329
0.327161369029449
0.3271593300548329
0.3271599523570031
0.3638180356353357
0.3271599523570031
0.3271599523570031
0.5298112775578556
0.3271599523570031
0.3271593300548329
0.327161369029449
0.3271593300548329
0.3271599523570031
0.3271593300548329
