0.32685331551016994
0.32685331551016994
0.32685331551016994
0.32685331551016994
0.32685331551016994
0.32685331551016994
0.6822758593246794
0.3268533902680544
0.32685331551016994
0.3268526932079997
0.32685331551016994
0.3268526932079997
0.3268526932079997
0.32685331551016994
0.32685331551016994
0.3268533902680544
0.3268533902680544
0.32685331551016994
0.32685331551016994
0.3268780111096826
0.32685276796588414
0.3268533902680544
0.32685331551016994
0.32687102235128707
0.32685331551016994
0.34656709405584973
0.32685331551016994
0.3268526932079997
0.32685331551016994
0.3268533902680544
0.32685331551016994
0.32685331551016994
0.3268526932079997
0.3268526932079997
0.32685331551016994
0.32685331551016994
0.3268533902680544
0.32685331551016994
0.3268526932079997
0.32685331551016994
0.32685331551016994
0.3268533902680544
0.3268526932079997
0.3268533902680544
0.32685331551016994
0.32685276796588414
0.3268526932079997
0.32685276796588414
0.3268533902680544
0.32685331551016994
0.3278401803164842
0.3268526932079997
0.3268780111096826
0.3292494673443662
0.32691151297470056
0.3268533902680544
0.32685276796588414
0.32685331551016994
0.32685331551016994
0.3268533902680544
0.3268533902680544
0.3278401803164842
0.3268780111096826
0.32685331551016994
0.3268533902680544
0.32685331551016994
0.3268526932079997
0.3268533902680544
0.32685331551016994
0.32685276796588414
0.32685331551016994
0.3268533902680544
0.32685276796588414
0.3268526932079997
0.32685276796588414
0.3268526932079997
0.3268526932079997
0.32685331551016994
0.32685331551016994
0.3268526932079997
0.32685331551016994
0.32685276796588414
0.32685331551016994
0.32685331551016994
0.32687102235128707
0.32685331551016994
0.3268526932079997
0.3268533902680544
0.3268526932079997
0.3268773888075124
0.3268533902680544
0.32685331551016994
0.3268526932079997
0.3268533902680544
0.3268526932079997
0.32685276796588414
0.32685331551016994
0.32685331551016994
0.32685331551016994
0.32685331551016994
0.3278408773765389
0.32685331551016994
0.32685331551016994
0.32685276796588414
0.3268533902680544
0.32685331551016994
0.3268533902680544
0.32839844149697445
0.4556679357818114
0.32685331551016994
0.3268533902680544
0.32685331551016994
0.3268533902680544
0.32685331551016994
0.5668554230048553
0.3268526932079997
0.3268526932079997
0.3268526932079997
0.3268533902680544
0.3268526932079997
0.3268526932079997
0.32685331551016994
0.3268533902680544
0.32685276796588414
0.32685331551016994
0.32685331551016994
0.32685331551016994
0.32685331551016994
0.3385375471796399
0.3268526932079997
0.32685331551016994
0.32687808586756706
0.35472349874386466
0.3268526932079997
0.32685331551016994
0.3381293575620853
0.3268526932079997
0.3547235735017491
0.3268533902680544
0.3268773888075124
0.3268780111096826
0.3268526932079997
0.32685331551016994
1.4414505322587012
0.3268533902680544
0.32685331551016994
0.32685331551016994
0.32685331551016994
0.32685331551016994
0.32685331551016994
0.32685331551016994
0.3268533902680544
0.32685331551016994
0.32685331551016994
0.3268533902680544
0.32784080261865445
0.3268533902680544
0.3268526932079997
0.3268526932079997
0.32685331551016994
0.32685331551016994
0.3268533902680544
0.3667754145579511
0.32685331551016994
0.3268526932079997
0.3268526932079997
0.32685331551016994
0.3268533902680544
0.32685331551016994
0.32685331551016994
0.32685331551016994
0.32685276796588414
0.3268526932079997
0.32685331551016994
0.32685331551016994
0.3268533902680544
0.32685331551016994
0.3268526932079997
0.3268526932079997
0.3268533902680544
0.32685331551016994
0.32685331551016994
0.32685331551016994
0.32685331551016994
0.32685331551016994
0.3268526932079997
0.32685331551016994
0.3268526932079997
0.3268526932079997
0.3268533902680544
0.3268533902680544
0.3667761116180057
0.32685331551016994
0.3268526932079997
0.32685331551016994
0.3268526932079997
0.3268526932079997
0.3268526932079997
0.32685331551016994
0.32685331551016994
0.3667761116180057
0.3268526932079997
0.32685331551016994
0.32685331551016994
0.32685331551016994
0.32685331551016994
0.3274143694748356
0.3268526932079997
0.3268533902680544
0.3269362085742133
0.32685331551016994
0.3381293575620853
0.32685331551016994
0.3268526932079997
0.32685331551016994
0.32685331551016994
0.32685276796588414
0.32685276796588414
0.3268526932079997
0.32687808586756706
0.32685331551016994
0.3297733210527992
0.32685331551016994
0.3268526932079997
0.32685276796588414
0.32685331551016994
0.32685331551016994
0.3268526932079997
0.32685331551016994
0.3268526932079997
0.8912240674011968
0.32685331551016994
0.32685331551016994
0.3268526932079997
0.32685331551016994
0.32685331551016994
0.3268526932079997
0.32685331551016994
0.32685331551016994
0.32685276796588414
0.32685331551016994
0.32687808586756706
0.3268780111096826
0.32685276796588414
0.32685331551016994
0.3268526932079997
0.32685331551016994
0.32685331551016994
0.32685276796588414
0.3268526932079997
0.32685331551016994
0.3268533902680544
0.32685276796588414
0.32685331551016994
0.32685331551016994
0.3268526932079997
0.32685276796588414
0.32685331551016994
0.3268526932079997
0.3268526932079997
0.32685331551016994
0.32685331551016994
0.32685331551016994
0.32685276796588414
0.3268780111096826
0.3268780111096826
0.32685331551016994
0.3268526932079997
0.3268526932079997
0.3268533902680544
0.32685331551016994
0.3268533902680544
0.32685331551016994
0.32685276796588414
0.32685331551016994
0.32685331551016994
0.3268526932079997
0.32685331551016994
0.32685276796588414
0.32685331551016994
0.32685276796588414
0.3268533902680544
0.3268533902680544
0.32685331551016994
0.32685331551016994
0.32685276796588414
0.3268533902680544
0.32685331551016994
0.32685331551016994
0.3268526932079997
0.3268526932079997
0.32685276796588414
0.3268526932079997
0.32685331551016994
0.3268526932079997
0.3268526932079997
0.3268526932079997
0.3268526932079997
0.3268533902680544
0.3268526932079997
0.3268773888075124
0.3268526932079997
0.3268774635653968
0.3268533902680544
0.3268709475934026
0.3268533902680544
0.3268526932079997
0.3268526932079997
0.3268526932079997
0.3268533902680544
0.338130647882378
0.32685331551016994
0.3268526932079997
0.3268533902680544
0.35472295119957886
0.3268526932079997
0.329773868597085
0.32685331551016994
0.32685276796588414
0.5668283563853936
0.3268533902680544
0.32685331551016994
0.3268533902680544
0.32685331551016994
0.32685331551016994
0.3268526932079997
0.32685276796588414
0.32685331551016994
0.3268533902680544
0.3268533902680544
0.32685331551016994
0.3268526932079997
0.3268533902680544
0.32685276796588414
0.32979087837814747
0.32685331551016994
0.3268526932079997
0.32685276796588414
0.32685331551016994
0.3268533902680544
0.3268526932079997
0.3268533902680544
0.3268533902680544
0.32685331551016994
0.3268709475934026
0.3268526932079997
0.32685331551016994
0.3268526932079997
0.32685276796588414
0.32685331551016994
0.3268526932079997
0.32685276796588414
0.32685331551016994
0.32685331551016994
0.3268526932079997
0.32685331551016994
0.3268533902680544
0.3268533902680544
0.32685331551016994
0.3268533902680544
0.32685331551016994
0.32685331551016994
0.32685331551016994
0.3268533902680544
0.3268533902680544
0.32685276796588414
0.32685276796588414
0.3385375471796399
0.32685276796588414
0.32685331551016994
0.32685331551016994
0.3268533902680544
0.3268526932079997
0.32685331551016994
0.523874435592361
0.32685331551016994
0.32685276796588414
0.32685276796588414
0.3268526932079997
0.32685331551016994
0.35472295119957886
0.3268533902680544
0.3268526932079997
0.3292246969869691
0.3268533902680544
0.32685331551016994
0.32685331551016994
0.32685331551016994
0.32685331551016994
0.3268526932079997
0.3268773888075124
0.32685331551016994
0.32685331551016994
0.32685331551016994
0.3268533902680544
0.3268533902680544
0.3268533902680544
0.3268526932079997
0.32685331551016994
0.32685276796588414
0.32685276796588414
0.32685331551016994
0.3268533902680544
0.3268526932079997
0.3268526932079997
0.32685331551016994
0.32685276796588414
0.3268526932079997
0.3268533902680544
0.32685331551016994
0.3268709475934026
0.32685276796588414
0.32685331551016994
0.32685331551016994
0.3268526932079997
0.3268526932079997
0.32685276796588414
0.3268533902680544
0.32685331551016994
0.32685331551016994
0.3268533902680544
0.3268526932079997
0.32685331551016994
0.3268533902680544
0.3268526932079997
0.3268533902680544
0.3268526932079997
0.32685331551016994
0.32685331551016994
0.32685331551016994
0.32685331551016994
0.32687102235128707
0.326935586272043
0.3268533902680544
0.3268533902680544
0.3268533902680544
0.32685276796588414
0.32685331551016994
0.32687102235128707
0.3268526932079997
0.33853762193752435
0.32685331551016994
0.32693628333209773
0.3268526932079997
0.32685331551016994
0.3667760368601213
0.32685331551016994
0.32685331551016994
0.3268526932079997
0.32685331551016994
0.35472349874386466
0.3283978191948042
0.3268526932079997
0.3268533902680544
0.3268526932079997
0.32685331551016994
0.3268526932079997
0.32685331551016994
0.32685331551016994
0.5668296562675345
0.32977394335496946
0.5668283563853936
0.32685276796588414
0.32685331551016994
0.32685331551016994
0.32685331551016994
0.3268533902680544
0.32685331551016994
0.3268526932079997
0.32685331551016994
0.32784025507436865
0.326911587732585
0.32685331551016994
0.32685331551016994
0.32685331551016994
0.3268533902680544
0.3268526932079997
0.32685276796588414
0.32685331551016994
0.32685331551016994
0.32685331551016994
0.32685331551016994
0.32685331551016994
0.3268526932079997
0.3268780111096826
0.32685331551016994
0.3268526932079997
0.3268533902680544
0.32685331551016994
0.3268533902680544
0.32685331551016994
0.32784080261865445
0.3268526932079997
0.32685331551016994
0.32685331551016994
0.3285886732442594
0.3268533902680544
0.32685331551016994
0.32685331551016994
0.32685331551016994
0.3268526932079997
0.32685331551016994
0.3268526932079997
0.3268526932079997
0.3268526932079997
0.3268526932079997
0.3268533902680544
0.3268533902680544
0.3268533902680544
0.32685276796588414
0.32685331551016994
0.32685331551016994
0.3268533902680544
0.3268526932079997
0.32685331551016994
0.3268703252912324
0.32685331551016994
0.34711081200038285
0.3268780111096826
0.32685331551016994
0.3268526932079997
0.326911587732585
0.32685331551016994
0.3268526932079997
0.32685331551016994
0.32685276796588414
0.32685331551016994
0.3268533902680544
0.3268533902680544
0.32685276796588414
0.32685331551016994
0.32685331551016994
0.32685276796588414
0.3268533902680544
0.32685331551016994
0.32685331551016994
0.3268533902680544
0.3268526932079997
0.32685331551016994
0.3268526932079997
0.32685331551016994
0.7960346074965317
0.3268526932079997
0.32685331551016994
0.32685331551016994
0.32685331551016994
0.32685331551016994
0.3268526932079997
0.7960593030960443
0.3268533902680544
0.32685331551016994
0.32685331551016994
0.3268533902680544
0.32685331551016994
0.3268526932079997
0.36677548931583553
0.32685331551016994
0.32685276796588414
0.32685331551016994
0.32685331551016994
0.3268533902680544
0.32685331551016994
0.3268526932079997
0.32685331551016994
0.3268526932079997
0.32685331551016994
0.32685331551016994
0.32685331551016994
0.3268533902680544
0.8912319881690218
0.32685331551016994
0.32685331551016994
0.3268533902680544
0.32685331551016994
0.3268526932079997
0.3268533902680544
0.3268526932079997
0.3268533902680544
0.3268533902680544
0.32685331551016994
0.3268526932079997
0.3268533902680544
0.3268526932079997
0.34654968327783275
0.3268780111096826
0.32685331551016994
0.32685276796588414
0.3268526932079997
0.3268526932079997
0.32685276796588414
0.3268533902680544
0.3268533902680544
0.3268533902680544
0.32685331551016994
0.32685331551016994
0.32685276796588414
0.32685331551016994
0.3268533902680544
0.32839844149697445
0.32685331551016994
0.3268533902680544
0.32685331551016994
0.32685331551016994
0.32685331551016994
0.32685331551016994
0.3268526932079997
0.329773868597085
0.32685331551016994
0.32685331551016994
0.3268526932079997
0.3268780111096826
0.3268533902680544
0.32685331551016994
0.3268533902680544
0.32685331551016994
0.3268526932079997
0.32685331551016994
0.32685331551016994
0.32685331551016994
0.3269362085742133
0.32685276796588414
0.34654968327783275
0.32685331551016994
0.32685331551016994
0.3268526932079997
0.32685331551016994
0.3268533902680544
0.3268526932079997
0.32685331551016994
0.32685331551016994
0.32685331551016994
0.3268533902680544
0.3268526932079997
0.32685331551016994
0.32685331551016994
0.32685276796588414
0.3471107372424984
0.32685276796588414
0.3268533902680544
0.32685276796588414
0.32685331551016994
0.32685331551016994
0.32685331551016994
0.32685331551016994
0.32685331551016994
0.3268533902680544
0.523874435592361
0.32685331551016994
0.3268780111096826
0.32685331551016994
0.3268533902680544
0.32685331551016994
0.32685331551016994
0.32685331551016994
0.3268533902680544
0.32685276796588414
0.3268533902680544
0.32687808586756706
0.32685331551016994
0.32685331551016994
0.32685331551016994
0.32685331551016994
0.3268526932079997
0.32685276796588414
0.32685331551016994
0.32685331551016994
0.32685331551016994
0.32685331551016994
0.32685331551016994
0.32685331551016994
0.3268533902680544
0.32685331551016994
0.32685331551016994
0.3268526932079997
0.3382129476861834
0.32685331551016994
0.3268533902680544
0.32685331551016994
0.32685331551016994
0.3268526932079997
0.32685331551016994
0.32685331551016994
0.32784025507436865
0.32685331551016994
0.3268526932079997
0.32685331551016994
0.32685331551016994
0.3381299798642556
0.32685331551016994
0.3268526932079997
0.32685331551016994
0.3268533902680544
0.3268526932079997
0.3268533902680544
0.3268526932079997
0.3268533902680544
0.3268533902680544
0.32685276796588414
0.3268533902680544
0.32685331551016994
0.32685331551016994
0.32685276796588414
0.32685331551016994
0.3268526932079997
0.32685331551016994
0.32685331551016994
0.3268526932079997
0.32685331551016994
0.3268533902680544
0.3268526932079997
0.32685276796588414
0.32685331551016994
0.32685331551016994
0.3268533902680544
0.32685331551016994
0.3268533902680544
0.32685331551016994
0.3268533902680544
0.32685331551016994
0.32685331551016994
0.3268526932079997
0.3268526932079997
0.32685331551016994
0.3268533902680544
0.3268526932079997
0.3268526932079997
0.3268533902680544
0.3268526932079997
0.7960324352958629
0.7960076649384658
0.32685331551016994
0.32685331551016994
0.3268533902680544
0.32685276796588414
0.3268526932079997
0.32685276796588414
0.32685331551016994
0.32685331551016994
0.32685331551016994
0.32685331551016994
0.3268526932079997
0.32685331551016994
0.32685331551016994
0.3268526932079997
0.33853945980210276
0.32685331551016994
0.32685331551016994
0.3268526932079997
0.3268526932079997
0.32685331551016994
0.3268526932079997
0.32977394335496946
0.32685331551016994
0.32685331551016994
0.32685276796588414
0.32685276796588414
0.32685276796588414
0.3268526932079997
0.32685331551016994
0.3268526932079997
0.32685331551016994
0.32685331551016994
0.32685331551016994
0.32685276796588414
0.3268526932079997
0.3268526932079997
0.32685331551016994
0.32685331551016994
0.32685331551016994
0.32685331551016994
0.32685276796588414
0.3268533902680544
0.32685276796588414
0.32685276796588414
0.32685331551016994
0.3268526932079997
0.32685331551016994
0.3268533902680544
0.32685331551016994
0.3268533902680544
0.32685331551016994
0.34711081200038285
0.3268526932079997
0.3268526932079997
0.3268533902680544
0.32685331551016994
0.3268533902680544
0.3268526932079997
0.32685276796588414
0.32685331551016994
0.3268533902680544
0.3268526932079997
0.3268526932079997
0.3268526932079997
0.32685331551016994
0.32685331551016994
0.32685331551016994
0.32685276796588414
0.3268526932079997
0.32685331551016994
0.8912240674011968
0.32685331551016994
0.32685331551016994
0.79605922833816
1.4414414989788782
0.3268526932079997
0.3268533902680544
0.32685276796588414
0.32685276796588414
0.3268533902680544
0.32685276796588414
0.32685331551016994
0.3268526932079997
0.32685331551016994
0.3268780111096826
0.3268526932079997
0.3268533902680544
0.32685331551016994
0.3268533902680544
0.3268533902680544
0.32685331551016994
0.32685331551016994
0.3465845693041081
0.32685331551016994
0.32685331551016994
0.32685276796588414
0.32685276796588414
0.3268526932079997
0.3268526932079997
0.32685331551016994
0.32685331551016994
0.3268526932079997
0.32685331551016994
0.3268526932079997
0.32685331551016994
0.32685331551016994
0.32685331551016994
0.32685331551016994
0.32685331551016994
0.32685276796588414
0.3268526932079997
0.32685331551016994
0.3268533902680544
0.32685276796588414
0.3268526932079997
0.3268533902680544
0.32685331551016994
0.3268526932079997
0.32685331551016994
0.3268780111096826
0.3268526932079997
0.32685331551016994
0.3268526932079997
0.32685331551016994
0.32685331551016994
0.3268533902680544
0.32685331551016994
0.3268526932079997
0.32685331551016994
0.32685331551016994
0.32685331551016994
0.5238745103502453
0.32685331551016994
0.32685331551016994
0.32685331551016994
0.32685331551016994
0.3268526932079997
0.3268533902680544
0.3268526932079997
0.32685331551016994
0.32685331551016994
0.32685331551016994
0.3268703252912324
0.32685276796588414
0.3646409538548768
0.32685331551016994
0.3268780111096826
0.3268526932079997
0.3268533902680544
0.32685331551016994
0.3268533902680544
0.3268526932079997
0.32685331551016994
0.32685331551016994
1.4420487562430702
0.32685331551016994
0.3268526932079997
0.523874435592361
0.8917833985934511
0.32685331551016994
0.32685331551016994
0.3268526932079997
0.3268780111096826
0.32685331551016994
0.3268526932079997
0.32685331551016994
0.32685331551016994
0.32685331551016994
0.3268526932079997
0.3268526932079997
0.32685331551016994
0.32685331551016994
0.32685276796588414
0.3268526932079997
0.3268533902680544
1.4196435739091426
0.5407689514911715
0.32685331551016994
0.3268533902680544
0.3268526932079997
0.32685276796588414
0.32685331551016994
0.32685331551016994
0.32685331551016994
0.34711081200038285
0.32685331551016994
0.32685276796588414
0.3285887480021438
0.32685331551016994
0.32685331551016994
0.3268526932079997
0.3268526932079997
0.3268533902680544
0.32685276796588414
0.3268526932079997
0.3268533902680544
0.3268526932079997
0.32685331551016994
0.3268526932079997
0.32685331551016994
0.34711081200038285
0.32685331551016994
0.3268526932079997
0.326935586272043
0.32685331551016994
0.3268526932079997
0.32685331551016994
0.32685331551016994
0.3268780111096826
0.3268526932079997
0.3268533902680544
0.3268526932079997
0.3268526932079997
0.3268780111096826
0.32685331551016994
0.3547235735017491
0.32685331551016994
0.3268533902680544
0.3268533902680544
0.32685331551016994
0.3547228764416944
0.3268533902680544
0.32685331551016994
0.32685331551016994
0.3268533902680544
0.32685276796588414
0.32685331551016994
0.32685331551016994
0.32685276796588414
0.32685331551016994
0.3268526932079997
0.3268526932079997
0.3268780111096826
0.3268533902680544
0.32685331551016994
0.32685331551016994
0.3268780111096826
0.3268533902680544
0.32685331551016994
0.32685331551016994
0.32685331551016994
0.3278408773765389
0.3268533902680544
0.3268533902680544
0.32685276796588414
0.32685331551016994
0.3268533902680544
0.3465497580357172
0.32685331551016994
0.32685276796588414
0.32685331551016994
0.326911587732585
0.3268533902680544
0.32741444423272004
0.32685331551016994
0.3381294323199697
0.3268526932079997
0.3268526932079997
0.32685331551016994
0.32685331551016994
0.3268780111096826
0.32685331551016994
0.32685331551016994
0.3268533902680544
0.32685331551016994
0.32685331551016994
0.3268526932079997
0.32685331551016994
0.3268526932079997
0.32685331551016994
