0.8665773330363704
0.3268526932079997
0.3268526932079997
0.42425582996237565
0.3268526932079997
0.32685331551016994
0.32685331551016994
0.3268526932079997
0.3465490609756625
0.32685331551016994
0.3268526932079997
0.35472295119957886
0.3283978191948042
0.3269362085742133
0.32685331551016994
0.3268526932079997
0.5668296562675345
0.32685331551016994
0.32685331551016994
0.3268526932079997
0.32685331551016994
0.32685331551016994
0.3268526932079997
0.5542257840619038
0.5668283563853936
0.32839844149697445
0.3268526932079997
0.3268526932079997
0.32685331551016994
0.32685331551016994
0.32857866224046145
0.3268526932079997
0.35472295119957886
0.3268526932079997
1.4414395809566978
0.3268526932079997
0.32685331551016994
0.32685276796588414
0.3268526932079997
0.3268526932079997
0.3268526932079997
0.32685331551016994
0.35472295119957886
0.32685331551016994
0.32685331551016994
0.32685331551016994
0.3268526932079997
0.329773868597085
0.3268526932079997
0.3268526932079997
0.3268703252912324
0.3268526932079997
0.5668283563853936
0.32685331551016994
0.3268526932079997
0.32685331551016994
0.32685331551016994
0.32685331551016994
0.3268526932079997
0.3268526932079997
0.3268526932079997
1.605126715763663
1.4206288162298664
0.3268526932079997
0.3268526932079997
0.3278401803164842
0.3268526932079997
0.32857866224046145
0.32860343259785857
0.3268526932079997
0.32685331551016994
0.32685331551016994
0.32784080261865445
0.5822696523853095
0.32685331551016994
0.3268526932079997
0.3268526932079997
0.32864687070879006
0.3268526932079997
0.3268526932079997
0.3268526932079997
0.32685331551016994
0.3268526932079997
0.3547228764416944
0.3268526932079997
0.3289574208986534
0.32685331551016994
0.3268526932079997
0.32685331551016994
0.32685331551016994
0.42425582996237565
0.32685331551016994
0.32685331551016994
0.32685276796588414
0.32685331551016994
0.3268526932079997
0.3381294323199697
0.3274143694748356
0.3268526932079997
0.32685331551016994
0.8912240674011968
0.32685331551016994
0.3268703252912324
0.32685276796588414
0.3268526932079997
0.32685331551016994
0.3289574208986534
0.32685331551016994
0.32685331551016994
0.32685331551016994
0.4242862872293302
0.3268526932079997
0.3268526932079997
0.3268526932079997
0.32685331551016994
0.32685331551016994
0.3268526932079997
0.32685331551016994
0.3268526932079997
0.3268526932079997
0.9316442119845645
0.3268526932079997
0.3268526932079997
0.3268526932079997
0.3268526932079997
0.8018978002654288
0.32784080261865445
0.32685331551016994
0.8665504652361888
0.3268526932079997
0.32685331551016994
0.3381299798642556
0.3268526932079997
0.3297732462949148
0.3268526932079997
0.3385375471796399
0.3268526932079997
0.32685331551016994
0.3381293575620853
0.32685331551016994
0.5239048928593155
0.3268526932079997
0.3268526932079997
0.32857866224046145
0.32685331551016994
0.3268526932079997
0.3286133688437721
0.3268526932079997
0.32685331551016994
0.5821313837254203
0.3268526932079997
0.3268526932079997
0.32685331551016994
0.3268526932079997
0.3381299798642556
0.3268526932079997
0.4222601819975652
0.3547228764416944
0.32685331551016994
0.3268526932079997
0.3268526932079997
1.4414395809566978
0.3268526932079997
0.32685331551016994
1.419643151367372
0.3268526932079997
0.3297732462949148
0.3268526932079997
0.6638481474318506
0.32685331551016994
0.3268526932079997
0.3268526932079997
0.32784025507436865
0.32685331551016994
0.3268526932079997
0.3268526932079997
0.3268780111096826
0.3268526932079997
0.32685331551016994
0.3471107372424984
0.32685331551016994
0.3268526932079997
0.32685331551016994
0.32685331551016994
0.32685331551016994
0.32685331551016994
0.32685331551016994
0.3465737565751752
1.4414501097169305
1.4414395809566978
0.32685276796588414
0.3268526932079997
0.3268526932079997
0.3268526932079997
0.32784080261865445
0.32685331551016994
0.8912319881690218
0.3268526932079997
0.32685331551016994
1.4406501690929305
0.32685331551016994
0.3268526932079997
0.32685331551016994
0.3268526932079997
0.32685331551016994
0.3268526932079997
0.32685331551016994
0.32685276796588414
0.32685331551016994
0.32685331551016994
0.3268780111096826
0.32685331551016994
0.32685331551016994
0.3268526932079997
0.7960345327386473
0.32685331551016994
0.3268526932079997
0.3268526932079997
0.3268526932079997
0.32685331551016994
0.4468490133558735
0.3278983777810148
0.32685331551016994
1.4414395809566978
0.32685331551016994
0.3268526932079997
0.3268526932079997
0.3268526932079997
0.7957371859598362
0.32685331551016994
0.3278401803164842
0.32685331551016994
0.3268526932079997
0.32685331551016994
0.3268526932079997
0.32685331551016994
1.4414501097169305
0.3268526932079997
0.3268526932079997
0.32685331551016994
0.3268533902680544
0.32685331551016994
0.9510257380222
0.32685331551016994
0.3268526932079997
0.32685331551016994
0.3268526932079997
0.3268526932079997
0.32685331551016994
0.3285886732442594
0.32685331551016994
0.32685331551016994
0.32685331551016994
0.3268526932079997
0.32685331551016994
0.32685331551016994
0.3268526932079997
0.32685331551016994
0.3268526932079997
0.3381299798642556
0.32685331551016994
0.32685331551016994
0.3268526932079997
0.5542257840619038
0.32685331551016994
0.32685331551016994
0.32685331551016994
0.33813005462214
0.3268526932079997
0.3268526932079997
0.32685331551016994
0.3268526932079997
0.3268526932079997
0.32685331551016994
0.3268703252912324
0.3289574208986534
0.3268526932079997
0.3471101149403282
0.32685331551016994
0.3268526932079997
0.32685331551016994
0.32685331551016994
0.42425582996237565
1.0632366440853085
0.3465490609756625
0.3268526932079997
0.32685331551016994
0.3471107372424984
0.3268526932079997
0.3268526932079997
0.32685331551016994
0.3268526932079997
0.3268526932079997
0.3268526932079997
0.32685331551016994
0.3268533902680544
0.32685331551016994
0.3268526932079997
0.3268526932079997
0.32685331551016994
0.32685331551016994
0.3268526932079997
1.6051390108618424
0.32685331551016994
0.3268526932079997
0.3269362085742133
0.3268526932079997
0.3307607334033993
0.32857866224046145
0.35472349874386466
0.32685331551016994
0.32685331551016994
0.3268526932079997
0.32741374717266536
0.35472349874386466
0.3268526932079997
0.32685331551016994
0.3268526932079997
0.3268526932079997
0.32685331551016994
0.5917135087923215
0.3268526932079997
0.3465490609756625
0.32685331551016994
0.3268526932079997
0.3268526932079997
0.32685331551016994
0.3547235735017491
0.32685331551016994
0.3268526932079997
0.32685331551016994
0.32685331551016994
0.3268526932079997
0.32839844149697445
0.35472349874386466
0.32685331551016994
0.32685331551016994
0.3596393326227171
0.32895679859648314
0.32685331551016994
0.32685331551016994
0.32685331551016994
0.32685331551016994
0.8912319881690218
0.3268526932079997
0.32685331551016994
0.3268526932079997
0.3268526932079997
0.7960323605379784
0.3381299798642556
0.3269362085742133
0.32685331551016994
0.3268526932079997
0.3268526932079997
0.33813072264026245
0.3268526932079997
0.32685331551016994
0.3268526932079997
0.32685331551016994
0.32685331551016994
0.3268526932079997
0.32685331551016994
0.32685331551016994
0.3268526932079997
0.3268526932079997
0.32685331551016994
0.32685331551016994
0.32685331551016994
0.32685331551016994
0.32685331551016994
0.32857866224046145
0.32841529444306256
0.32685331551016994
0.32685331551016994
0.7936387340677157
0.3465490609756625
0.32685331551016994
0.32685331551016994
0.3385375471796399
0.32685331551016994
0.32741374717266536
1.4528457219801654
0.32685331551016994
0.3381294323199697
0.5822696523853095
0.7310233630653322
0.32685331551016994
0.32685331551016994
0.32685331551016994
0.35472349874386466
0.32860335783997413
0.3268526932079997
0.32685331551016994
0.3268526932079997
0.32685331551016994
0.3268526932079997
0.3268526932079997
0.3297915006803177
0.3268526932079997
0.32685331551016994
0.32685331551016994
0.32685331551016994
0.32685331551016994
0.32685331551016994
0.3471101149403282
0.32685331551016994
0.32685331551016994
0.32685331551016994
0.3268526932079997
0.3307613557055695
0.5542562413288584
0.3547228764416944
0.32685331551016994
0.3268526932079997
0.3268526932079997
0.32685331551016994
0.9420369935488948
0.32685331551016994
0.3268526932079997
0.3268526932079997
0.3268526932079997
0.32685331551016994
0.3268526932079997
0.32685331551016994
0.32685331551016994
0.32685331551016994
0.32685276796588414
0.32685331551016994
0.3268526932079997
0.3268526932079997
0.3268526932079997
0.4468490133558735
0.3297732462949148
0.3268526932079997
0.44687947062282807
0.32685331551016994
0.3268526932079997
0.3268526932079997
0.5542562413288584
0.3268526932079997
0.571914851106195
0.3381299798642556
0.3268526932079997
0.5822706059749134
0.32685331551016994
0.32685331551016994
0.3268526932079997
0.32685331551016994
0.3268533902680544
0.32685331551016994
0.33853816948181015
0.35472349874386466
0.32685331551016994
0.32685331551016994
0.32685331551016994
0.32784080261865445
0.3268526932079997
0.32685331551016994
0.3268709475934026
0.7958599014031973
0.3268526932079997
0.32685331551016994
0.7957640537600177
0.32685331551016994
0.32685331551016994
0.32685331551016994
0.32685276796588414
0.5668283563853936
0.32685331551016994
0.32685331551016994
0.3268526932079997
0.3268526932079997
0.3268526932079997
0.3268526932079997
0.32685331551016994
0.32685331551016994
0.32685331551016994
0.3547228764416944
0.3268526932079997
0.3268709475934026
0.3268526932079997
0.32685331551016994
0.32685331551016994
0.3268526932079997
0.3268526932079997
0.3268526932079997
1.605138515385387
0.32685331551016994
0.3471107372424984
0.3268526932079997
0.32685331551016994
0.32784080261865445
0.3268526932079997
0.32685331551016994
0.5668296562675345
0.3268526932079997
0.326935586272043
0.3268526932079997
0.3268526932079997
0.3268709475934026
0.329773868597085
0.3471101149403282
0.32685331551016994
0.3471107372424984
0.7957371859598362
0.34654968327783275
0.3268526932079997
0.32860335783997413
0.32784080261865445
0.32685331551016994
0.3547228764416944
0.32685331551016994
0.3268526932079997
0.3268526932079997
0.32685331551016994
0.32685331551016994
0.3268526932079997
0.32784080261865445
0.3268526932079997
0.32685331551016994
0.3268526932079997
0.3268526932079997
0.32685331551016994
0.3268526932079997
0.3268526932079997
0.32685331551016994
0.3278401803164842
0.3268526932079997
0.3268526932079997
0.7957640537600177
0.32685331551016994
0.32685331551016994
0.3268526932079997
0.3268526932079997
0.32685331551016994
0.3268526932079997
0.3278401803164842
0.5821313837254203
0.3268526932079997
0.32685331551016994
0.3297732462949148
0.32923470799076704
0.8912319881690218
0.33813127018454825
0.32685331551016994
0.3268526932079997
0.32685331551016994
0.3268526932079997
0.3268526932079997
0.32685331551016994
0.32685331551016994
0.32685331551016994
0.3268526932079997
0.891386388429702
0.32685331551016994
0.3274143694748356
0.32685331551016994
0.32685331551016994
0.329773868597085
0.3268526932079997
0.32685331551016994
0.3547228764416944
0.8912319881690218
0.32685331551016994
0.3268526932079997
0.32685331551016994
0.32685331551016994
0.32685331551016994
0.3268526932079997
0.32685331551016994
0.3268526932079997
0.5821300838432796
0.32685331551016994
0.3268526932079997
0.3268526932079997
0.3268526932079997
0.3268526932079997
0.3268526932079997
0.3268526932079997
0.3268526932079997
0.32685331551016994
0.3268526932079997
0.3268526932079997
0.3268526932079997
0.3268526932079997
0.8912240674011968
0.3268526932079997
0.3268526932079997
0.3268526932079997
0.3268526932079997
0.32685331551016994
0.32685331551016994
0.3268526932079997
0.33813005462214
0.32685331551016994
0.32685331551016994
0.32685331551016994
0.3268780111096826
0.3268526932079997
0.3285886732442594
0.3268526932079997
0.32741374717266536
0.3268526932079997
0.32685331551016994
0.32685331551016994
0.32685331551016994
0.3268526932079997
0.32685331551016994
0.32685331551016994
0.3268526932079997
0.32685331551016994
0.3278401803164842
0.3471107372424984
0.3268526932079997
0.3268780111096826
0.3268526932079997
0.3381299798642556
0.3268526932079997
0.3268526932079997
0.32685331551016994
0.32741374717266536
0.3268526932079997
0.32784080261865445
0.32685331551016994
0.32685331551016994
0.3268526932079997
0.3268526932079997
0.3268526932079997
0.3268526932079997
0.582156079324933
0.3465490609756625
0.32685331551016994
0.5821300838432796
0.3268526932079997
0.32685331551016994
0.3381294323199697
0.32685331551016994
0.3268526932079997
0.3268526932079997
0.33853816948181015
0.3268526932079997
0.3268526932079997
0.4480320448576308
0.3268526932079997
0.3268533902680544
0.3268526932079997
0.3268773888075124
0.3278648759159969
0.32685331551016994
0.4468490133558735
0.3268526932079997
0.9504664068299455
0.3268526932079997
0.7957371859598362
0.35472295119957886
0.3278401803164842
0.3268526932079997
0.3283978191948042
0.3268526932079997
0.32685331551016994
0.32685331551016994
0.3465490609756625
0.3268526932079997
0.3268526932079997
0.3268526932079997
0.3268526932079997
0.6678206069987569
0.3268709475934026
0.32685331551016994
0.32685331551016994
0.3268526932079997
0.32685331551016994
0.32685331551016994
0.3268526932079997
0.32685331551016994
0.32895679859648314
0.8665504652361888
0.5822696523853095
0.32685331551016994
0.32685331551016994
0.32685331551016994
0.3268526932079997
0.3268526932079997
0.3268526932079997
0.32685331551016994
0.3268526932079997
0.3268526932079997
0.3471107372424984
0.3268526932079997
0.3268526932079997
0.3268526932079997
0.32685331551016994
0.32685331551016994
0.3268703252912324
1.4414505322587012
0.338130647882378
0.3268526932079997
0.32685331551016994
0.3268526932079997
0.3268703252912324
0.32685331551016994
0.3268526932079997
0.4468490133558735
0.32685331551016994
0.32685331551016994
0.32685331551016994
0.32685331551016994
0.32685331551016994
0.3268526932079997
0.32685331551016994
0.32685331551016994
0.3292246969869691
0.3268526932079997
0.32685331551016994
0.3268526932079997
0.3268526932079997
0.3268526932079997
0.32685331551016994
0.3268526932079997
0.32685331551016994
0.32685331551016994
0.33813005462214
0.553492285786112
0.32685331551016994
0.3268526932079997
0.32685331551016994
0.3268526932079997
0.32685331551016994
0.32839844149697445
1.4414395809566978
0.32857866224046145
0.32685331551016994
0.32685331551016994
0.3547235735017491
0.3268773888075124
0.3381293575620853
0.32685331551016994
0.32685331551016994
0.7961550759813394
0.3268526932079997
0.32685331551016994
0.32685331551016994
0.3460081146541708
0.32685331551016994
0.3268526932079997
0.32685331551016994
0.32923470799076704
0.3268773888075124
0.3268533902680544
0.32685331551016994
0.8603752838117518
0.32685331551016994
0.3268526932079997
0.32685331551016994
0.32685331551016994
0.3268526932079997
0.32685331551016994
0.32685331551016994
0.3269362085742133
0.3268703252912324
0.3268526932079997
0.3268526932079997
0.32685331551016994
0.32685331551016994
0.3268526932079997
0.3268526932079997
0.3268526932079997
0.3268526932079997
0.32685331551016994
0.32685331551016994
0.3268526932079997
0.32685331551016994
0.8912319881690218
0.3471107372424984
0.33149921532737653
0.3268526932079997
0.32685331551016994
0.32685331551016994
0.3268526932079997
0.32685331551016994
0.3289574208986534
0.3268526932079997
0.32685331551016994
0.32685331551016994
0.35478107390622504
0.32685331551016994
0.32685331551016994
0.3268526932079997
0.44687947062282807
0.32685331551016994
0.3268526932079997
0.3268780111096826
0.32685331551016994
0.32685331551016994
0.8668209442148185
0.3268526932079997
0.3274143694748356
0.3385388374999326
0.32685331551016994
0.3466319540397058
0.3268526932079997
0.3381294323199697
0.8912240674011968
0.3471107372424984
0.3385388374999326
0.3278401803164842
0.32923470799076704
0.3268526932079997
0.32685331551016994
0.3268526932079997
0.3268526932079997
0.3268526932079997
0.3268526932079997
0.5542257840619038
0.3268526932079997
0.35472349874386466
0.7957640537600177
0.32685331551016994
0.3268526932079997
0.3268526932079997
0.32685331551016994
0.32895679859648314
0.32685331551016994
0.32685331551016994
0.5924165498011588
0.3268526932079997
0.3381299798642556
0.32685331551016994
0.42249680200709894
0.3268526932079997
0.3268526932079997
0.3381299798642556
0.3268526932079997
1.4414510650927552
0.5668296562675345
0.3268526932079997
0.32685331551016994
0.3268526932079997
0.3268526932079997
1.4414505322587012
0.32685331551016994
0.3268526932079997
0.3268526932079997
0.3268526932079997
0.32685331551016994
0.3268526932079997
0.32685331551016994
0.3268526932079997
0.48009832295934485
0.32784080261865445
0.3268526932079997
0.3268526932079997
0.3471107372424984
0.32685331551016994
0.32685331551016994
0.3268526932079997
0.3268526932079997
0.3268526932079997
0.3268526932079997
0.32685331551016994
0.3268526932079997
0.3268526932079997
1.4414395809566978
0.3268526932079997
0.32685331551016994
0.3268526932079997
0.3268526932079997
0.7958599014031973
0.3268526932079997
0.3268526932079997
0.3268533902680544
0.3268526932079997
0.32685331551016994
0.3268526932079997
0.3268526932079997
0.3268526932079997
0.5239048928593155
0.32685331551016994
0.3381299798642556
0.3268526932079997
0.3268526932079997
0.3268526932079997
0.553492285786112
0.3268526932079997
0.3547228764416944
0.3268526932079997
0.3465490609756625
0.32685331551016994
0.3268533902680544
0.8676094201870301
0.32685331551016994
0.3786528183777783
0.32685331551016994
0.3268526932079997
0.3278578123997169
0.3268526932079997
0.3385375471796399
0.3268526932079997
0.32685331551016994
0.3268526932079997
0.3381293575620853
0.32923470799076704
0.3268526932079997
0.3268526932079997
0.32685331551016994
1.5791548491672562
0.3471107372424984
0.33853762193752435
0.32685331551016994
0.4468490133558735
0.3268526932079997
0.3547228764416944
0.3268526932079997
0.3268526932079997
0.3286133688437721
0.32685331551016994
0.3274143694748356
0.32685331551016994
0.3268526932079997
0.32685331551016994
0.3268526932079997
0.5651318601387824
0.3465490609756625
0.3285886732442594
0.32685331551016994
0.3268526932079997
0.5239048928593155
0.32685331551016994
0.32685331551016994
0.329773868597085
0.32685331551016994
0.32685331551016994
0.32685331551016994
0.3268526932079997
0.32685331551016994
0.32685331551016994
0.3268526932079997
0.32685331551016994
0.32685331551016994
0.32685331551016994
0.3268526932079997
0.32685331551016994
0.3268526932079997
0.32685331551016994
0.32685331551016994
0.32685331551016994
0.3268526932079997
0.7957640537600177
0.32685331551016994
0.3481991955238801
0.3268526932079997
0.32685331551016994
0.32685331551016994
0.3268526932079997
0.3268526932079997
0.3268526932079997
0.326935586272043
0.3268526932079997
0.3268526932079997
0.3268526932079997
0.32685331551016994
0.3268780111096826
0.3268526932079997
0.5239048928593155
0.32685331551016994
0.3268773888075124
0.5239048928593155
0.32685276796588414
0.36437375399561855
0.32857866224046145
0.35472349874386466
0.32685331551016994
0.32685331551016994
0.3465490609756625
0.3268709475934026
0.32685331551016994
0.3268526932079997
0.519047808676795
0.32685331551016994
0.32685331551016994
0.32685331551016994
1.4414501097169305
0.32685331551016994
0.3268526932079997
0.32685331551016994
0.32685331551016994
0.7957640537600177
0.3274320015580683
0.32685331551016994
0.3268526932079997
0.447095022067035
0.3268526932079997
0.3268526932079997
0.32685331551016994
0.32685331551016994
0.3268526932079997
0.3268526932079997
0.32685331551016994
0.32685331551016994
0.3268703252912324
