0.32685331551016994
0.32685276796588414
0.32685331551016994
0.32685331551016994
0.32685331551016994
0.32685331551016994
0.32685331551016994
0.32685331551016994
0.3268533902680544
0.32685331551016994
0.3292828944514998
0.3268533902680544
0.32685331551016994
0.3289581317822853
0.32685331551016994
0.32685331551016994
0.3268780111096826
0.32685331551016994
0.32685276796588414
0.32685331551016994
0.34656771635802
0.32685331551016994
0.32685331551016994
0.3268526932079997
0.3268526932079997
0.32685331551016994
0.3268526932079997
0.32685331551016994
0.3289574208986534
0.3274143694748356
0.32685331551016994
0.32685331551016994
0.3284013090390343
0.32685331551016994
0.32685331551016994
0.32685331551016994
0.553492285786112
0.32685331551016994
0.3268526932079997
0.32685331551016994
0.3289574208986534
0.32685331551016994
0.3268533902680544
0.3292246969869691
0.32685331551016994
0.32685331551016994
0.4242565408460075
0.3268526932079997
0.32685331551016994
0.3268533902680544
0.32860343259785857
0.3268533902680544
0.3268533902680544
0.3289574208986534
0.32685331551016994
0.32784080261865445
0.32685276796588414
0.3289574208986534
0.3268526932079997
0.32693628333209773
0.32685331551016994
0.3268526932079997
0.3268526932079997
0.3278408773765389
0.4242869981129621
0.32685331551016994
0.3268533902680544
0.3268533902680544
0.3268526932079997
0.3268526932079997
0.9504664068299455
0.3268526932079997
0.3268526932079997
0.32685331551016994
0.3268533902680544
0.3268533902680544
0.3268709475934026
0.3268526932079997
0.32685331551016994
0.6924794056683711
1.4414391584149269
0.33853816948181015
0.329773868597085
0.3268526932079997
0.32685331551016994
0.32685331551016994
0.32685331551016994
0.32685331551016994
0.32685331551016994
0.32685276796588414
0.32685331551016994
0.32685331551016994
0.3268533902680544
0.3268526932079997
0.32923470799076704
1.4414510735002701
0.329773868597085
0.3547235735017491
0.3268533902680544
0.3268526932079997
0.3268526932079997
0.3268709475934026
0.3268526932079997
0.32685331551016994
0.32685331551016994
0.3268533902680544
0.32685331551016994
0.3268533902680544
0.32685276796588414
0.3268533902680544
0.523874435592361
0.8665504652361888
0.32685331551016994
0.32923470799076704
0.32860335783997413
0.32685331551016994
0.3268533902680544
0.32685331551016994
0.3268526932079997
0.3268526932079997
0.3268533902680544
0.3268526932079997
0.3268533902680544
0.32857866224046145
0.32685331551016994
0.3268526932079997
0.32785843470188714
0.32685331551016994
0.3268533902680544
0.3268533902680544
0.5534923605439964
0.3268526932079997
0.32685331551016994
0.3268533902680544
0.3268526932079997
0.3268533902680544
0.32685331551016994
0.3268533902680544
0.32839915238060635
0.32685331551016994
0.32691151297470056
0.3547235735017491
0.3283978191948042
0.32685331551016994
0.3268526932079997
0.3268533902680544
0.32923470799076704
0.3268533902680544
0.3268526932079997
0.3268526932079997
0.3268533902680544
0.3268526932079997
0.32685331551016994
0.3268774635653968
0.8912250209908006
0.3289581317822853
0.3381313449424327
0.7957640537600177
0.32685331551016994
0.3268533902680544
0.3268526932079997
0.3268533902680544
0.32685331551016994
0.3268526932079997
0.32685331551016994
0.32685331551016994
0.5668283563853936
0.32685331551016994
0.32685331551016994
0.32685331551016994
0.3268526932079997
0.3268526932079997
0.33813005462214
0.3268526932079997
0.32685331551016994
0.32685331551016994
0.32685331551016994
0.3268526932079997
0.7957372607177207
0.32977394335496946
0.33853816948181015
0.3268526932079997
0.3268533902680544
0.3385382442396946
0.32685331551016994
0.5668296562675345
0.3268526932079997
0.3289574208986534
0.32685331551016994
0.32685276796588414
0.32685331551016994
0.32685331551016994
0.32685331551016994
0.32685331551016994
0.32685331551016994
0.3268533902680544
0.3278401803164842
0.3268533902680544
0.32685331551016994
0.3268533902680544
0.3274143694748356
0.32741444423272004
0.3268533902680544
0.3268709475934026
0.32685331551016994
0.32685331551016994
0.5668283563853936
0.32685331551016994
0.32839844149697445
0.3471101149403282
0.3268533902680544
0.32685331551016994
0.32685331551016994
0.32867156630830274
0.3268526932079997
0.32839915238060635
0.32685331551016994
0.33853816948181015
0.3268533902680544
0.32685331551016994
0.3381313449424327
0.8912240674011968
0.3268533902680544
0.32685331551016994
0.3286133688437721
0.3268533902680544
0.42427718058629993
0.32977394335496946
0.32685276796588414
0.3268533902680544
0.42425582996237565
0.32685331551016994
0.3268526932079997
0.32685331551016994
0.32685276796588414
0.32685331551016994
0.3268526932079997
0.32685331551016994
0.34828208858792353
0.32685331551016994
0.32685331551016994
0.32685331551016994
0.7957641285179022
0.32685331551016994
0.32685331551016994
0.32685331551016994
0.32685331551016994
0.32685331551016994
0.3547235735017491
0.32685276796588414
0.3268526932079997
0.32687102235128707
0.32685331551016994
0.32685331551016994
0.5535990301331383
0.35472295119957886
0.32685331551016994
0.32685331551016994
0.32685331551016994
0.3268526932079997
0.32685331551016994
0.32685331551016994
0.3268533902680544
0.3268533902680544
0.32685331551016994
0.32685331551016994
0.32685331551016994
0.32685331551016994
0.32685276796588414
0.553492285786112
0.32685331551016994
0.3268533902680544
0.338130647882378
0.32685331551016994
0.32685276796588414
0.3268526932079997
0.33853816948181015
0.32685331551016994
0.32685331551016994
0.3268526932079997
0.32685331551016994
0.32685331551016994
0.7957372607177207
0.33853816948181015
0.32685331551016994
0.32685331551016994
0.3268526932079997
0.553492285786112
0.32685331551016994
0.3268526932079997
0.32685331551016994
0.7957371859598362
0.3268533902680544
0.32685331551016994
0.5916830515253669
0.891386388429702
0.32685331551016994
0.32741444423272004
0.32685331551016994
0.3268526932079997
0.5668296562675345
0.32685276796588414
0.3268533902680544
0.3268526932079997
0.32685276796588414
0.32685331551016994
0.32685331551016994
0.32685331551016994
0.32685331551016994
0.3385382442396946
0.32685331551016994
0.3268533902680544
0.3268526932079997
0.3268533902680544
0.3268526932079997
0.32685331551016994
0.3381299798642556
0.3268533902680544
0.3268533902680544
0.32839915238060635
0.32685331551016994
0.32685331551016994
0.32685331551016994
0.32685331551016994
0.3268526932079997
0.3274138219305498
0.32685331551016994
0.3268533902680544
1.4414501097169305
0.3268533902680544
0.4468497242395054
0.4250079454255554
0.3268533902680544
0.32685331551016994
1.4414395809566978
0.32685331551016994
0.32685331551016994
0.3268533902680544
0.8912250209908006
0.3268526932079997
0.3268526932079997
0.32685331551016994
0.3268533902680544
0.32685331551016994
0.32685331551016994
0.3268533902680544
0.5612463140675994
0.3268533902680544
0.32741374717266536
0.32685331551016994
0.3268526932079997
0.32685331551016994
0.3268526932079997
0.32685331551016994
0.3292594035902798
0.3268526932079997
0.32685276796588414
0.32685331551016994
0.3268526932079997
0.32685331551016994
1.4414514960420408
0.32685276796588414
0.32685331551016994
0.32685331551016994
0.34654968327783275
0.3268533902680544
0.32741444423272004
0.3268526932079997
0.3278983777810148
0.3268526932079997
0.329773868597085
0.32685331551016994
0.5668296562675345
0.32857866224046145
0.32685331551016994
0.32685331551016994
0.3268526932079997
0.32685331551016994
1.4414501097169305
0.32685331551016994
0.329773868597085
0.32685276796588414
1.4172851184604034
0.32685331551016994
0.32685331551016994
1.4422078299722325
1.4511233291449042
0.32685331551016994
0.32685331551016994
0.9739153736540471
0.5190267401114681
0.32685331551016994
0.3268526932079997
0.32685331551016994
0.32685331551016994
0.32685331551016994
0.523874435592361
0.3268526932079997
0.523874435592361
0.32685331551016994
0.32685331551016994
0.32685331551016994
0.3268533902680544
0.3268526932079997
1.4511233291449042
0.3278401803164842
0.3268526932079997
0.7320956552452733
0.32685331551016994
0.32687102235128707
0.3268533902680544
0.3303349225617507
0.32685331551016994
0.32685331551016994
0.3268533902680544
0.5177446095936231
0.32685331551016994
0.3268533902680544
0.32685331551016994
0.44464310864302004
0.32685331551016994
0.32977394335496946
0.32685331551016994
0.5534923605439964
0.32685331551016994
0.3268526932079997
0.32685331551016994
0.3268533902680544
0.32685276796588414
0.32685331551016994
0.3268533902680544
0.32685276796588414
0.32685331551016994
0.32685331551016994
0.3268533902680544
0.3268526932079997
0.32685331551016994
0.32685331551016994
0.32687102235128707
0.3268526932079997
0.32685331551016994
0.32685331551016994
0.32685331551016994
0.32685331551016994
0.3274320763159527
0.34711081200038285
0.32977394335496946
0.7957372607177207
0.3268533902680544
0.32685331551016994
0.3286133688437721
0.3268526932079997
0.32685276796588414
0.32685331551016994
0.32685331551016994
1.4414391584149269
0.32685331551016994
0.32977394335496946
0.32685331551016994
0.32685331551016994
1.4414501097169305
0.3547235735017491
0.32685276796588414
0.3547235735017491
0.32685331551016994
0.32685331551016994
0.32685331551016994
0.32895679859648314
0.32685331551016994
0.3268533902680544
0.3547228764416944
0.3286133688437721
0.3268533902680544
0.32685331551016994
0.32685331551016994
0.3268526932079997
0.32685331551016994
0.32685331551016994
0.32784025507436865
0.3268526932079997
0.3268533902680544
0.3268533902680544
0.32687102235128707
0.32685331551016994
0.32685331551016994
0.32685331551016994
0.3268533902680544
0.7957371859598362
0.32685331551016994
0.3547228764416944
0.32685276796588414
0.32685276796588414
0.32685331551016994
0.33853816948181015
0.32685331551016994
0.3268533902680544
0.3268526932079997
0.3268533902680544
0.3471107372424984
0.32685331551016994
0.3268533902680544
0.5239048928593155
0.32685331551016994
0.32685331551016994
0.3268533902680544
0.32685331551016994
0.32685276796588414
0.7957371859598362
0.3268533902680544
0.7957618815593489
0.3268533902680544
0.32685331551016994
0.32685331551016994
0.32685331551016994
0.3465497580357172
0.32786549821816713
0.32685331551016994
0.3268533902680544
0.3268526932079997
0.3385375471796399
0.35472295119957886
0.3285886732442594
0.32685331551016994
0.32685331551016994
0.32685331551016994
0.32685331551016994
0.3268533902680544
0.32685331551016994
0.32786549821816713
0.3268533902680544
0.3286133688437721
0.42498659480163115
0.3268533902680544
0.3268533902680544
0.3268526932079997
0.32685331551016994
0.32685331551016994
0.329773868597085
0.8912319881690218
0.329773868597085
0.32685331551016994
0.3268533902680544
0.32685331551016994
0.32685331551016994
0.3268526932079997
0.3268526932079997
0.32685331551016994
0.553492285786112
0.32685331551016994
0.32687808586756706
0.3268526932079997
0.32685331551016994
1.4172848314147262
0.32867156630830274
0.32685331551016994
0.3268709475934026
0.32685331551016994
0.32685331551016994
0.32685331551016994
0.3268533902680544
0.3268533902680544
0.3268533902680544
0.7957640537600177
0.3471107372424984
0.3286133688437721
0.3465684272416519
0.32685276796588414
0.8912240674011968
0.3278408773765389
1.4172848314147262
0.3268533902680544
0.3268526932079997
0.3268533902680544
0.3268526932079997
0.32685331551016994
0.32685331551016994
0.32861344360165656
0.32685331551016994
0.32685331551016994
0.9297790923980149
0.3268533902680544
0.32685331551016994
0.32685331551016994
0.32685331551016994
0.32685331551016994
0.33853816948181015
0.32922477174485354
0.32685331551016994
0.32685331551016994
0.3268526932079997
0.3268526932079997
0.3465497580357172
0.32685331551016994
0.32685331551016994
0.3381293575620853
0.5534923605439964
0.3268533902680544
0.32685331551016994
0.3268533902680544
0.3268533902680544
0.32685276796588414
0.32685331551016994
0.7957371859598362
0.32685276796588414
0.3268533902680544
0.32685331551016994
0.32685331551016994
0.32685331551016994
0.32685276796588414
0.3268526932079997
0.3268526932079997
0.32685331551016994
1.4414514960420408
0.3268526932079997
0.32685331551016994
0.32685331551016994
0.553492285786112
0.32685331551016994
0.32685276796588414
0.3278408773765389
0.32685276796588414
0.3268533902680544
0.5534923605439964
0.32685331551016994
1.4414501097169305
0.33813127018454825
0.32685331551016994
0.32895679859648314
0.3268526932079997
0.32685331551016994
0.32685331551016994
0.3268526932079997
1.4414505322587012
0.9738089638677978
0.3303525546449834
0.3268526932079997
0.3268526932079997
0.3268533902680544
1.4414505322587012
0.32685331551016994
0.7967692731104958
0.32685276796588414
0.34654968327783275
0.3268533902680544
0.3268533902680544
0.32685331551016994
0.3292246969869691
0.3268526932079997
0.32685331551016994
0.42498659480163115
0.32685276796588414
0.3268533902680544
1.4414501097169305
0.3268533902680544
0.3471689347070291
0.3268533902680544
0.32685331551016994
0.3268533902680544
0.3285886732442594
0.32922477174485354
0.3268526932079997
0.32685331551016994
0.3268533902680544
0.32685331551016994
0.3268526932079997
0.32685331551016994
0.3268533902680544
0.32685331551016994
0.3274143694748356
0.32685331551016994
0.3268533902680544
0.3471107372424984
0.3268526932079997
0.32685331551016994
0.32685331551016994
0.32685331551016994
0.32685331551016994
0.32685331551016994
0.32685331551016994
0.32685331551016994
0.3268533902680544
0.3268533902680544
0.32923470799076704
0.32685331551016994
0.3268526932079997
0.3268533902680544
0.32685331551016994
0.32685331551016994
0.32685331551016994
0.35472295119957886
0.3268526932079997
0.32685331551016994
0.3297915006803177
0.32685331551016994
0.3268533902680544
0.32685331551016994
0.3268533902680544
0.3268533902680544
0.32685331551016994
0.32687102235128707
0.3268526932079997
0.32784080261865445
0.3268526932079997
0.32685331551016994
0.5822706059749134
0.3465490609756625
0.3269108906725303
0.32685331551016994
0.32685331551016994
0.32685331551016994
0.32685331551016994
0.5668296562675345
0.3465490609756625
0.35395254753616484
0.32685331551016994
0.32685331551016994
0.3268526932079997
0.32685331551016994
0.3268533902680544
0.5239048928593155
0.32685331551016994
0.3268533902680544
0.9317477167491003
0.32685331551016994
0.3268533902680544
0.32685331551016994
0.32867156630830274
0.42498730568526305
0.4556672248981795
0.3268533902680544
0.32685331551016994
0.3268526932079997
0.3268526932079997
0.3285886732442594
0.32685331551016994
0.32685331551016994
0.33853816948181015
0.32685331551016994
0.3268533902680544
0.3278408773765389
0.32923470799076704
0.32685331551016994
0.3268533902680544
0.32685331551016994
0.5668306098571383
0.32685331551016994
0.3465497580357172
0.32685331551016994
0.3268526932079997
0.32923470799076704
0.32685331551016994
0.5668283563853936
0.3268533902680544
0.32685276796588414
0.32685331551016994
0.3385382442396946
0.5238745103502453
0.32685331551016994
0.3268533902680544
0.32685331551016994
0.3268526932079997
0.3381299798642556
0.32685331551016994
0.3268526932079997
0.32685331551016994
0.3278401803164842
0.3465497580357172
0.32685331551016994
0.3385388374999326
0.3268533902680544
0.32685331551016994
0.3268533902680544
0.32685331551016994
0.32685331551016994
0.3268533902680544
0.3268533902680544
0.9318312286125823
0.3268533902680544
0.3268533902680544
0.32685331551016994
0.3269108906725303
0.32685331551016994
0.3268533902680544
0.3268533902680544
0.32685331551016994
0.32685331551016994
0.8885099937127958
0.3268526932079997
0.32685331551016994
0.3471107372424984
0.7957371859598362
0.32685331551016994
0.3381293575620853
0.3268526932079997
0.7957372607177207
0.32685276796588414
0.3471107372424984
0.32923470799076704
0.3268533902680544
0.3268526932079997
0.3268533902680544
0.3268526932079997
0.5554764279174301
0.32685331551016994
1.4414501097169305
0.3268526932079997
0.3268533902680544
0.3278401803164842
0.32685331551016994
0.32685331551016994
0.33853816948181015
0.3268533902680544
0.32685331551016994
0.42425582996237565
0.3381299798642556
0.3268533902680544
0.32685331551016994
0.32685331551016994
0.32685331551016994
0.32685331551016994
0.32784080261865445
0.3268526932079997
0.32685331551016994
0.32685331551016994
0.32685331551016994
0.32685331551016994
0.42498659480163115
0.7960076649384658
0.32922477174485354
0.32685331551016994
0.32685331551016994
0.3465490609756625
0.3268533902680544
0.3268533902680544
0.32685331551016994
0.3268709475934026
0.3268533902680544
0.3547235735017491
0.3268533902680544
0.3268526932079997
0.32685331551016994
0.3547235735017491
0.32685331551016994
0.32685331551016994
0.3268526932079997
0.3268533902680544
0.32685331551016994
0.3268533902680544
0.32685331551016994
1.4519892260264566
0.3268533902680544
0.35472349874386466
0.3268526932079997
0.32685331551016994
0.32685276796588414
0.3268526932079997
0.32685276796588414
0.3268709475934026
0.32685331551016994
0.32685276796588414
0.32839844149697445
0.32685331551016994
0.3268526932079997
1.4414391584149269
0.523874435592361
0.32685331551016994
0.32685331551016994
0.3268533902680544
0.32685331551016994
0.32685331551016994
0.32685331551016994
0.3268533902680544
0.32685331551016994
0.7957641285179022
0.32685331551016994
0.5821313837254203
0.32685331551016994
0.32685331551016994
0.32685331551016994
0.32685331551016994
0.3268533902680544
0.32685331551016994
0.32784080261865445
0.32685331551016994
0.3773284744671971
0.35472349874386466
0.3268526932079997
0.32685331551016994
0.3268533902680544
0.3268533902680544
0.3465490609756625
0.3268526932079997
0.32685331551016994
0.32685331551016994
0.3268533902680544
0.3268526932079997
0.3278990000831851
0.32685331551016994
0.32685331551016994
0.32685331551016994
0.32685331551016994
0.3268533902680544
0.3268533902680544
0.3268533902680544
0.3381299798642556
0.7957640537600177
0.3385375471796399
0.32685331551016994
0.32685276796588414
0.3268533902680544
0.3268526932079997
0.3268533902680544
0.3268533902680544
0.32685331551016994
0.3465673901189499
0.3268533902680544
0.32839844149697445
0.32685331551016994
0.32685276796588414
0.3292246969869691
0.32685276796588414
0.3268526932079997
0.32685331551016994
0.32685331551016994
0.32685331551016994
0.32685331551016994
0.3268709475934026
0.32685331551016994
0.32685331551016994
0.32685331551016994
0.33853816948181015
0.32685331551016994
0.3268533902680544
0.32685331551016994
0.5668306098571383
0.32685331551016994
0.32685331551016994
0.3268526932079997
0.32685331551016994
0.3268526932079997
0.32691151297470056
0.3268533902680544
0.32685331551016994
0.7957372607177207
0.3268533902680544
0.32923470799076704
0.32685331551016994
0.32685331551016994
0.32685331551016994
0.3268526932079997
0.32685331551016994
0.32685276796588414
0.7957372607177207
0.32685331551016994
0.32685331551016994
0.3268526932079997
0.32685331551016994
0.3268526932079997
0.3268533902680544
0.3547482691012618
0.3547228764416944
0.3268533902680544
0.32685331551016994
0.3268533902680544
0.32685331551016994
0.32685331551016994
0.3268526932079997
0.42498659480163115
0.32685331551016994
0.3268533902680544
0.32685276796588414
0.3381299798642556
0.32685331551016994
0.32685331551016994
0.32784080261865445
0.3385382442396946
0.32685331551016994
0.3285787369983459
0.32685331551016994
0.32685331551016994
0.32685331551016994
0.32685331551016994
0.32685331551016994
0.3471101149403282
0.32685276796588414
0.32685331551016994
0.32685331551016994
0.32685331551016994
0.32784080261865445
0.3268533902680544
0.32685276796588414
0.3268533902680544
0.3274143694748356
0.3268774635653968
0.32685331551016994
0.8912240674011968
0.3268526932079997
0.3268780111096826
1.4172747388096796
1.5791548253118286
