0.3385382442396946
0.32685331551016994
0.3268526932079997
0.553492285786112
0.32861344360165656
0.32685276796588414
0.32685331551016994
0.3268533902680544
0.3268533902680544
0.32977394335496946
0.3268533902680544
0.3268526932079997
0.32685331551016994
0.3268526932079997
0.3268780111096826
0.3289574208986534
0.32685331551016994
0.32685331551016994
0.32685331551016994
0.32685331551016994
0.32685276796588414
0.32685331551016994
0.3268533902680544
0.32685276796588414
0.3268533902680544
0.3268533902680544
0.32685331551016994
0.32922477174485354
0.3547228764416944
0.32685331551016994
0.32685331551016994
0.32685331551016994
0.3268526932079997
0.34654968327783275
0.32685331551016994
0.32685331551016994
0.32685331551016994
0.32685331551016994
0.32685331551016994
0.3285887480021438
0.32685276796588414
0.32685331551016994
0.3381299798642556
0.32685331551016994
0.32685331551016994
0.32685331551016994
0.32685331551016994
1.4414395809566978
0.32685331551016994
0.3268773888075124
0.32685331551016994
0.8912240674011968
0.3268526932079997
0.7957371859598362
0.32685331551016994
0.3268533902680544
0.32685331551016994
0.32685331551016994
0.32685331551016994
0.32691151297470056
0.32685331551016994
0.3268533902680544
0.9510187708439789
0.32685276796588414
0.32685331551016994
0.3268526932079997
0.32685331551016994
0.32685331551016994
0.32685276796588414
0.7957640537600177
0.3465684272416519
0.326911587732585
0.33853816948181015
0.32685331551016994
0.32685331551016994
0.3268533902680544
0.3268533902680544
0.32685331551016994
0.32685276796588414
0.32685331551016994
0.3268533902680544
0.3268533902680544
0.32685331551016994
0.32685331551016994
0.32922477174485354
0.32685331551016994
0.32685276796588414
0.5239209693856308
0.33986533759834503
1.4420487562430702
0.3268526932079997
0.326911587732585
0.32685331551016994
0.3268533902680544
0.32685331551016994
0.32741444423272004
0.32685331551016994
0.32685331551016994
0.33853816948181015
0.32685331551016994
0.32685331551016994
0.32685331551016994
0.3268533902680544
0.32685331551016994
0.3268533902680544
0.3268533902680544
0.3268533902680544
0.32685276796588414
0.3268533902680544
0.32685331551016994
0.32685331551016994
0.32923470799076704
0.32685331551016994
0.32685331551016994
0.3268533902680544
0.32685331551016994
0.3268526932079997
1.442253579724519
0.7957371859598362
0.32685331551016994
0.32685331551016994
0.32867156630830274
0.32685331551016994
0.32685331551016994
0.32685331551016994
0.32685331551016994
0.523874435592361
0.3465490609756625
0.33853816948181015
0.32685331551016994
0.32685331551016994
0.3268526932079997
0.3268526932079997
0.3268526932079997
0.3268526932079997
0.34654968327783275
0.32685331551016994
0.32685276796588414
0.34711081200038285
0.32685331551016994
0.32685331551016994
0.3268533902680544
0.32685331551016994
0.32685331551016994
0.3268526932079997
0.32685331551016994
0.32685331551016994
0.5534923605439964
0.32685331551016994
0.32685331551016994
0.32931760105481045
0.32685331551016994
0.32685331551016994
0.32685276796588414
0.32685331551016994
0.7957371859598362
0.32839915238060635
0.32839844149697445
0.3268533902680544
0.32685276796588414
0.32685331551016994
0.3268533902680544
0.32685331551016994
0.32867156630830274
0.3268526932079997
0.3285886732442594
0.32685331551016994
0.32685331551016994
0.32685331551016994
0.3268533902680544
0.32685331551016994
0.3274143694748356
0.3268533902680544
0.32685331551016994
0.3274143694748356
0.3268533902680544
0.32685331551016994
0.7957372607177207
0.32687102235128707
0.35472349874386466
0.32685331551016994
0.32685331551016994
0.32685331551016994
0.32685331551016994
0.32685331551016994
0.32685331551016994
0.3292594035902798
0.3268526932079997
0.32685331551016994
0.32923470799076704
0.32685331551016994
0.3268533902680544
0.32685331551016994
0.32685331551016994
0.32685331551016994
0.32685331551016994
0.3268709475934026
0.3285886732442594
0.3268526932079997
0.3268533902680544
0.33853816948181015
0.3547235735017491
0.32685331551016994
0.3381299798642556
0.42425582996237565
0.3278401803164842
0.3268526932079997
0.32685331551016994
0.3268526932079997
0.3268533902680544
0.3268533902680544
0.32839844149697445
0.32685331551016994
0.3268533902680544
0.5668283563853936
0.32687102235128707
0.32685331551016994
0.32685331551016994
0.3274138219305498
0.3268526932079997
0.32685331551016994
0.32685331551016994
0.33853816948181015
0.33853816948181015
0.32685331551016994
0.32685276796588414
0.32685331551016994
0.3268709475934026
1.216344341326783
0.5365735239855113
0.32685331551016994
0.32685331551016994
0.3268533902680544
0.32685331551016994
0.3268709475934026
0.35472349874386466
0.3268533902680544
0.3547228764416944
0.32685331551016994
0.32685331551016994
0.3268533902680544
0.32685331551016994
0.32685331551016994
0.3268533902680544
0.3292594783481642
0.33853816948181015
0.32685331551016994
0.5668296562675345
0.3268533902680544
0.32685331551016994
0.32685276796588414
0.3268533902680544
0.3268533902680544
0.3268780111096826
0.32685331551016994
0.32685331551016994
0.32685331551016994
0.32685331551016994
0.3268533902680544
0.32687808586756706
0.32685276796588414
0.3268533902680544
0.32685331551016994
0.3268526932079997
0.32685331551016994
0.32685331551016994
0.32685331551016994
0.32685331551016994
0.3268533902680544
0.32685276796588414
0.3268526932079997
0.3268526932079997
0.3268526932079997
0.32923470799076704
0.32685331551016994
0.3268533902680544
0.32685331551016994
0.3707007364537997
0.3268533902680544
0.32685331551016994
0.3268703252912324
0.3268533902680544
0.32685331551016994
0.9317477167491003
0.3268526932079997
0.32685331551016994
0.32685331551016994
0.5668296562675345
0.3268533902680544
0.3268526932079997
0.3268526932079997
0.5821313837254203
0.3268526932079997
0.32691151297470056
0.35339204111578504
0.32923470799076704
0.3547235735017491
0.3268533902680544
0.32685331551016994
0.32685331551016994
0.32860630532749213
0.32685331551016994
0.5668306098571383
0.32685331551016994
0.32685331551016994
0.32685331551016994
0.3268533902680544
0.3278401803164842
0.33853816948181015
0.32685331551016994
0.32685331551016994
0.35472349874386466
0.32685331551016994
0.3268526932079997
0.32685331551016994
0.3385382442396946
0.3268533902680544
0.7957640537600177
0.3268533902680544
0.32685331551016994
0.34654968327783275
0.3285887480021438
0.5534923605439964
0.523874435592361
0.32685331551016994
0.32685331551016994
0.3268526932079997
0.32685331551016994
0.3268533902680544
0.32685331551016994
0.32685331551016994
0.42498659480163115
0.32784080261865445
0.35472349874386466
0.32685331551016994
0.3268526932079997
0.32685331551016994
0.32685331551016994
0.32685331551016994
0.3268533902680544
0.3471107372424984
0.3268526932079997
0.32685331551016994
0.3268526932079997
0.32685331551016994
0.3268526932079997
0.32685331551016994
0.32685331551016994
0.3268533902680544
0.32685331551016994
0.3268533902680544
0.3278408773765389
0.3465490609756625
0.32685331551016994
0.32685276796588414
0.3268533902680544
0.3268526932079997
0.32685331551016994
0.32685331551016994
0.3268533902680544
0.3268533902680544
0.3268533902680544
0.32685331551016994
0.3268533902680544
0.32685331551016994
0.3268526932079997
0.3268526932079997
0.3268526932079997
0.7891000489283322
0.32685331551016994
0.32685331551016994
0.32685331551016994
0.3268533902680544
0.32685331551016994
0.3268709475934026
0.32685331551016994
0.5358400257097194
0.3268533902680544
0.3307608081612837
0.5668296562675345
0.32685331551016994
0.3547228764416944
0.3465490609756625
0.4252638982330779
0.32685331551016994
0.3385382442396946
0.32685331551016994
0.32691151297470056
0.32685331551016994
0.32685331551016994
0.3268533902680544
0.32685331551016994
0.3268533902680544
0.3268533902680544
0.32685331551016994
0.34600873695634105
0.5534923605439964
0.32685331551016994
0.3268533902680544
0.32685331551016994
0.3268526932079997
0.35067475012541616
0.32685331551016994
0.32685331551016994
0.3268526932079997
0.3268533902680544
0.3268526932079997
0.35472349874386466
0.3268533902680544
0.3268533902680544
0.3268533902680544
0.32685276796588414
0.3268526932079997
0.32685331551016994
0.3268533902680544
0.32685276796588414
0.33076143046345396
0.32685331551016994
1.4414510735002701
0.3268533902680544
0.3268526932079997
0.32685331551016994
0.32685276796588414
0.32741374717266536
0.32685331551016994
0.3268526932079997
0.32685331551016994
0.3268533902680544
0.3268533902680544
0.32685331551016994
0.523874435592361
0.32685331551016994
0.32685331551016994
0.3268526932079997
0.3268526932079997
0.32685331551016994
0.32685331551016994
0.32685331551016994
0.32685331551016994
0.32685331551016994
0.32685331551016994
0.32685331551016994
0.3289574208986534
0.3268526932079997
0.3268526932079997
0.7957371859598362
0.3268526932079997
0.5534923605439964
0.32741444423272004
0.3268533902680544
0.3268526932079997
0.3268533902680544
0.32685331551016994
0.32685276796588414
0.32685331551016994
0.32685331551016994
0.32685331551016994
0.3465490609756625
0.3268533902680544
0.32685331551016994
0.3285886732442594
0.7960076649384658
1.452788611137191
0.32685331551016994
0.32685331551016994
0.32784080261865445
0.3268526932079997
0.3268533902680544
0.5668306098571383
0.32685331551016994
0.32685331551016994
0.32685331551016994
0.3278408773765389
0.3278408773765389
0.32685331551016994
0.32685331551016994
0.3268533902680544
0.3269108906725303
0.32922477174485354
0.328957509480115
0.32685331551016994
0.3268533902680544
0.32685331551016994
0.3268780111096826
0.32685331551016994
0.32685331551016994
0.32792369568269786
0.32685331551016994
0.32691151297470056
0.34711081200038285
0.32685331551016994
0.32685331551016994
0.5239048928593155
0.3268533902680544
0.3289581317822853
0.32685331551016994
0.32685331551016994
0.3268526932079997
0.32685331551016994
0.3268526932079997
0.32685331551016994
0.32685331551016994
0.32857866224046145
0.3285887480021438
0.3269362085742133
0.3268533902680544
0.3268533902680544
0.3268526932079997
0.3268526932079997
0.3268526932079997
0.3268709475934026
0.5668306098571383
0.32685331551016994
0.3268526932079997
0.32685331551016994
0.32685331551016994
0.32685331551016994
0.32685331551016994
0.3268526932079997
0.3274138219305498
0.32685331551016994
0.32685331551016994
0.32685276796588414
0.32685331551016994
0.3268526932079997
0.32685276796588414
0.3268533902680544
0.32685331551016994
0.5534923605439964
0.32685331551016994
0.32685331551016994
0.3268526932079997
0.3268526932079997
0.3268533902680544
0.32685331551016994
0.32685331551016994
0.32685331551016994
0.32691151297470056
0.3268533902680544
0.3268526932079997
0.3268526932079997
0.32685331551016994
0.3465497580357172
0.3268526932079997
0.3289581317822853
0.32685331551016994
0.3268709475934026
0.3268533902680544
0.32685331551016994
0.3268533902680544
0.523874435592361
0.3268780111096826
0.3268533902680544
0.32685331551016994
0.34656771635802
0.32685331551016994
0.32685331551016994
0.3268533902680544
0.32685331551016994
0.3268526932079997
0.3268533902680544
0.32685331551016994
0.3268533902680544
0.32977394335496946
0.32685331551016994
0.32685331551016994
0.32685331551016994
0.32685331551016994
0.32839915238060635
0.3547235735017491
0.32685331551016994
0.32860335783997413
1.5791548253118286
0.3268526932079997
0.32685331551016994
0.32691151297470056
0.33813127018454825
0.3268533902680544
0.7957372607177207
0.32685331551016994
0.7957372607177207
0.3283985300784361
0.3292246969869691
0.32685331551016994
0.32685331551016994
0.3292246969869691
0.3268526932079997
0.32685331551016994
0.32685331551016994
0.32685331551016994
0.42498659480163115
0.32685331551016994
0.32685276796588414
0.32685276796588414
0.3268533902680544
1.4414505322587012
0.3547235735017491
0.3268533902680544
0.3268533902680544
0.32685331551016994
0.3297732462949148
0.32685331551016994
0.3268533902680544
0.3385382442396946
0.3269362085742133
0.3268533902680544
0.3274143694748356
0.32685331551016994
0.3268526932079997
0.32685331551016994
0.3268533902680544
0.32685331551016994
0.32895892615256084
0.3268780111096826
0.32741444423272004
0.32685331551016994
1.4414510735002701
0.32685331551016994
0.3268526932079997
0.32685331551016994
0.326911587732585
0.3268533902680544
0.8912240674011968
0.32685331551016994
0.3268533902680544
0.32685331551016994
0.32685276796588414
0.32685331551016994
0.32685276796588414
1.4414510735002701
0.3268533902680544
0.5668306098571383
0.3268533902680544
0.3268533902680544
0.3283985300784361
0.3268533902680544
0.32685331551016994
0.32685331551016994
0.3268533902680544
0.3268526932079997
0.32685331551016994
0.3268526932079997
0.3274143694748356
0.32685331551016994
0.3274138219305498
0.3268533902680544
0.3285787369983459
0.3268526932079997
0.32685331551016994
0.32685331551016994
1.452788611137191
0.3268533902680544
0.32685331551016994
0.32685331551016994
0.3268533902680544
0.3268526932079997
0.3268526932079997
0.3268526932079997
0.32839915238060635
0.5668296562675345
0.3385382442396946
0.34656771635802
0.32685331551016994
0.32685331551016994
0.32685331551016994
0.3268526932079997
0.32685331551016994
0.32685331551016994
0.32685331551016994
0.32685331551016994
0.32685331551016994
0.3269362085742133
0.32685331551016994
0.5179600862799456
0.32685331551016994
0.3268526932079997
0.32857866224046145
0.32685331551016994
0.3268533902680544
0.3268533902680544
0.32685331551016994
0.32685331551016994
0.32685331551016994
0.3268533902680544
0.32685331551016994
0.3268533902680544
0.329773868597085
0.3268526932079997
0.32685331551016994
0.3268703252912324
0.553522817810951
0.32685331551016994
0.3268709475934026
0.32685331551016994
0.32685331551016994
1.4519778514444095
0.32685331551016994
0.32685331551016994
0.3268533902680544
0.3268526932079997
0.32685331551016994
0.32685331551016994
0.3547235735017491
0.32685331551016994
0.329773868597085
0.32685331551016994
0.34654968327783275
0.35472349874386466
0.32685331551016994
0.5668296562675345
0.32685331551016994
0.33853816948181015
0.32685331551016994
0.32685331551016994
0.3268533902680544
0.32685331551016994
0.32685331551016994
0.32685331551016994
0.3268526932079997
0.3268526932079997
0.32685331551016994
0.3268533902680544
0.3268533902680544
0.3268533902680544
0.32685331551016994
0.3268533902680544
0.32685331551016994
0.32685331551016994
0.3268526932079997
0.3268709475934026
0.4556367676312249
0.8912240674011968
0.32685331551016994
0.32685331551016994
0.32685331551016994
0.32685331551016994
0.32685331551016994
0.32685331551016994
0.32685331551016994
0.4475804890787609
0.32685331551016994
0.42501705206858575
0.32685331551016994
0.3268526932079997
0.32685331551016994
0.32685331551016994
0.3268533902680544
0.32685331551016994
0.32685331551016994
0.32685276796588414
0.3268533902680544
0.5238745103502453
0.3482238911233928
0.32685331551016994
0.3268526932079997
0.3268533902680544
0.35472349874386466
0.3268526932079997
0.3268526932079997
0.32685331551016994
0.3268526932079997
0.3274143694748356
0.3283978191948042
0.3268533902680544
0.3268533902680544
0.32685276796588414
0.32685331551016994
0.32685331551016994
0.32685331551016994
0.3268533902680544
1.4414505322587012
0.32685331551016994
0.32685331551016994
0.32685331551016994
0.32685331551016994
0.3268526932079997
0.32685331551016994
0.32741374717266536
0.8912240674011968
0.42501705206858575
0.3268533902680544
0.3268533902680544
0.32685331551016994
1.4414501097169305
0.7957371859598362
0.3286133688437721
0.32685276796588414
0.32685331551016994
0.32685331551016994
0.32839844149697445
0.32685331551016994
0.3268526932079997
0.3268526932079997
0.3268526932079997
0.32685331551016994
0.32685331551016994
0.32685331551016994
0.32685331551016994
0.32685331551016994
0.32685331551016994
0.32685331551016994
0.3385375471796399
0.32685331551016994
0.3268533902680544
0.3268533902680544
0.3268533902680544
0.32685331551016994
0.32922477174485354
0.3268533902680544
0.32923470799076704
0.3268533902680544
0.32685331551016994
0.3268533902680544
0.32685331551016994
0.32685331551016994
0.32784025507436865
0.32685331551016994
0.32685331551016994
0.32685276796588414
0.3268533902680544
0.32685331551016994
0.32685331551016994
0.32784025507436865
0.32685331551016994
0.35472349874386466
0.32685276796588414
0.32867156630830274
0.36464157615704706
0.32685331551016994
0.3268533902680544
0.3268526932079997
1.4414501097169305
0.3289574208986534
0.32685276796588414
0.3268526932079997
0.9520689665761428
0.32685331551016994
0.3268533902680544
0.32685331551016994
0.32685331551016994
0.3547235735017491
0.32685331551016994
0.3268533902680544
0.32685331551016994
0.32685331551016994
0.32784080261865445
0.3268533902680544
0.32860335783997413
0.32839915238060635
0.3268533902680544
0.32685331551016994
0.32687102235128707
0.32685331551016994
0.34874345369279813
0.3268533902680544
0.32685331551016994
0.32685331551016994
0.5668296562675345
0.32685331551016994
0.3465490609756625
0.4250177629522176
0.3268526932079997
0.8912240674011968
0.3268526932079997
0.3385382442396946
0.3409196367202917
0.3268533902680544
0.3268533902680544
0.32861344360165656
0.3268533902680544
0.3268526932079997
0.32867156630830274
0.32685331551016994
0.3268526932079997
0.3268533902680544
0.3471101149403282
0.3268526932079997
0.33853762193752435
0.3465497580357172
0.33813127018454825
0.32685331551016994
0.32685331551016994
0.32839844149697445
0.33853816948181015
0.3268526932079997
0.32685331551016994
0.3268533902680544
0.32685331551016994
0.3268533902680544
0.32685331551016994
0.32685331551016994
0.32685331551016994
0.32979157543820214
0.32685331551016994
0.32685331551016994
0.32685331551016994
0.32685331551016994
0.32685331551016994
0.3268533902680544
0.32977394335496946
0.32685331551016994
0.32685276796588414
0.32685331551016994
0.32685276796588414
0.32685331551016994
0.32685331551016994
0.32685331551016994
0.32685276796588414
0.32685331551016994
0.32685276796588414
0.5668296562675345
0.32685331551016994
0.3268533902680544
0.3268533902680544
0.3547235735017491
0.32685331551016994
0.3268533902680544
0.5238745103502453
0.3381299798642556
0.32685331551016994
0.3268533902680544
0.3268526932079997
0.33853816948181015
0.32685331551016994
0.3268533902680544
0.32923470799076704
0.3268526932079997
0.32685331551016994
0.32687808586756706
0.32685331551016994
0.32685276796588414
0.34654968327783275
0.3268709475934026
0.3268533902680544
0.5469619727906934
0.33954980464552154
0.3268526932079997
0.3268533902680544
0.3268533902680544
0.32685331551016994
0.9504664068299455
0.3268709475934026
0.3285886732442594
0.32861344360165656
0.32685331551016994
0.3283978191948042
0.32685331551016994
0.3268533902680544
1.4172851184604034
0.3268526932079997
0.3292246969869691
0.3268533902680544
0.32685331551016994
0.32863107568488925
0.3268526932079997
0.3268533902680544
1.4414505322587012
0.32685331551016994
0.3268780111096826
0.32685331551016994
0.32685331551016994
0.3268533902680544
0.32685331551016994
0.3465497580357172
0.32685331551016994
0.5871424631339067
0.32685331551016994
0.3268526932079997
0.523874435592361
0.32685331551016994
0.32685331551016994
0.5668296562675345
0.3268526932079997
0.32685331551016994
0.32685331551016994
0.32685331551016994
0.5668296562675345
0.3268526932079997
0.32685331551016994
0.32685331551016994
0.42501705206858575
0.32685331551016994
0.3268533902680544
0.3268533902680544
0.3268526932079997
0.32685331551016994
0.32685331551016994
0.32685331551016994
0.326911587732585
0.3268533902680544
0.3471107372424984
0.3289574208986534
0.3292347827486515
0.3268526932079997
0.32685331551016994
0.3268533902680544
0.32685331551016994
0.3268533902680544
0.4476109463457155
0.32685276796588414
