0.3268526932079997
0.32685331551016994
0.32685331551016994
0.32685331551016994
0.3268533902680544
0.32691151297470056
0.32685331551016994
0.32685331551016994
0.3286133688437721
0.32685331551016994
0.3268533902680544
0.32685331551016994
0.3268533902680544
0.32685331551016994
0.32685331551016994
0.32685331551016994
0.32685331551016994
0.32685276796588414
0.32685331551016994
1.4414395809566978
0.3268533902680544
0.3268526932079997
1.4414505322587012
0.32685331551016994
0.32685331551016994
0.3402735272158996
0.32685331551016994
0.32685331551016994
0.32685331551016994
0.3268533902680544
0.32685331551016994
0.32685331551016994
0.3289581317822853
0.32685276796588414
0.32685331551016994
0.32784025507436865
0.523874435592361
0.32685331551016994
0.3268533902680544
0.32685331551016994
0.3268526932079997
0.32685331551016994
0.3268533902680544
0.3268526932079997
0.32685331551016994
0.8912250209908006
0.3268533902680544
0.32685331551016994
0.32685331551016994
0.3268533902680544
0.32685331551016994
0.33859636694634077
0.32685331551016994
0.32685331551016994
0.32685276796588414
0.32685331551016994
0.32685331551016994
0.3268533902680544
0.32685331551016994
0.32685276796588414
0.32685331551016994
0.3268526932079997
0.32685331551016994
0.3268533902680544
0.32685276796588414
0.32685331551016994
0.32685331551016994
0.32687102235128707
0.32685331551016994
0.3268533902680544
0.3268526932079997
0.3268526932079997
0.32784025507436865
0.3268526932079997
0.3268533902680544
0.32685331551016994
0.32685331551016994
0.32685331551016994
0.32685331551016994
0.32685331551016994
0.3268533902680544
0.32685331551016994
0.3268533902680544
0.3268526932079997
0.32685276796588414
0.32979157543820214
0.32685331551016994
1.4414505322587012
0.32685331551016994
0.32685276796588414
0.32741444423272004
0.32685331551016994
0.3268533902680544
0.32685331551016994
0.3268709475934026
0.3268533902680544
0.3268526932079997
0.3268533902680544
0.32685331551016994
0.32687808586756706
0.5668296562675345
0.32685331551016994
0.3268533902680544
0.3268533902680544
0.32685331551016994
0.32685331551016994
0.5238745103502453
0.32685331551016994
0.3268533902680544
0.32685331551016994
0.5668296562675345
0.32685331551016994
0.32685331551016994
0.32685331551016994
0.32685331551016994
0.3268526932079997
0.32685331551016994
0.3268526932079997
0.32685331551016994
0.32685331551016994
0.32685331551016994
0.3268533902680544
0.32685331551016994
0.32685331551016994
0.3268533902680544
0.32685331551016994
0.3268780111096826
0.3268533902680544
0.32685331551016994
0.3268533902680544
0.32685331551016994
0.32685331551016994
0.32685331551016994
0.32685331551016994
0.3268526932079997
0.3268950956486295
0.32685331551016994
0.3268533902680544
0.32685331551016994
0.3268526932079997
0.32685331551016994
0.3268533902680544
0.32685331551016994
0.3268533902680544
0.3292347827486515
0.3268533902680544
0.3268526932079997
0.3268533902680544
0.32685331551016994
0.3268533902680544
0.32685331551016994
0.32685331551016994
0.4250177629522176
0.32685331551016994
0.32685331551016994
0.3268526932079997
0.32685331551016994
0.3268533902680544
0.32685331551016994
0.32685331551016994
0.32685331551016994
0.32685331551016994
0.32685331551016994
0.32691151297470056
0.3268533902680544
0.32685331551016994
0.3289574208986534
0.3268533902680544
0.32685331551016994
0.32685331551016994
0.3268533902680544
0.3268533902680544
0.32839915238060635
0.3268526932079997
0.8912240674011968
0.32685331551016994
0.3268533902680544
0.32685331551016994
0.3268526932079997
0.3268526932079997
0.32685331551016994
0.3547235735017491
0.3268526932079997
0.329773868597085
0.3286133688437721
0.32685331551016994
0.7957372607177207
0.32685331551016994
0.3268533902680544
0.3268533902680544
0.32685331551016994
0.32923470799076704
0.3268526932079997
0.32685331551016994
0.32685331551016994
0.32685331551016994
0.32685331551016994
0.32685331551016994
0.32685331551016994
0.32685331551016994
0.32685331551016994
0.32691096543041476
0.32685331551016994
0.3268526932079997
0.3268526932079997
0.32685331551016994
0.3268533902680544
0.32685331551016994
0.3289574208986534
0.32685331551016994
0.3268526932079997
0.32685276796588414
0.3268709475934026
0.4242869981129621
0.32685331551016994
0.32685331551016994
0.32923470799076704
0.32685331551016994
0.32691151297470056
0.4242565408460075
0.32685331551016994
0.32685331551016994
0.3268533902680544
0.3268526932079997
0.32685331551016994
0.32685331551016994
0.3268526932079997
0.3268533902680544
0.3268526932079997
0.32685331551016994
0.32685331551016994
0.3385382442396946
0.32685331551016994
0.32839844149697445
0.32685331551016994
0.32685331551016994
0.32685331551016994
0.32685331551016994
0.3268533902680544
0.3268533902680544
0.32685331551016994
0.32685331551016994
0.7960076649384658
0.3268526932079997
0.32685331551016994
0.32685331551016994
0.5822696523853095
0.3268533902680544
0.32685331551016994
0.32685331551016994
0.3274138219305498
0.338130647882378
0.32685331551016994
0.32685331551016994
1.4414501097169305
0.3471101149403282
0.3268526932079997
0.32685331551016994
0.3268526932079997
0.32923470799076704
0.32685331551016994
0.338130647882378
0.32685276796588414
0.32685331551016994
0.32685331551016994
0.3268533902680544
0.36464157615704706
0.32685331551016994
0.32685331551016994
0.32685331551016994
0.3268533902680544
0.32685331551016994
0.32685331551016994
0.32685331551016994
0.32685331551016994
0.3268533902680544
0.32685276796588414
0.32685331551016994
0.3268533902680544
0.32685331551016994
0.3268526932079997
0.32685331551016994
0.32685331551016994
0.3268526932079997
0.32685331551016994
0.3268533902680544
0.32685331551016994
0.3465490609756625
0.3268526932079997
0.32685331551016994
0.3268526932079997
0.3268526932079997
0.32685331551016994
0.32685276796588414
0.32685331551016994
0.32685331551016994
0.32685276796588414
0.326935586272043
0.3268533902680544
0.32685331551016994
0.32685331551016994
0.3268526932079997
0.32685331551016994
0.4476109463457155
1.0136411898398563
0.32685331551016994
0.3268526932079997
0.32685331551016994
0.3268533902680544
0.3268533902680544
0.32685331551016994
0.32685331551016994
0.32685276796588414
0.32685331551016994
0.32685331551016994
0.33853816948181015
0.32685331551016994
0.32685331551016994
0.32685331551016994
0.32685331551016994
0.3268526932079997
0.3292594035902798
0.32685331551016994
0.3268533902680544
0.32685331551016994
0.32685331551016994
0.3268533902680544
0.32685331551016994
0.3268526932079997
0.32685331551016994
0.3268533902680544
0.32685331551016994
0.32685331551016994
0.32685331551016994
0.32685331551016994
0.34654968327783275
0.32685331551016994
0.8912319881690218
0.3268533902680544
0.3268533902680544
0.32685331551016994
0.3268533902680544
0.32685331551016994
0.32685331551016994
0.3268533902680544
0.32685331551016994
0.3268533902680544
0.3268526932079997
0.32685331551016994
0.32685331551016994
0.3268533902680544
0.3268526932079997
0.3268526932079997
0.32685331551016994
0.3268526932079997
0.32685331551016994
0.32685331551016994
0.3268533902680544
0.42501705206858575
0.32685331551016994
0.32685331551016994
0.3268526932079997
0.3268533902680544
0.32685331551016994
0.3268526932079997
0.32685331551016994
1.4414395809566978
0.32685331551016994
0.32685331551016994
0.32685331551016994
0.32685276796588414
0.3303349973196351
0.3385375471796399
0.3268533902680544
0.3268526932079997
0.32685331551016994
0.32685331551016994
0.3268533902680544
0.3268526932079997
0.3547816962083953
0.32685331551016994
0.32685331551016994
0.3268526932079997
0.5668296562675345
0.32685331551016994
0.32685331551016994
0.32685331551016994
0.3268526932079997
0.3274143694748356
0.33853762193752435
0.3268533902680544
0.3268533902680544
0.32691096543041476
0.32685331551016994
0.3268526932079997
0.32685331551016994
0.3268533902680544
0.3268533902680544
0.5238745103502453
0.32685331551016994
0.32685331551016994
0.34711081200038285
0.3381299798642556
0.3283985300784361
0.3268526932079997
0.3268533902680544
0.32685331551016994
0.3385382442396946
0.32685331551016994
0.3268533902680544
0.3268533902680544
0.3268533902680544
0.3268526932079997
0.5668296562675345
0.3268533902680544
0.3268526932079997
0.3268526932079997
0.32685331551016994
0.3285886732442594
0.32685331551016994
0.32685331551016994
0.3286133688437721
0.32685331551016994
0.32685331551016994
0.3381299798642556
0.3268533902680544
0.32685331551016994
0.32685331551016994
0.32685331551016994
0.32685331551016994
1.4414391584149269
0.32685331551016994
0.34711081200038285
0.32685276796588414
0.3268533902680544
0.7957371859598362
0.32685331551016994
0.32685331551016994
0.32685331551016994
0.32685331551016994
0.3268533902680544
0.329773868597085
0.3292246969869691
0.32685331551016994
0.3268533902680544
0.32685331551016994
0.32685331551016994
0.5821313837254203
0.5668470820299834
0.3268526932079997
1.4414501097169305
0.32685331551016994
0.3268533902680544
0.32685331551016994
0.32685331551016994
0.3268533902680544
0.3268533902680544
0.3268533902680544
0.32685331551016994
0.3268533902680544
0.32685331551016994
0.32685331551016994
0.32685331551016994
0.32685331551016994
0.3268533902680544
0.32685331551016994
0.32685331551016994
0.32685331551016994
0.3268533902680544
0.32685331551016994
0.3292246969869691
0.3292246969869691
0.32685331551016994
0.5534923605439964
0.32685276796588414
0.3268526932079997
0.32685331551016994
0.32685331551016994
0.32685331551016994
0.32685331551016994
0.32685331551016994
0.32685331551016994
0.32685331551016994
0.3268533902680544
0.3274143694748356
0.32685331551016994
0.32685331551016994
0.32685331551016994
0.32685331551016994
0.32685331551016994
0.32685331551016994
0.3268526932079997
0.32685331551016994
0.32685276796588414
0.3268526932079997
0.3268533902680544
0.3268526932079997
0.3268526932079997
0.3268526932079997
0.32685331551016994
0.32685331551016994
0.5080399071916968
0.32685331551016994
0.3268526932079997
0.3268533902680544
0.3268533902680544
0.3268533902680544
0.5668283563853936
0.3268533902680544
0.3268703252912324
0.3268526932079997
0.7957372607177207
0.32685331551016994
0.32685331551016994
0.32685331551016994
0.3268533902680544
0.3268533902680544
0.3268526932079997
0.3268533902680544
0.32685331551016994
0.32685331551016994
0.32685331551016994
0.3268533902680544
0.32685331551016994
0.32685331551016994
0.32685331551016994
0.32685331551016994
0.3268526932079997
0.32685276796588414
0.32685331551016994
0.3268533902680544
0.326911587732585
0.32685331551016994
0.3620193099220881
0.35472349874386466
0.32685331551016994
0.32685276796588414
0.5668296562675345
0.32685331551016994
0.3268533902680544
0.32685331551016994
0.3268526932079997
0.32685331551016994
0.3268533902680544
0.3268533902680544
0.3547228764416944
0.3285886732442594
0.3268533902680544
0.8912250209908006
0.3268526932079997
0.3268533902680544
0.32685331551016994
0.32685331551016994
0.3278408773765389
0.3268526932079997
0.3286133688437721
0.3268533902680544
0.5080399819495812
0.3268533902680544
0.32685276796588414
0.3268533902680544
0.32685331551016994
0.32691151297470056
0.32685331551016994
0.32685331551016994
0.32685331551016994
0.32685331551016994
0.32685331551016994
0.3268533902680544
0.32685331551016994
0.32685331551016994
0.32861344360165656
0.32685276796588414
0.3268526932079997
0.32685276796588414
0.32685331551016994
0.3268533902680544
0.32685331551016994
0.3268526932079997
0.32685331551016994
0.3268533902680544
0.35067333345297036
0.32691151297470056
0.32685331551016994
0.32685331551016994
0.5238745103502453
0.3268533902680544
0.3268533902680544
1.4414505322587012
0.32685331551016994
0.32685331551016994
0.3268533902680544
0.3268526932079997
0.3268526932079997
0.32685276796588414
0.3268533902680544
0.32685331551016994
0.32685276796588414
0.32685331551016994
0.32685331551016994
0.32685331551016994
0.3471107372424984
0.34654968327783275
0.3268533902680544
0.32685331551016994
0.7891000489283322
0.3268533902680544
0.3268533902680544
0.32685331551016994
0.32685331551016994
0.32685331551016994
0.32685331551016994
0.3268533902680544
0.3268533902680544
0.3268709475934026
0.3268533902680544
0.3274143694748356
0.3268533902680544
0.3268526932079997
0.32685331551016994
0.32685331551016994
0.3268533902680544
0.33813127018454825
0.32685331551016994
0.32685331551016994
0.3268533902680544
0.32685331551016994
0.3268526932079997
0.32685331551016994
0.3268533902680544
0.32685331551016994
0.32685331551016994
0.32685331551016994
0.3268526932079997
0.32685331551016994
0.3268533902680544
0.32685331551016994
0.3268526932079997
0.32685276796588414
0.34654913573354695
0.32685331551016994
0.3268526932079997
0.3269108906725303
0.32685331551016994
0.3268533902680544
0.32685331551016994
0.32685331551016994
0.32685331551016994
0.32685331551016994
0.3289574208986534
0.32685331551016994
0.32685331551016994
0.32923470799076704
0.3268533902680544
0.32685331551016994
0.3268533902680544
0.32691151297470056
0.3268533902680544
0.3268526932079997
0.3268533902680544
0.32685331551016994
0.32685331551016994
0.42501705206858575
0.3268526932079997
0.32685331551016994
0.32685331551016994
0.32685331551016994
0.32685331551016994
0.32685331551016994
0.3292246969869691
0.3268526932079997
0.32685331551016994
0.329773868597085
0.3285787369983459
0.3268526932079997
0.32685331551016994
0.3278648759159969
0.3268533902680544
0.32685331551016994
0.32685276796588414
0.32685331551016994
0.3268533902680544
0.32685331551016994
0.3268526932079997
0.32685331551016994
0.3268533902680544
0.32685331551016994
0.32685276796588414
0.32685331551016994
0.32685331551016994
0.32685331551016994
0.32685331551016994
0.3268709475934026
0.32685331551016994
0.32685331551016994
0.3268533902680544
0.7957371859598362
0.32685331551016994
0.32685331551016994
0.32685331551016994
0.4476109463457155
0.3268533902680544
0.32685331551016994
0.32685276796588414
0.32685331551016994
0.3278408773765389
0.32685331551016994
0.3268533902680544
0.32685331551016994
0.32685276796588414
0.3268533902680544
0.3268526932079997
0.32685331551016994
0.3471107372424984
0.32685331551016994
0.32685331551016994
0.3268533902680544
0.32685331551016994
0.3268533902680544
0.32685331551016994
0.3268533902680544
0.32685331551016994
0.32685331551016994
0.32685331551016994
0.32685331551016994
0.32741374717266536
0.3268533902680544
0.32685276796588414
0.32685331551016994
0.32685331551016994
0.35472349874386466
0.32685331551016994
0.3268533902680544
0.3268533902680544
0.32685331551016994
0.3268526932079997
0.32685331551016994
0.3268533902680544
0.3268533902680544
0.32685331551016994
0.32685331551016994
0.3268533902680544
0.3289742738447415
0.3268533902680544
0.3268533902680544
0.3268533902680544
0.7957641285179022
0.3268533902680544
0.32685331551016994
0.32685331551016994
0.32685331551016994
1.4414514960420408
0.3268526932079997
0.3268533902680544
0.32685331551016994
0.3268526932079997
0.3268533902680544
0.3268526932079997
0.32685331551016994
0.32685331551016994
0.3285886732442594
0.32685276796588414
0.3285886732442594
0.32685276796588414
0.32685331551016994
0.3268533902680544
0.32923470799076704
0.32685276796588414
0.32685331551016994
0.3268526932079997
0.3268533902680544
0.3268533902680544
0.32685331551016994
0.32685331551016994
0.32685331551016994
0.3268533902680544
0.32685331551016994
0.42498730568526305
0.32685331551016994
0.3268533902680544
0.3268533902680544
0.32685331551016994
0.3268533902680544
0.3268526932079997
0.32784080261865445
0.3268533902680544
0.32685276796588414
0.32685331551016994
0.3268526932079997
0.32685331551016994
0.32685331551016994
0.3268533902680544
0.523874435592361
0.32685276796588414
0.3268533902680544
0.32685331551016994
0.32685331551016994
0.32685331551016994
0.32685331551016994
0.3268526932079997
0.32685331551016994
0.3268526932079997
0.3268533902680544
0.32923470799076704
0.32685331551016994
0.3268533902680544
0.32685331551016994
0.32685331551016994
0.3268526932079997
0.32685331551016994
0.3268533902680544
0.3268533902680544
0.3471283693257311
0.32685331551016994
0.32685331551016994
0.32685331551016994
0.3268533902680544
0.32685331551016994
0.5239049676172
0.32685331551016994
0.32685331551016994
0.3268526932079997
0.3268526932079997
0.3268533902680544
0.32685331551016994
0.32685331551016994
0.3268533902680544
0.3268533902680544
0.32741444423272004
0.32685331551016994
0.32685331551016994
1.4414514960420408
0.329773868597085
0.32685331551016994
0.32685331551016994
0.32685331551016994
0.3268533902680544
0.32685331551016994
0.32685276796588414
0.32685331551016994
0.3268533902680544
0.32685331551016994
0.523874435592361
0.3268526932079997
0.32685276796588414
0.32685331551016994
0.3268526932079997
0.3274143694748356
0.42498730568526305
0.3269362085742133
0.3268533902680544
0.32685331551016994
0.3268533902680544
0.32685331551016994
0.3268526932079997
0.32685331551016994
0.32685331551016994
0.3269108906725303
0.32685331551016994
0.32685331551016994
0.3268533902680544
0.32685331551016994
0.3268526932079997
0.32685331551016994
0.32784080261865445
0.32685331551016994
0.32685276796588414
0.7957640537600177
0.3268526932079997
0.32685276796588414
0.32784080261865445
0.3268533902680544
0.3268533902680544
0.3268526932079997
0.32685331551016994
0.3268773888075124
0.32685331551016994
0.32685331551016994
0.3278401803164842
0.3268526932079997
0.32685331551016994
0.32691151297470056
0.3268526932079997
0.32685331551016994
0.32685331551016994
0.32685331551016994
0.32685331551016994
0.32685331551016994
1.4414391584149269
0.5668296562675345
0.3268526932079997
0.3268533902680544
0.5668306098571383
0.32685331551016994
0.3268526932079997
0.32685331551016994
0.32685276796588414
0.32685331551016994
0.3268533902680544
0.32685331551016994
0.3268533902680544
0.32685331551016994
0.32685331551016994
0.5668283563853936
0.32685331551016994
0.32685331551016994
0.32685331551016994
0.32685331551016994
0.3381299798642556
0.3268533902680544
0.32685331551016994
0.32685331551016994
0.32685331551016994
0.32685331551016994
0.32685331551016994
0.32685331551016994
0.32685331551016994
0.3285886732442594
0.35472349874386466
0.5668306098571383
0.33813005462214
0.3471107372424984
0.3268533902680544
0.32685331551016994
0.3285886732442594
0.32685331551016994
0.32685331551016994
0.3268526932079997
0.32685331551016994
0.3268526932079997
0.3268533902680544
0.3268526932079997
0.3268780111096826
0.32685331551016994
0.3274143694748356
0.3269362085742133
0.32685331551016994
0.32685331551016994
0.32685331551016994
0.3268533902680544
0.32691151297470056
0.3268526932079997
0.32685331551016994
0.3268526932079997
0.3278408773765389
0.3268533902680544
0.3268526932079997
0.3471101149403282
0.32685331551016994
0.32685331551016994
0.3289574208986534
0.32685331551016994
0.32685331551016994
0.3268533902680544
0.3385382442396946
0.3268533902680544
0.32685331551016994
0.7957372607177207
0.3268526932079997
0.32685331551016994
0.3268526932079997
0.3297732462949148
0.3268526932079997
0.3268526932079997
0.32685331551016994
0.3268526932079997
0.3268526932079997
0.32685331551016994
0.32685331551016994
0.32685331551016994
0.3268526932079997
0.32685331551016994
0.3268526932079997
0.32687102235128707
0.33853816948181015
0.3268533902680544
0.32685331551016994
0.32685331551016994
0.5668283563853936
0.3268526932079997
0.32685276796588414
0.3268526932079997
0.32685331551016994
0.33853762193752435
0.32685331551016994
0.3268533902680544
0.32685331551016994
0.32685331551016994
0.32685331551016994
0.32685331551016994
0.32685331551016994
0.3297732462949148
0.32685331551016994
0.3268526932079997
0.3268533902680544
0.33853816948181015
0.3268533902680544
0.3268526932079997
0.32685331551016994
0.32685331551016994
