0.3268533902680544
0.32685276796588414
0.3268533902680544
0.3268533902680544
0.32685276796588414
0.3268533902680544
0.3292347827486515
0.3268533902680544
0.3268533902680544
0.3268533902680544
0.3268533902680544
0.3268533902680544
0.32784025507436865
0.32685331551016994
0.32685331551016994
0.32977394335496946
0.32839844149697445
0.3268533902680544
0.3268533902680544
0.32685276796588414
0.3268533902680544
0.3268533902680544
0.3268533902680544
0.5246080086260372
0.3268533902680544
0.32685331551016994
0.3278408773765389
0.3268533902680544
0.326911587732585
0.32685331551016994
0.326911587732585
0.3268533902680544
0.32685331551016994
0.32685276796588414
0.32685276796588414
0.3268533902680544
0.32685276796588414
0.3268533902680544
0.3465497580357172
1.4414510735002701
0.3268533902680544
0.3268533902680544
0.3268533902680544
0.3268533902680544
0.32839915238060635
0.9504673604195495
0.3268533902680544
0.3268533902680544
0.3297733210527992
0.37788952843186274
0.32685331551016994
0.3278408773765389
0.32685276796588414
0.3268533902680544
0.3268533902680544
0.32685331551016994
0.32685331551016994
0.32685331551016994
0.3268533902680544
0.3268533902680544
0.32685276796588414
0.3268533902680544
0.5542257840619038
0.32685276796588414
0.3268533902680544
0.3465497580357172
0.3268533902680544
0.32685331551016994
0.32685331551016994
0.7957372607177207
0.3268533902680544
0.32685276796588414
0.3268533902680544
0.32685276796588414
0.33853762193752435
0.3268533902680544
0.3268533902680544
0.3471101896982126
0.3268533902680544
0.3268533902680544
0.3268533902680544
0.32685276796588414
1.4414510735002701
0.3268533902680544
0.35472349874386466
0.3381299798642556
0.3471690094649135
0.32685331551016994
0.3268533902680544
0.3268533902680544
0.3268533902680544
0.5668283563853936
0.3268533902680544
0.3547817709662797
0.32685331551016994
0.3268533902680544
0.3268533902680544
0.32685331551016994
0.32685276796588414
0.32685331551016994
0.34654968327783275
0.5588958892033337
0.3268533902680544
0.3268533902680544
0.32685331551016994
0.3268533902680544
0.32685331551016994
0.32687102235128707
0.32685331551016994
0.32693566102992744
0.32685276796588414
1.4414401221982664
0.3268533902680544
0.32685331551016994
0.3268533902680544
0.32685331551016994
0.3278408773765389
0.3268533902680544
0.3268533902680544
0.329773868597085
0.32685276796588414
0.3268526932079997
0.32685276796588414
0.3268533902680544
0.3268533902680544
0.3268533902680544
0.32685276796588414
0.32685276796588414
0.4242565408460075
0.3268533902680544
0.3268526932079997
0.3268533902680544
0.3471107372424984
0.3268533902680544
0.32685331551016994
0.32687102235128707
0.3268533902680544
0.3268533902680544
0.3268533902680544
0.3286716410661872
0.3268533902680544
0.32685276796588414
0.32685276796588414
0.32685276796588414
0.32685331551016994
1.5791548253118286
0.326935586272043
0.3268533902680544
0.3268533902680544
0.32685331551016994
0.3268533902680544
0.3268533902680544
0.3268533902680544
0.32685276796588414
0.3268533902680544
0.32685331551016994
0.3268533902680544
0.3268533902680544
0.3268533902680544
0.32839915238060635
0.32685331551016994
0.3292347827486515
0.32685276796588414
0.32685331551016994
0.3268533902680544
0.3268533902680544
0.3268533902680544
0.3279237704405823
0.3268533902680544
0.32685331551016994
0.3268533902680544
0.3268533902680544
0.3268533902680544
0.3268533902680544
0.32685331551016994
0.32685331551016994
0.32741444423272004
0.32685276796588414
0.3279237704405823
0.3268533902680544
0.951017817254375
0.7957641285179022
0.32685276796588414
0.32685276796588414
0.3268533902680544
0.3268533902680544
0.32685276796588414
0.3268533902680544
0.32685331551016994
0.3268533902680544
0.32685276796588414
0.3268533902680544
0.32685331551016994
0.32685331551016994
0.32691096543041476
0.32685276796588414
0.3268533902680544
0.32685276796588414
0.32741444423272004
0.3285787369983459
0.3268533902680544
0.3268533902680544
0.3268533902680544
0.32685276796588414
0.3268533902680544
0.42425582996237565
0.32685331551016994
0.3547235735017491
0.3268533902680544
1.4414516063343241
0.32685276796588414
0.3268533902680544
0.3268533902680544
0.32922477174485354
0.32685331551016994
0.33853762193752435
0.3268533902680544
0.3268533902680544
0.3268533902680544
0.32685276796588414
0.3268533902680544
0.35472349874386466
0.32685276796588414
0.328957509480115
0.3385382442396946
0.3268533902680544
0.32685276796588414
0.3268533902680544
0.3268533902680544
0.3268533902680544
0.32685331551016994
0.3292594783481642
0.3268533902680544
0.3268533902680544
0.32685331551016994
0.4468497242395054
0.32685331551016994
0.32685331551016994
0.3268526932079997
0.32685276796588414
0.3268533902680544
0.32685276796588414
0.32685331551016994
0.3268533902680544
0.32685276796588414
0.7957641285179022
0.32685331551016994
0.32687808586756706
0.35472349874386466
0.32685331551016994
0.3268533902680544
0.32685331551016994
0.32685276796588414
0.32691151297470056
0.32685331551016994
0.32687808586756706
0.3487535394544805
0.3268533902680544
0.32685331551016994
0.3268533902680544
0.3285887480021438
0.32685276796588414
0.32685276796588414
0.32839844149697445
0.32685331551016994
0.3268533902680544
0.3268533902680544
0.3268533902680544
0.32685331551016994
0.32784080261865445
0.3268533902680544
0.3268533902680544
0.3268533902680544
0.3268533902680544
0.32685276796588414
0.3268533902680544
0.7957371859598362
0.3278990000831851
0.7960077396963502
0.3268533902680544
0.32685276796588414
0.3268533902680544
0.3268533902680544
0.3268533902680544
0.32685276796588414
0.3268526932079997
0.32685276796588414
0.32685276796588414
0.326911587732585
0.3268533902680544
0.32977394335496946
0.32685276796588414
0.3268533902680544
0.3268533902680544
0.32685276796588414
0.34711081200038285
1.4414514960420408
0.3268533902680544
0.3268533902680544
0.3268533902680544
0.3268533902680544
0.3268533902680544
0.3268526932079997
0.3268533902680544
0.3268533902680544
0.3268533902680544
0.32685276796588414
0.32685331551016994
0.4242565408460075
0.3268533902680544
0.32685276796588414
0.32685331551016994
1.4414501097169305
0.3268526932079997
0.32685276796588414
0.32685276796588414
0.4242862872293302
0.3268533902680544
0.32685276796588414
0.3268533902680544
0.3268774635653968
0.7891176027847704
0.32685276796588414
0.7957372607177207
0.32685331551016994
0.32693628333209773
0.3268533902680544
0.326911587732585
0.32685331551016994
0.32685276796588414
0.3268533902680544
0.3268533902680544
0.3268533902680544
0.3385382442396946
0.32685276796588414
0.3268533902680544
0.32922477174485354
0.3465497580357172
0.32685331551016994
0.3268526932079997
0.3268533902680544
0.32685276796588414
0.3268533902680544
0.3268533902680544
0.32685276796588414
0.32685276796588414
0.3268533902680544
0.32685331551016994
0.32839915238060635
0.32685331551016994
0.3268533902680544
0.32685331551016994
0.32685331551016994
0.32685276796588414
0.3268533902680544
0.32685331551016994
0.32685276796588414
0.3268533902680544
0.3268533902680544
0.3268533902680544
0.32685276796588414
0.32685331551016994
0.3268533902680544
0.3268533902680544
0.3268533902680544
0.3268533902680544
0.32685276796588414
0.3268533902680544
0.32685331551016994
0.3268533902680544
0.4242869981129621
0.7960346074965317
0.33986541235622947
0.3268533902680544
0.3268533902680544
0.3268533902680544
0.3381313449424327
0.3268533902680544
0.9504673604195495
0.32685331551016994
0.3268533902680544
0.34711081200038285
0.32685276796588414
0.5668306098571383
0.32839915238060635
0.3268533902680544
0.3268533902680544
0.32691096543041476
0.3268533902680544
0.32685276796588414
0.3268533902680544
0.32685276796588414
0.3268533902680544
0.42425976130625864
0.7957640537600177
0.32691151297470056
0.3465497580357172
0.3268533902680544
0.3268533902680544
0.3268533902680544
0.3268533902680544
0.32685331551016994
0.3268526932079997
0.3268533902680544
0.3268533902680544
0.3268533902680544
0.32685331551016994
0.32685331551016994
0.32685331551016994
0.3268533902680544
0.3268533902680544
0.3268533902680544
0.32685276796588414
0.32685331551016994
0.3268533902680544
0.3385375471796399
0.32685276796588414
0.3268533902680544
0.34711081200038285
0.3292347827486515
0.32685276796588414
0.3385382442396946
0.32685276796588414
1.4414514960420408
0.32685331551016994
0.3268533902680544
0.3268533902680544
0.32685276796588414
0.3268533902680544
0.32685331551016994
0.3268533902680544
0.3268533902680544
0.32685331551016994
0.32685331551016994
0.32685276796588414
0.3268533902680544
0.32685331551016994
0.32685276796588414
0.3268526932079997
0.32685331551016994
0.32685331551016994
0.3268533902680544
0.32685331551016994
0.32923470799076704
0.3268533902680544
0.3268533902680544
0.3268704000491168
0.5822706059749134
0.32685331551016994
0.3297732462949148
0.32685331551016994
0.32685331551016994
0.3385382442396946
0.32685331551016994
0.3268533902680544
0.32685276796588414
0.3268533902680544
0.8548513934797171
0.32687102235128707
0.3268533902680544
0.32685331551016994
0.32685331551016994
0.3268533902680544
0.32685331551016994
0.32685331551016994
0.32685331551016994
0.3268533902680544
1.4414514960420408
0.4468497242395054
0.3268533902680544
0.3268533902680544
0.3268533902680544
0.3268533902680544
0.3268533902680544
0.3268533902680544
0.44391305468739645
0.3268526932079997
0.32685331551016994
0.3646415013991626
0.32685276796588414
0.3268533902680544
0.3268533902680544
0.3268533902680544
0.3268533902680544
0.3268533902680544
0.32685276796588414
0.3268533902680544
0.32685276796588414
0.32685276796588414
0.3268533902680544
0.3268533902680544
0.34711081200038285
0.5239049676172
0.32685276796588414
0.32977394335496946
0.32687808586756706
0.32839915238060635
0.32685276796588414
0.3268533902680544
0.3465497580357172
0.3268533902680544
0.3268533902680544
0.3268533902680544
0.3268533902680544
0.32685276796588414
0.3268533902680544
0.3268533902680544
0.326911587732585
0.32685331551016994
0.32685276796588414
0.32685276796588414
0.3268533902680544
0.32685276796588414
0.32786549821816713
0.32685276796588414
0.3268533902680544
0.3268533902680544
0.3268533902680544
0.32685331551016994
0.3289581317822853
0.32685276796588414
0.3268533902680544
0.7957372607177207
0.32685331551016994
0.3268533902680544
0.3268533902680544
0.3268780111096826
0.3268533902680544
0.3285887480021438
0.3268533902680544
0.3547235735017491
0.32685331551016994
0.9504594396517244
0.3268533902680544
0.3268533902680544
0.3268533902680544
0.3268533902680544
0.3268533902680544
0.3465497580357172
0.32687102235128707
0.32685331551016994
0.3268533902680544
0.3268533902680544
0.3268533902680544
0.3268533902680544
0.5668306098571383
0.3268533902680544
0.32685331551016994
0.3381294323199697
0.3268533902680544
0.32685331551016994
0.3268533902680544
0.3268533902680544
0.32685331551016994
0.3285887480021438
0.3547235735017491
0.3268533902680544
0.32685276796588414
0.3268533902680544
0.3268533902680544
0.3292929802131822
0.3268533902680544
0.3268533902680544
0.32685331551016994
0.32840056905305215
0.3268533902680544
0.32685276796588414
0.32685331551016994
0.3268533902680544
0.3268526932079997
0.3268533902680544
0.3268533902680544
0.3268533902680544
0.3292347827486515
0.3268533902680544
0.32685276796588414
0.32685331551016994
0.32685276796588414
0.3268533902680544
0.3268533902680544
0.32685276796588414
0.32687808586756706
0.3268533902680544
0.32685331551016994
0.3268774635653968
0.9726754922345516
0.3268533902680544
0.4242565408460075
0.3268533902680544
0.32687808586756706
0.3268533902680544
0.32685331551016994
0.3268533902680544
0.3268533902680544
0.3268533902680544
0.3268533902680544
0.3268533902680544
0.3268533902680544
0.3268533902680544
0.3268533902680544
0.3268533902680544
0.3268533902680544
0.3268533902680544
0.3268526932079997
0.3268533902680544
0.32687808586756706
0.3268533902680544
0.32685276796588414
0.32685276796588414
0.326911587732585
0.3268533902680544
0.32685276796588414
0.3268533902680544
0.3268533902680544
0.3268533902680544
0.32685276796588414
0.951017817254375
1.4414510735002701
0.32687102235128707
0.3268533902680544
0.3268533902680544
0.3268533902680544
0.3268533902680544
0.3268533902680544
0.3268533902680544
0.3268533902680544
0.32685276796588414
0.32685331551016994
0.3268533902680544
0.3268533902680544
0.3268533902680544
0.3268533902680544
0.32685331551016994
0.3268533902680544
0.3268533902680544
0.3292347827486515
0.3268533902680544
0.3465497580357172
0.3465497580357172
0.3274391398322327
0.3268533902680544
0.3268533902680544
0.3268526932079997
0.3268526932079997
0.3268533902680544
0.32685276796588414
0.3268533902680544
1.4414514960420408
0.32685331551016994
0.3268533902680544
0.3268533902680544
0.3268533902680544
0.3268533902680544
0.32685276796588414
0.3268526932079997
0.3268533902680544
0.32685276796588414
0.32685331551016994
0.3268533902680544
0.3268533902680544
0.3385382442396946
0.32685276796588414
0.3268533902680544
0.3268533902680544
0.32784025507436865
0.32685331551016994
0.3268533902680544
0.3268526932079997
0.32687102235128707
0.32685276796588414
0.3268533902680544
0.4468490133558735
0.32685276796588414
0.3268533902680544
0.3268533902680544
0.3268533902680544
0.32685276796588414
0.9510257380222
0.7957640537600177
0.32685276796588414
0.329773868597085
0.32685276796588414
0.32685331551016994
0.32685331551016994
0.3268533902680544
0.3268533902680544
0.3268533902680544
0.3274143694748356
0.32685331551016994
0.3278408773765389
0.3268533902680544
0.3268533902680544
0.3268526932079997
0.3268533902680544
0.32685331551016994
0.3268533902680544
0.3268533902680544
0.32687102235128707
0.3268526932079997
0.34711081200038285
0.3268533902680544
0.3268533902680544
0.3268704000491168
0.3268533902680544
0.3268533902680544
0.3268533902680544
0.5821300838432796
0.32979157543820214
0.3268533902680544
0.3268533902680544
0.3268533902680544
0.3268533902680544
0.7957372607177207
0.3268533902680544
0.3268526932079997
0.3268533902680544
0.3268533902680544
0.3268533902680544
0.3268533902680544
0.3268526932079997
0.3268533902680544
0.3268533902680544
0.3268533902680544
0.3268533902680544
0.3268780111096826
0.3268526932079997
0.3268533902680544
0.3268780111096826
0.3268533902680544
0.3268533902680544
0.32784080261865445
0.3268533902680544
0.3268533902680544
0.4468490133558735
0.3268533902680544
0.32685331551016994
0.32685331551016994
0.7957372607177207
0.32685331551016994
0.32685276796588414
0.3268526932079997
0.3268533902680544
0.3268526932079997
0.3268533902680544
0.3268533902680544
0.3268533902680544
0.9510187708439789
0.32685331551016994
0.3278408773765389
0.32685276796588414
0.32685276796588414
0.3268533902680544
0.32687102235128707
0.32685331551016994
0.3268533902680544
0.32685331551016994
0.32922477174485354
0.326911587732585
0.32685331551016994
0.32685276796588414
0.32685331551016994
0.3268533902680544
0.3268533902680544
0.32685331551016994
0.32685331551016994
0.3268773888075124
0.3268533902680544
0.3268533902680544
0.32685331551016994
0.3268533902680544
0.32693628333209773
0.3268533902680544
0.32685276796588414
0.32685276796588414
0.3268533902680544
0.3268526932079997
0.5668530519849063
0.3385382442396946
0.3268533902680544
0.32685276796588414
0.3465490609756625
0.3268533902680544
0.34654913573354695
0.3268533902680544
0.5668283563853936
0.3268533902680544
0.32923470799076704
0.32685276796588414
0.3268533902680544
0.32685276796588414
0.3268533902680544
0.3268533902680544
0.32685276796588414
0.3268533902680544
0.3268533902680544
0.32685331551016994
0.3268533902680544
0.3268533902680544
0.3268533902680544
0.3268533902680544
0.3268533902680544
0.3274143694748356
0.32685276796588414
0.3268533902680544
0.3268533902680544
0.3268533902680544
0.32685331551016994
0.32685276796588414
0.32685276796588414
0.32741444423272004
0.3268533902680544
0.7957641285179022
0.3268533902680544
0.32687102235128707
0.32685331551016994
0.3268533902680544
0.3268533902680544
0.32687102235128707
0.3268533902680544
0.32685331551016994
0.3268533902680544
0.3285887480021438
0.3268533902680544
0.3268533902680544
0.32685331551016994
0.3268533902680544
0.3268533902680544
0.3268533902680544
0.32685331551016994
0.32685276796588414
0.32685331551016994
0.5668306098571383
0.32685276796588414
1.4414510735002701
0.3268533902680544
0.3268533902680544
0.32685331551016994
0.3268533902680544
0.32685276796588414
0.32691151297470056
0.32685276796588414
0.3268533902680544
0.3465490609756625
0.3268526932079997
0.3268533902680544
0.32693628333209773
0.3268533902680544
0.3268533902680544
0.32685331551016994
0.7957641285179022
0.3268526932079997
0.3268533902680544
0.3268533902680544
0.3268533902680544
0.3268533902680544
0.3268526932079997
0.33813072264026245
0.32685331551016994
0.3268533902680544
0.3268526932079997
0.3289581317822853
0.3268533902680544
0.32685276796588414
0.32685331551016994
0.32685276796588414
0.3268533902680544
0.32685276796588414
0.326911587732585
0.3268533902680544
0.3268526932079997
0.3268533902680544
0.3268533902680544
0.32687102235128707
0.32691096543041476
0.32685331551016994
0.326911587732585
0.5821323373150242
0.5539250519360219
0.3268533902680544
0.32685331551016994
0.3268533902680544
0.3268533902680544
0.32685331551016994
0.32685276796588414
0.3268533902680544
0.32685331551016994
0.3268533902680544
0.3268533902680544
0.32685331551016994
0.32685331551016994
0.32685276796588414
0.3268533902680544
0.3268533902680544
0.7957372607177207
0.32685276796588414
0.5239049676172
0.3268533902680544
0.3292494673443662
0.3268533902680544
0.3268533902680544
0.32685276796588414
0.32685331551016994
0.3268533902680544
0.34884539291276784
0.3547235735017491
0.3268533902680544
0.32685331551016994
0.3274143694748356
0.3471101896982126
0.3268533902680544
0.3268533902680544
0.3268526932079997
0.32685331551016994
0.329773868597085
0.3289581317822853
0.32685331551016994
0.3268533902680544
0.3381299798642556
0.32685276796588414
0.32857866224046145
0.329773868597085
0.3268533902680544
0.32687808586756706
0.32685331551016994
0.4517087248273801
0.45493646005892396
0.3268533902680544
0.32685276796588414
0.32685331551016994
0.3268533902680544
0.3268533902680544
0.3268703252912324
0.7957372607177207
0.3268533902680544
0.3268533902680544
0.3268533902680544
0.3268533902680544
0.32685331551016994
0.3268533902680544
0.3268526932079997
0.32685331551016994
0.3268533902680544
0.3285887480021438
0.33813005462214
0.3268533902680544
0.3268533902680544
0.3471101896982126
0.3268526932079997
0.32685331551016994
0.32685276796588414
0.3268533902680544
0.3268533902680544
0.7903545786025488
0.3268533902680544
0.3268533902680544
0.3268533902680544
0.3268533902680544
0.3268533902680544
0.32685276796588414
0.35472349874386466
0.3268533902680544
0.3268533902680544
0.3268533902680544
0.3268533902680544
0.3268533902680544
0.32685331551016994
0.32685331551016994
0.3268533902680544
0.32786557297605157
0.3268533902680544
0.3268533902680544
0.3268526932079997
0.32685276796588414
0.326935586272043
0.3268533902680544
0.32685276796588414
0.32685331551016994
0.32685276796588414
0.3268533902680544
0.3268533902680544
0.32860335783997413
0.32685276796588414
0.3268533902680544
0.3268533902680544
0.3268533902680544
0.3268533902680544
0.4242565408460075
0.3268533902680544
0.3268533902680544
0.3268533902680544
0.33813005462214
0.5246080086260372
0.32685331551016994
0.3268533902680544
0.32685276796588414
0.3268533902680544
0.3465684272416519
0.32685276796588414
0.32685331551016994
0.3268533902680544
