0.686217764228544
0.3271593300548329
0.32716003584364683
0.327161369029449
0.3450422467134526
0.3271599523570031
0.3271599523570031
0.3271599523570031
0.3271768053030913
0.3271599523570031
0.3271592414733713
0.3271593300548329
0.3271592414733713
0.3271593300548329
0.3271599523570031
0.4252646091167098
0.3271593300548329
0.3271599523570031
0.3271599523570031
0.3271593300548329
0.32717618300092105
0.3271599523570031
0.3271593300548329
0.327161369029449
0.3271599523570031
0.3271760944194594
0.3271768053030913
0.32716074672727874
0.327161369029449
0.32716074672727874
0.5297342864976313
0.327161369029449
0.3271593300548329
0.32718606462896166
0.32716074672727874
0.32716074672727874
0.3271593300548329
0.327161369029449
0.3271599523570031
0.32760451351464015
0.327161369029449
0.3271606581458171
0.3271599523570031
0.331199381792903
0.3271599523570031
0.3271599523570031
0.3271599523570031
0.327161369029449
0.3271599523570031
0.327161369029449
0.3271599523570031
0.3638161077797418
0.3271593300548329
0.3271592414733713
0.3271599523570031
0.327161369029449
0.327161369029449
0.3271593300548329
0.32716074672727874
0.3271599523570031
0.3271599523570031
0.3271599523570031
0.3276227831331741
0.3596387103205468
0.3271592414733713
0.327161369029449
0.32716074672727874
0.32716074672727874
0.3271599523570031
0.3271593300548329
0.3271599523570031
0.32841742199914026
0.327161369029449
0.3271593300548329
0.327161369029449
0.3271593300548329
0.327161369029449
0.3271593300548329
0.3271593300548329
0.327161369029449
0.3271593300548329
0.327161369029449
0.32717547211728915
0.3297733210527992
0.32716074672727874
0.3271599523570031
0.327161369029449
0.327161369029449
0.3271599523570031
0.3271599523570031
0.32716074672727874
0.32716003584364683
0.327161369029449
0.32716074672727874
0.327161369029449
0.3271599523570031
0.3271599523570031
0.3271599523570031
0.32716074672727874
0.3271593300548329
0.3271593300548329
0.3271599523570031
0.3271593300548329
0.327161369029449
0.32716074672727874
0.3271599523570031
0.32716074672727874
0.3271599523570031
0.327161369029449
0.327161369029449
0.3271599523570031
0.32716074672727874
0.3271599523570031
0.3271599523570031
0.327161369029449
0.3271599523570031
0.327161369029449
0.327161369029449
0.3271599523570031
0.3271599523570031
0.3271599523570031
0.3271599523570031
0.32716074672727874
0.3271599523570031
0.32716074672727874
0.327161369029449
0.3271593300548329
0.327161369029449
0.327161369029449
0.3819748245495587
0.3271599523570031
0.3271782219755371
0.3271599523570031
0.327161369029449
0.3271599523570031
0.32716074672727874
0.327161369029449
0.3271599523570031
0.32716074672727874
0.3271599523570031
0.3271768053030913
0.327161369029449
0.32716074672727874
0.3271599523570031
0.3271599523570031
0.3271599523570031
0.327161369029449
0.3271599523570031
0.3271599523570031
0.3271599523570031
0.3819727855749427
0.3271599523570031
0.3271599523570031
0.32716074672727874
0.3271599523570031
0.327161369029449
0.3271593300548329
0.3271599523570031
0.3271593300548329
0.3271593300548329
0.327161369029449
0.327161369029449
0.3271599523570031
0.327161369029449
0.3271599523570031
0.3271599523570031
0.3271599523570031
0.327161369029449
0.3271599523570031
0.32716074672727874
1.0432579485941442
0.3271599523570031
0.3271599523570031
0.3271599523570031
0.3271599523570031
0.3271599523570031
0.3271599523570031
0.32840056905305215
0.3271599523570031
0.32977394335496946
0.3271599523570031
0.327161369029449
0.327161369029449
0.3271599523570031
0.32717618300092105
0.3271606581458171
0.3271593300548329
0.3271599523570031
0.3271593300548329
0.3271599523570031
0.32716074672727874
0.3271599523570031
0.3271599523570031
0.3271599523570031
0.3271599523570031
0.327161369029449
0.327161369029449
0.3271599523570031
0.327161369029449
0.3271599523570031
0.3271599523570031
0.32717759967336685
0.3271599523570031
0.32716074672727874
0.3271593300548329
0.327161369029449
0.3271599523570031
0.3271599523570031
0.3271599523570031
0.3298315185173299
0.3271599523570031
0.327161369029449
0.327161369029449
0.327161369029449
0.32716074672727874
0.3271599523570031
0.3271599523570031
0.32716074672727874
0.3271599523570031
0.32716074672727874
0.3271599523570031
0.3271599523570031
0.3271593300548329
0.3271593300548329
0.327161369029449
0.3271599523570031
0.6891282436167019
0.327161369029449
0.327161369029449
0.3271593300548329
0.3271599523570031
0.3271599523570031
0.327161369029449
0.3271593300548329
0.32716074672727874
0.327161369029449
0.3271593300548329
0.32716074672727874
0.327161369029449
0.327161369029449
0.327161369029449
0.3271593300548329
0.3271599523570031
0.32716074672727874
0.3271599523570031
0.3271599523570031
0.3271599523570031
0.327161369029449
0.3271599523570031
0.3271593300548329
0.327161369029449
0.32716074672727874
0.32716074672727874
0.32716074672727874
0.327161369029449
0.32716074672727874
0.3271593300548329
0.3271599523570031
0.3271593300548329
0.3271599523570031
0.3271599523570031
0.3271593300548329
0.3271599523570031
0.3271599523570031
0.327161369029449
0.327161369029449
0.32716074672727874
0.3450436633858984
0.327161369029449
0.327161369029449
0.32716074672727874
0.3271593300548329
0.3271599523570031
0.32716074672727874
0.3271599523570031
0.35964012699299264
0.3271599523570031
0.3271599523570031
0.32716074672727874
0.327161369029449
0.327161369029449
0.3271782219755371
0.3271599523570031
0.3271599523570031
0.327161369029449
0.3271782219755371
0.3271768053030913
0.3271599523570031
0.327161369029449
0.327161369029449
0.3271599523570031
0.3271599523570031
0.3271593300548329
0.3271593300548329
0.3271599523570031
0.3271599523570031
0.9880720511250425
0.3271599523570031
0.3271599523570031
0.3271599523570031
0.327161369029449
0.327161369029449
0.3515734961568524
0.327161369029449
0.32716074672727874
0.327161369029449
0.32715861917120104
0.3271599523570031
0.3271599523570031
0.3271599523570031
0.327161369029449
0.327161369029449
0.32716074672727874
0.3271593300548329
0.327161369029449
0.3271599523570031
0.32716074672727874
0.3271599523570031
0.6891861065204556
0.32717759967336685
1.6201819594380982
0.3271599523570031
0.327161369029449
0.327161369029449
0.3271599523570031
0.327161369029449
0.32716074672727874
0.3271599523570031
0.327161369029449
0.3271599523570031
0.331199381792903
0.327161369029449
0.32716074672727874
0.32717759967336685
0.3271599523570031
0.3271599523570031
0.327161369029449
0.32716074672727874
0.327161369029449
0.3271599523570031
0.3271593300548329
0.327161369029449
0.3271599523570031
0.3271599523570031
0.3450430410837282
0.32716074672727874
0.3271599523570031
1.6201714423348939
0.327161369029449
0.327161369029449
0.327161369029449
0.327161369029449
0.327161369029449
0.3271599523570031
0.327161369029449
1.6201697862055797
0.3271599523570031
0.3271599523570031
0.3271599523570031
0.3271840256543456
0.3271599523570031
0.3271599523570031
0.327161369029449
0.3271599523570031
0.327161369029449
0.3271593300548329
0.3271599523570031
0.3271599523570031
0.327161369029449
0.3271599523570031
0.3271599523570031
0.3271599523570031
0.3271599523570031
0.3271593300548329
0.3271606581458171
0.3272029175750498
0.327161369029449
0.32716074672727874
0.327161369029449
0.6891035480171892
0.32977394335496946
0.35964012699299264
0.3271593300548329
0.3271599523570031
0.3271593300548329
0.327161369029449
0.3271599523570031
0.3271599523570031
0.327161369029449
0.327161369029449
0.32716074672727874
0.3271599523570031
0.327161369029449
0.327161369029449
0.327161369029449
0.3271599523570031
0.32716074672727874
0.3271599523570031
0.327161369029449
0.327161369029449
0.3271599523570031
0.32717618300092105
0.3271599523570031
0.6892845834849992
0.3271599523570031
0.3271599523570031
0.32716074672727874
0.327161369029449
0.3271599523570031
0.3271593300548329
0.327161369029449
0.3271599523570031
0.3271599523570031
0.3271768053030913
0.327161369029449
0.327161369029449
0.3271599523570031
0.32716074672727874
0.327161369029449
0.32716074672727874
0.32839844149697445
0.327161369029449
0.327161369029449
0.327161369029449
0.3271593300548329
0.3271593300548329
0.3271606581458171
0.3271599523570031
0.3271599523570031
0.3271599523570031
0.3271599523570031
0.3456006038129613
0.327161369029449
0.3271599523570031
0.3271606581458171
0.3271592414733713
0.3271599523570031
0.3271599523570031
0.32977394335496946
0.327161369029449
0.3271599523570031
0.32977394335496946
0.3271599523570031
0.3271599523570031
0.3271593300548329
0.3271593300548329
0.3271593300548329
0.32716074672727874
0.3271593300548329
0.3271593300548329
0.3271593300548329
0.3271593300548329
0.32716003584364683
0.3271592414733713
0.5297342864976313
0.3271599523570031
0.3271599523570031
0.32716074672727874
0.3271768053030913
0.3271599523570031
0.3271599523570031
0.327161369029449
0.3271593300548329
0.3271592414733713
0.3271599523570031
0.3271599523570031
0.3271782219755371
0.327161369029449
0.32716074672727874
0.3271592414733713
0.327161369029449
0.3271599523570031
0.3271599523570031
0.3271599523570031
0.32717618300092105
0.3271599523570031
0.3271599523570031
0.3271593300548329
0.35157278527322056
0.3271599523570031
0.327161369029449
0.3271593300548329
0.327161369029449
0.327161369029449
0.32716074672727874
0.327161369029449
0.327161369029449
0.327161369029449
0.3271599523570031
0.32716074672727874
0.32716074672727874
0.6891035480171892
0.3271599523570031
0.32716074672727874
0.32716003584364683
0.3271599523570031
0.3271599523570031
0.3271599523570031
0.327161369029449
0.327161369029449
0.32716074672727874
1.6201714162358731
0.3271593300548329
0.327161369029449
0.327161369029449
0.327161369029449
0.32716074672727874
0.3271599523570031
0.3271599523570031
0.32716074672727874
0.327161369029449
0.5297647437645858
0.327161369029449
0.327161369029449
0.3271599523570031
1.6201710342351152
0.3271599523570031
0.327161369029449
0.327161369029449
0.327161369029449
0.32718606462896166
0.3271592414733713
0.327161369029449
0.327161369029449
0.3271599523570031
0.327161369029449
0.32760451351464015
0.32716074672727874
0.3271599523570031
0.3271593300548329
0.3271606581458171
0.32716003584364683
0.32716074672727874
0.327161369029449
0.6891035480171892
0.3271599523570031
0.3271593300548329
0.327161369029449
0.327161369029449
0.327161369029449
0.3271599523570031
0.32716074672727874
0.327161369029449
0.327161369029449
0.3271599523570031
0.3271599523570031
0.327161369029449
0.3271599523570031
0.3271593300548329
0.3271599523570031
0.32716074672727874
0.3271599523570031
0.3271593300548329
0.327161369029449
0.32716074672727874
0.327161369029449
0.3271592414733713
0.3271599523570031
0.3515749128292982
0.3271593300548329
0.3515749128292982
0.3271593300548329
0.32716074672727874
0.3271599523570031
0.3515721629710503
0.327161369029449
0.3271599523570031
0.3271599523570031
0.3271593300548329
0.32717618300092105
0.327161369029449
0.3271593300548329
0.327161369029449
0.32716074672727874
0.3271599523570031
0.327161369029449
0.3271599523570031
0.327161369029449
0.32716074672727874
0.327161369029449
0.3271599523570031
0.327161369029449
0.32716074672727874
0.32716074672727874
0.3271593300548329
0.3271593300548329
0.327161369029449
0.3271599523570031
0.327161369029449
0.3271599523570031
0.327161369029449
0.3271768053030913
0.3271606581458171
0.3271599523570031
0.3271599523570031
0.3271599523570031
0.327161369029449
0.327161369029449
0.3271599523570031
0.327161369029449
0.3271599523570031
0.3271599523570031
0.3271593300548329
0.3271599523570031
0.32716074672727874
0.327161369029449
0.3271599523570031
0.327161369029449
0.3271599523570031
0.327161369029449
0.3271599523570031
0.327161369029449
0.3271599523570031
0.3271599523570031
0.3271599523570031
0.3271599523570031
0.3271599523570031
0.3271599523570031
0.3271599523570031
0.3271593300548329
0.327161369029449
0.3271599523570031
0.32716074672727874
0.32716074672727874
0.3271599523570031
0.32716074672727874
0.3271599523570031
0.327161369029449
0.327161369029449
0.327161369029449
0.327161369029449
0.3271599523570031
0.3271599523570031
0.3271593300548329
0.32717547211728915
0.327161369029449
0.3271606581458171
0.327161369029449
0.32716074672727874
0.3271599523570031
0.327161369029449
0.327161369029449
0.327161369029449
0.3271599523570031
0.32716074672727874
0.327161369029449
0.327161369029449
0.3271599523570031
0.3271599523570031
0.327161369029449
0.32771893175868205
0.32716074672727874
0.327161369029449
0.3271599523570031
0.32716074672727874
0.3271599523570031
0.3271593300548329
0.3271593300548329
0.327161369029449
0.3271593300548329
0.32716074672727874
0.3271593300548329
0.3271599523570031
0.3271599523570031
0.3271599523570031
0.9880547593249444
0.3271599523570031
0.32716074672727874
0.327161369029449
0.327161369029449
0.327161369029449
0.3271599523570031
0.3271599523570031
0.327161369029449
0.3271593300548329
0.38197340787711287
0.3271599523570031
0.32716003584364683
0.32716074672727874
0.327161369029449
0.3271599523570031
0.327161369029449
0.3271593300548329
0.3271599523570031
0.3271599523570031
0.3271593300548329
0.3271599523570031
0.3271593300548329
0.32716074672727874
0.3271599523570031
0.327161369029449
0.3271599523570031
1.620180763606604
0.3271593300548329
1.6201819594380982
0.32716074672727874
0.3271599523570031
0.3271593300548329
0.327161369029449
0.3271593300548329
0.327161369029449
0.35157420194566635
0.327161369029449
0.3271599523570031
0.32716074672727874
0.3271599523570031
0.327161369029449
0.3271599523570031
0.3271599523570031
0.3515735796434961
0.42526782957696097
0.32716074672727874
0.3271593300548329
0.327161369029449
0.3271599523570031
0.3271593300548329
0.3271599523570031
0.327161369029449
0.3271599523570031
0.3271599523570031
0.32716074672727874
0.3271593300548329
0.3271599523570031
0.327161369029449
0.327161369029449
0.3271599523570031
0.3271593300548329
0.32716074672727874
0.3271592414733713
0.32716074672727874
0.32716074672727874
0.3271599523570031
0.3271593300548329
0.327161369029449
0.327161369029449
0.32716074672727874
0.3271593300548329
0.3271606581458171
0.327161369029449
0.3271599523570031
0.3271768053030913
0.327161369029449
0.327161369029449
0.32716074672727874
0.3271599523570031
0.3271599523570031
0.327161369029449
0.327161369029449
0.3271592414733713
0.3271593300548329
0.331189370789105
0.33096466792756996
0.32716074672727874
0.327161369029449
0.3450436633858984
0.327161369029449
0.3271599523570031
0.327161369029449
1.6201710081360945
0.3271599523570031
0.327161369029449
0.32716074672727874
0.327161369029449
0.3271768053030913
0.327161369029449
0.327161369029449
0.3271593300548329
0.3271593300548329
0.3271599523570031
0.327161369029449
0.32716074672727874
0.3271606581458171
0.3271599523570031
0.327161369029449
0.3271599523570031
0.3271599523570031
0.3271599523570031
0.3271599523570031
0.327161369029449
0.3271599523570031
0.327161369029449
0.3271599523570031
0.3271599523570031
0.5297342864976313
0.32716074672727874
0.32716074672727874
0.3271592414733713
0.32716074672727874
0.3271599523570031
0.3271593300548329
0.3271599523570031
0.3271593300548329
0.3596393326227171
0.3271593300548329
0.32716074672727874
0.3271599523570031
0.327161369029449
0.327161369029449
0.3276051358168104
0.3271593300548329
0.32716074672727874
0.32716074672727874
0.3271593300548329
0.32716074672727874
0.3271592414733713
0.3271593300548329
0.327161369029449
0.327161369029449
0.32716074672727874
0.3271599523570031
0.327161369029449
0.3271599523570031
0.32716074672727874
0.327161369029449
0.3271593300548329
0.32716074672727874
0.6891889896047564
0.3271593300548329
0.3271592414733713
0.32717618300092105
0.3271593300548329
0.3271768053030913
0.3271599523570031
0.3271599523570031
0.32717618300092105
0.3271768053030913
0.3271599523570031
0.327161369029449
0.32716074672727874
0.3271593300548329
0.32718606462896166
0.327161369029449
0.327161369029449
0.3271599523570031
0.3271599523570031
0.3271599523570031
0.327161369029449
0.3271599523570031
0.327161369029449
0.3271593300548329
0.3271599523570031
0.327161369029449
0.327161369029449
0.3271599523570031
0.327161369029449
0.3271599523570031
0.32716074672727874
0.3271593300548329
0.327161369029449
0.3271599523570031
0.327161369029449
0.327161369029449
0.3271599523570031
0.3271599523570031
0.32715861917120104
0.32716074672727874
0.3515734961568524
0.3271599523570031
0.327161369029449
0.3271599523570031
0.3271599523570031
0.327161369029449
0.3283978191948042
0.3271593300548329
0.3276065524892562
0.3596393326227171
0.3271599523570031
0.32716074672727874
0.3271599523570031
0.327161369029449
0.3271599523570031
0.3271599523570031
0.3271599523570031
0.3271599523570031
0.327161369029449
0.3271593300548329
0.3271599523570031
0.327161369029449
0.3271599523570031
0.6891621218045748
0.3271606581458171
0.327161369029449
0.327161369029449
0.3271599523570031
0.327161369029449
0.32716074672727874
0.327161369029449
0.3271599523570031
0.3271599523570031
0.3271599523570031
0.327161369029449
0.327161369029449
0.32716074672727874
0.327161369029449
0.327161369029449
0.327161369029449
0.3271593300548329
0.327161369029449
0.327161369029449
0.3271599523570031
0.32716074672727874
0.3271593300548329
0.7279004856657298
0.327161369029449
0.327161369029449
0.7279017068055947
0.3271599523570031
0.3271599523570031
0.3271599523570031
0.3271599523570031
0.6891304158173708
0.3271599523570031
0.5080399819495812
0.32716074672727874
0.327161369029449
0.3271768053030913
0.3271593300548329
0.32716074672727874
0.327161369029449
0.327161369029449
0.3271599523570031
0.3271599523570031
0.32716074672727874
0.3271593300548329
0.3271593300548329
0.3596387103205468
0.3271593300548329
0.32717618300092105
0.3271599523570031
0.32716074672727874
0.3271599523570031
0.327161369029449
0.327161369029449
0.3271599523570031
0.3271606581458171
0.3271593300548329
0.327161369029449
0.3271593300548329
0.3271599523570031
0.3271599523570031
0.3271599523570031
0.3271599523570031
0.327161369029449
0.3271599523570031
0.3271606581458171
0.32717759967336685
0.3271599523570031
0.3271599523570031
0.3271599523570031
0.3271599523570031
0.3271599523570031
0.32716074672727874
0.3596407492951629
0.3271599523570031
0.32717618300092105
0.3271599523570031
0.3271593300548329
0.327161369029449
0.6891868174040876
0.3271599523570031
0.6891889896047564
0.3271840256543456
0.3271599523570031
0.327161369029449
0.327161369029449
0.7419533164870612
0.3271599523570031
0.3271599523570031
0.3271599523570031
0.3271599523570031
0.3271593300548329
0.327161369029449
0.3271593300548329
0.3271599523570031
0.3271599523570031
0.327161369029449
0.3271599523570031
0.3276051358168104
0.3271599523570031
0.327161369029449
0.3271782219755371
0.3271599523570031
0.327161369029449
0.3271593300548329
0.32716003584364683
0.3271593300548329
0.351574290527128
0.3271592414733713
0.327161369029449
0.327161369029449
0.327161369029449
0.3271599523570031
0.32716074672727874
0.327161369029449
0.3271599523570031
0.3271593300548329
0.327161369029449
0.3271599523570031
0.3271599523570031
0.32716074672727874
