0.3269108906725303
0.3268526932079997
0.3268526932079997
0.3268526932079997
0.3268526932079997
0.3268774635653968
0.3268526932079997
0.5240116372063417
0.32685276796588414
0.3268773888075124
0.3268526932079997
0.32685276796588414
0.3268526932079997
0.3268526932079997
0.3268526932079997
0.32685276796588414
0.32685276796588414
0.3268773888075124
0.3268526932079997
0.3268526932079997
1.4414395809566978
0.3268526932079997
0.5239049676172
0.3268526932079997
0.3268526932079997
0.3268526932079997
0.3268526932079997
0.3268526932079997
0.3268526932079997
0.32685276796588414
0.3268526932079997
0.3268526932079997
0.3268773888075124
0.3268526932079997
0.3268526932079997
0.32685276796588414
0.32685276796588414
0.32685276796588414
0.3268526932079997
0.3268526932079997
0.4242869981129621
0.32685276796588414
0.32685276796588414
0.3268526932079997
0.32685331551016994
0.32685276796588414
0.32685331551016994
0.32685276796588414
0.32685276796588414
0.3268526932079997
0.32685276796588414
0.3268526932079997
0.3268526932079997
0.3268703252912324
0.326935586272043
0.3268526932079997
0.3268526932079997
0.3268526932079997
0.3268526932079997
0.3268533902680544
0.3268526932079997
0.3268773888075124
0.3268526932079997
0.3268773888075124
0.9316442119845645
0.3268526932079997
0.3268526932079997
0.3268703252912324
0.32685276796588414
0.3268526932079997
0.3268526932079997
0.3292246969869691
0.3268703252912324
0.3268526932079997
0.3268526932079997
0.32685276796588414
0.3268526932079997
0.3268526932079997
0.32685276796588414
0.3268526932079997
0.3268526932079997
0.32685276796588414
0.3268526932079997
0.3268526932079997
0.3268526932079997
0.4229357254857795
0.35472295119957886
0.3268526932079997
0.32685276796588414
0.3285886732442594
0.5239048928593155
0.3268526932079997
0.3268526932079997
0.3268703252912324
0.3278401803164842
0.32685276796588414
0.3268526932079997
0.3268526932079997
0.3268773888075124
0.32685276796588414
0.3268526932079997
0.3268526932079997
0.3268773888075124
0.3268773888075124
0.4468801815064599
0.32685276796588414
0.32685276796588414
0.3268526932079997
0.32685276796588414
0.32685331551016994
0.32685276796588414
0.4250177629522176
0.3268526932079997
0.3268526932079997
0.3268526932079997
0.32685276796588414
0.32685276796588414
0.3268526932079997
0.3268526932079997
0.3268526932079997
0.3268526932079997
0.32685276796588414
0.3268526932079997
0.3268526932079997
0.3268526932079997
0.3268526932079997
0.32685276796588414
0.3283978191948042
0.3268526932079997
0.3268526932079997
0.3268526932079997
0.3268526932079997
0.3268526932079997
0.3268526932079997
0.3268526932079997
0.3268526932079997
0.3268526932079997
0.3268526932079997
0.3268526932079997
0.3268526932079997
0.32685276796588414
0.3268526932079997
0.3268703252912324
0.3547228764416944
0.3268526932079997
0.3268703252912324
0.8912319881690218
0.3268526932079997
0.3268526932079997
0.44687947062282807
0.3268526932079997
0.3268526932079997
0.32685276796588414
0.3268526932079997
0.891394309197527
0.3268526932079997
0.32931760105481045
0.32685276796588414
0.3268526932079997
0.32685276796588414
0.3268526932079997
0.32786495067388133
0.3268526932079997
0.3268526932079997
0.3268526932079997
0.3268526932079997
0.3268526932079997
0.3268526932079997
0.32685276796588414
1.4414395809566978
0.3268526932079997
0.3268526932079997
0.3268526932079997
0.3268704000491168
0.3269108906725303
0.32685331551016994
0.3268704000491168
0.3268526932079997
0.7957641285179022
0.3268774635653968
0.3268526932079997
0.3268526932079997
0.32685276796588414
0.32784025507436865
0.32685276796588414
0.3268526932079997
0.3268526932079997
0.3268773888075124
0.3268526932079997
0.3292246969869691
0.3268526932079997
0.3268703252912324
0.32685276796588414
0.3268526932079997
0.3285787369983459
0.32685276796588414
0.3268526932079997
0.3268526932079997
0.3268526932079997
0.3268703252912324
0.5668293099749976
0.3268526932079997
0.32685276796588414
0.32685276796588414
0.3268526932079997
0.32685276796588414
0.3268526932079997
0.3268526932079997
0.3268526932079997
0.3268526932079997
0.3268773888075124
1.5571364093021354
0.3268526932079997
0.3268773888075124
0.3268526932079997
0.3268526932079997
0.32685276796588414
0.3268526932079997
0.32685276796588414
0.3268526932079997
0.3268773888075124
0.32685276796588414
0.3268526932079997
0.32685276796588414
0.32685276796588414
0.32685276796588414
0.3268526932079997
0.326911587732585
0.32685276796588414
0.4242862872293302
0.3268526932079997
0.3268526932079997
0.3268526932079997
0.3268526932079997
0.3268526932079997
0.3268526932079997
0.3268526932079997
0.7957640537600177
0.5239048928593155
0.32685331551016994
0.3268774635653968
0.3268526932079997
0.32685276796588414
0.3268526932079997
0.32685331551016994
0.3268774635653968
0.32685276796588414
0.3268526932079997
0.3268526932079997
0.32685276796588414
0.3268526932079997
0.3268526932079997
0.3268526932079997
0.3268526932079997
0.3268526932079997
0.3268526932079997
0.3268526932079997
0.3268526932079997
0.3268526932079997
0.3268526932079997
0.32685276796588414
0.32685276796588414
0.3268526932079997
0.3268526932079997
0.3268526932079997
0.3268526932079997
0.3268526932079997
0.3268526932079997
0.3268526932079997
0.32685276796588414
0.3268526932079997
0.3268526932079997
0.3268526932079997
0.32685276796588414
0.32685276796588414
0.3268526932079997
0.4242862872293302
0.32685276796588414
0.3268526932079997
0.3268773888075124
0.3268526932079997
0.3268526932079997
0.3268703252912324
0.3268526932079997
0.3268773888075124
0.3268526932079997
0.3268526932079997
0.32685276796588414
0.3268526932079997
0.8676341157865428
0.3268703252912324
0.3268526932079997
0.32685276796588414
0.3268526932079997
0.3268526932079997
0.3268526932079997
0.32685276796588414
0.3268526932079997
0.3268526932079997
0.3268773888075124
0.3268526932079997
0.3268526932079997
0.3268526932079997
0.32685331551016994
0.3268533902680544
0.32685276796588414
0.32685276796588414
0.3268526932079997
0.32685276796588414
0.3268526932079997
0.3268526932079997
0.3268526932079997
0.32685276796588414
0.3268526932079997
0.32685276796588414
0.3268526932079997
0.3268526932079997
0.3268526932079997
0.32685276796588414
0.3268526932079997
0.3268773888075124
0.3268526932079997
0.3268526932079997
0.3268526932079997
0.3268526932079997
0.3268526932079997
0.3268773888075124
0.3268526932079997
0.3268526932079997
0.3268526932079997
0.32685276796588414
0.3268526932079997
0.3268526932079997
0.32685276796588414
0.32685276796588414
0.3268774635653968
0.32685276796588414
0.32685276796588414
0.3268526932079997
0.326935586272043
0.32685276796588414
0.32685276796588414
0.3268526932079997
0.3268526932079997
0.3268526932079997
0.7957640537600177
0.3268526932079997
0.3268526932079997
0.3274138219305498
0.3268526932079997
0.3268526932079997
0.3268526932079997
0.32685331551016994
0.3268526932079997
0.32685276796588414
0.3268526932079997
0.3268526932079997
0.3268526932079997
0.32784025507436865
0.32685276796588414
0.3268526932079997
0.3268526932079997
0.32685276796588414
0.3268526932079997
0.3385622427791526
0.3268526932079997
0.3268526932079997
0.3268526932079997
0.3268526932079997
0.32685276796588414
0.7957640537600177
0.3268526932079997
0.3268526932079997
0.3268526932079997
0.32685276796588414
0.3268526932079997
0.3268526932079997
0.32685276796588414
0.32685276796588414
0.3268526932079997
0.3268526932079997
0.3268526932079997
0.8912329417586258
0.3268526932079997
0.3268526932079997
0.32685276796588414
0.3268526932079997
0.3268703252912324
0.3268526932079997
0.3268526932079997
0.3268526932079997
0.3268526932079997
0.3268526932079997
0.32685276796588414
0.3268773888075124
0.3268526932079997
0.3268526932079997
0.3268774635653968
0.3268526932079997
0.3268526932079997
0.3268526932079997
0.3268526932079997
0.3268526932079997
0.3268526932079997
0.3268526932079997
0.3268526932079997
0.3268526932079997
0.3268773888075124
0.3268526932079997
0.3268526932079997
0.32685276796588414
0.3268526932079997
0.32685276796588414
0.3268533902680544
0.3268526932079997
0.3268704000491168
0.3268703252912324
0.3268526932079997
0.3268526932079997
0.3268773888075124
0.32685276796588414
0.3268526932079997
0.3268526932079997
0.32685276796588414
0.3268526932079997
0.3268526932079997
0.3268526932079997
0.32685276796588414
0.3268526932079997
0.3268526932079997
0.3268526932079997
0.32685276796588414
0.3268773888075124
0.3268526932079997
0.32685276796588414
0.3268526932079997
0.3268526932079997
0.3268526932079997
0.32685276796588414
0.32685276796588414
0.32685276796588414
0.3268526932079997
0.3268526932079997
0.32685276796588414
0.3268526932079997
0.3268526932079997
0.3268526932079997
0.3268526932079997
0.3268526932079997
0.3268526932079997
0.3268526932079997
0.3268526932079997
0.3268526932079997
0.32685276796588414
0.3268773888075124
0.3268526932079997
0.3268526932079997
0.3268526932079997
0.3268703252912324
0.3268526932079997
0.3268526932079997
0.42429021857321325
0.3268526932079997
1.4414401221982664
0.32685276796588414
0.3268526932079997
0.3268526932079997
0.3268526932079997
0.3268526932079997
0.3268526932079997
0.3268526932079997
0.3268703252912324
0.32685276796588414
0.32685276796588414
0.32685276796588414
0.3268773888075124
0.3268526932079997
0.8668478867728844
0.3268773888075124
0.3381293575620853
0.3268526932079997
0.32685276796588414
0.32685276796588414
0.32685276796588414
0.32685276796588414
0.32685276796588414
0.3268526932079997
0.32685276796588414
0.32685276796588414
0.3268526932079997
0.32685276796588414
0.32685276796588414
0.3268526932079997
0.32685276796588414
0.32685276796588414
0.3268526932079997
0.32685276796588414
0.5668283563853936
0.3268526932079997
0.3268526932079997
1.4196435739091426
0.32685276796588414
0.32685276796588414
0.3268773888075124
0.3268526932079997
0.32860335783997413
0.32685276796588414
0.3268526932079997
0.32685276796588414
0.3268526932079997
0.3268526932079997
0.32685331551016994
0.3268773888075124
0.3268526932079997
0.32685276796588414
0.32685276796588414
0.3268526932079997
0.3268526932079997
0.338130647882378
0.32685276796588414
0.3268526932079997
0.3268526932079997
0.3268526932079997
0.3268773888075124
0.3268526932079997
0.3268526932079997
0.32895679859648314
0.3268526932079997
0.3268526932079997
0.3268773888075124
0.3268526932079997
0.32685276796588414
0.32685276796588414
0.3268526932079997
0.32685276796588414
0.3268526932079997
0.3268526932079997
0.3268526932079997
0.3268526932079997
0.3268526932079997
0.3268526932079997
0.32685276796588414
0.32685276796588414
0.32685276796588414
0.3268526932079997
0.3268526932079997
0.3385375471796399
0.3268526932079997
0.3268526932079997
0.32685276796588414
0.32685276796588414
0.32685276796588414
0.3268526932079997
0.3268526932079997
0.3268774635653968
0.3268526932079997
0.3268526932079997
0.3268526932079997
0.32685276796588414
0.3268526932079997
0.3268526932079997
0.5822683525031688
0.5822693060927726
0.32685276796588414
0.3268526932079997
0.32685276796588414
0.3268526932079997
0.3268703252912324
0.32685276796588414
0.3268526932079997
0.3268526932079997
0.32685276796588414
0.3268703252912324
0.3268526932079997
0.3268526932079997
0.3268526932079997
0.3385375471796399
0.3268774635653968
0.3268526932079997
0.3268526932079997
0.32685276796588414
0.3268526932079997
0.3268526932079997
0.3292594035902798
0.32685276796588414
0.3268526932079997
0.32685276796588414
0.3268526932079997
0.3268526932079997
0.32784080261865445
0.3385382442396946
0.3268526932079997
0.3268526932079997
0.3268526932079997
0.3268526932079997
0.3268526932079997
0.32685276796588414
0.3268526932079997
0.3268526932079997
0.3268526932079997
0.3268526932079997
0.3268526932079997
0.3268526932079997
0.3269108906725303
0.3268526932079997
0.3268526932079997
0.3268526932079997
0.3268526932079997
0.3268526932079997
0.3268526932079997
0.3268526932079997
0.3268703252912324
0.3268526932079997
0.32685276796588414
0.32685276796588414
0.3268526932079997
0.3268526932079997
0.32685276796588414
0.3268526932079997
0.3268526932079997
0.32685331551016994
0.32685276796588414
0.32685276796588414
0.32685276796588414
0.3268526932079997
0.5668283563853936
0.32691096543041476
0.3268526932079997
0.32685276796588414
0.3268526932079997
0.32685331551016994
0.3268773888075124
0.3268526932079997
0.3268526932079997
0.7957640537600177
0.3268526932079997
0.32685276796588414
0.32685276796588414
0.32685276796588414
0.3268526932079997
0.32685276796588414
1.5791438978652526
0.3268526932079997
0.32685276796588414
0.3268526932079997
0.5239048928593155
0.3471107372424984
0.3268773888075124
0.3268526932079997
0.32685276796588414
0.3268526932079997
0.3268526932079997
0.32685276796588414
0.3268526932079997
0.3274138219305498
0.3268526932079997
0.3268526932079997
0.35011302086548934
0.3268526932079997
0.34654913573354695
0.3268774635653968
0.3268526932079997
0.32685276796588414
0.3268526932079997
0.3268526932079997
0.8912329417586258
0.5668293099749976
0.32685331551016994
0.3268526932079997
0.3268526932079997
0.3268526932079997
0.3268704000491168
0.32685276796588414
0.3268526932079997
0.3268526932079997
0.32685276796588414
0.3268526932079997
0.32685276796588414
0.3268704000491168
0.3268526932079997
0.32685276796588414
0.3268526932079997
0.3268526932079997
0.32685276796588414
0.32685276796588414
0.5668293099749976
0.3268526932079997
0.3268526932079997
0.32685276796588414
0.3268703252912324
0.32685276796588414
0.3268703252912324
0.3268526932079997
0.3268526932079997
0.3268526932079997
0.32685276796588414
0.3268526932079997
0.3268526932079997
0.32685276796588414
0.3268526932079997
0.32685276796588414
0.3268526932079997
0.3268780111096826
0.32685276796588414
0.3268526932079997
0.32685276796588414
0.3268526932079997
0.32685276796588414
0.32685276796588414
0.3268526932079997
0.32685276796588414
0.3268526932079997
0.32685276796588414
0.3268526932079997
0.3268773888075124
0.3268526932079997
0.3268526932079997
0.3268526932079997
0.32685276796588414
0.3268526932079997
0.5239048928593155
0.3268526932079997
0.3268526932079997
0.3268703252912324
0.3268526932079997
0.33853762193752435
0.3268526932079997
0.3268526932079997
0.3268526932079997
0.32689502089074507
0.3268526932079997
0.32685276796588414
0.3268526932079997
0.3268526932079997
0.3268526932079997
0.3268773888075124
0.8912329417586258
0.7957640537600177
0.3268526932079997
0.8665773330363704
0.3268526932079997
0.32685276796588414
0.3268526932079997
0.3268526932079997
0.3268526932079997
0.3268526932079997
0.3268526932079997
0.3268526932079997
0.3268526932079997
0.3268526932079997
0.3268526932079997
0.3268526932079997
0.32685276796588414
0.32685276796588414
0.3268526932079997
0.3268526932079997
0.32685276796588414
0.3268526932079997
0.32685276796588414
0.32685276796588414
0.32685276796588414
0.3268526932079997
0.3283978191948042
0.3268526932079997
0.3268526932079997
0.3268526932079997
0.3268526932079997
0.32685276796588414
0.3268526932079997
0.3268774635653968
0.3268526932079997
0.32685276796588414
0.3268526932079997
0.3268526932079997
0.3268526932079997
0.32685276796588414
0.3268526932079997
0.32685276796588414
0.3268526932079997
0.32685276796588414
0.32685276796588414
0.32685276796588414
0.3268526932079997
0.3268526932079997
0.32685276796588414
0.3268526932079997
0.3268526932079997
0.3268526932079997
0.3269108906725303
0.3268526932079997
0.3268526932079997
0.3268526932079997
0.3268774635653968
0.3268526932079997
0.32685276796588414
0.32922477174485354
0.3268526932079997
0.32685276796588414
0.3268526932079997
0.3268703252912324
0.32685276796588414
0.32685331551016994
0.3268526932079997
0.3268526932079997
0.3268526932079997
0.32685276796588414
0.3268526932079997
0.3268703252912324
0.32685276796588414
0.3268526932079997
0.3268773888075124
0.3268526932079997
0.3268526932079997
0.32685276796588414
0.3297909531360319
0.3268526932079997
0.3268526932079997
0.3268526932079997
0.3268526932079997
0.32685276796588414
0.3268526932079997
0.32685276796588414
0.3268526932079997
1.4414395809566978
0.3268526932079997
0.3268526932079997
0.32685276796588414
0.3268526932079997
0.3268526932079997
0.3385375471796399
0.3268526932079997
0.3268526932079997
0.3283978191948042
0.32685276796588414
0.3268526932079997
0.32685276796588414
0.32685276796588414
0.3268526932079997
0.3547228764416944
0.3268526932079997
0.3268526932079997
0.32685276796588414
0.3268526932079997
0.3268526932079997
0.3268526932079997
0.3268526932079997
0.3268526932079997
0.32685276796588414
0.3268703252912324
0.3268526932079997
0.3268526932079997
0.3268526932079997
0.3268526932079997
0.326911587732585
0.3268533902680544
0.3268526932079997
0.32685276796588414
0.3268526932079997
0.3268526932079997
0.32685276796588414
0.3268526932079997
0.3268526932079997
0.32685331551016994
0.3268526932079997
0.3268526932079997
0.8021133517096357
0.3268526932079997
0.32857866224046145
0.32685276796588414
0.32685276796588414
0.32693566102992744
0.32685276796588414
0.3268526932079997
0.32685276796588414
0.32685276796588414
0.32685276796588414
0.3268526932079997
0.3268526932079997
0.3268526932079997
0.3268526932079997
0.32857866224046145
0.3268526932079997
0.3268526932079997
0.3268526932079997
0.3268526932079997
0.3268526932079997
0.32685276796588414
0.32685276796588414
0.32685276796588414
0.350137716465002
0.32685276796588414
0.32685276796588414
0.3268526932079997
0.3268526932079997
0.32685276796588414
0.3268526932079997
0.3292246969869691
0.32685276796588414
0.3268526932079997
0.3268526932079997
0.3268703252912324
0.3268526932079997
0.35011302086548934
0.3268526932079997
0.3547228764416944
0.3268526932079997
0.5822693060927726
0.3268526932079997
0.32685276796588414
0.3274138219305498
0.35472295119957886
0.32685276796588414
0.3268526932079997
0.3278401803164842
0.3268526932079997
0.3268526932079997
0.3268526932079997
0.3268780111096826
0.3268703252912324
0.3268703252912324
0.3268526932079997
0.32685276796588414
0.3268774635653968
0.3283978191948042
0.32685276796588414
0.3268526932079997
0.3268526932079997
0.32685276796588414
0.3268526932079997
0.3268526932079997
0.3268526932079997
0.3268526932079997
0.32685276796588414
0.3268526932079997
0.3268780111096826
0.32685276796588414
0.32857866224046145
0.32685276796588414
0.3268526932079997
0.32685276796588414
0.32685276796588414
0.3268526932079997
0.32685276796588414
0.32685276796588414
0.3268526932079997
0.32685276796588414
0.3268774635653968
0.3268526932079997
0.3268526932079997
0.32685276796588414
0.3268533902680544
0.3268526932079997
0.3268526932079997
0.32685276796588414
0.3268526932079997
0.32685276796588414
0.3268526932079997
0.32685276796588414
0.32685276796588414
0.32685276796588414
0.3268526932079997
0.3268526932079997
0.3268526932079997
0.3268526932079997
0.3268526932079997
0.3268526932079997
0.3269108906725303
0.3268526932079997
0.32685276796588414
0.3268526932079997
0.3268773888075124
0.44394280107071915
0.3547228764416944
0.32685276796588414
0.3268526932079997
0.3268526932079997
0.3268526932079997
0.3268526932079997
0.3268526932079997
0.3268526932079997
0.3268526932079997
0.3268526932079997
0.3268526932079997
0.32685276796588414
0.32685276796588414
0.3268526932079997
0.32685276796588414
0.3268526932079997
0.3268526932079997
0.3268526932079997
0.3268526932079997
0.3268526932079997
0.32685276796588414
0.32685276796588414
0.3268526932079997
0.3268526932079997
0.32685276796588414
0.3268526932079997
0.3268526932079997
0.3268526932079997
