0.3268526932079997
0.3268533902680544
0.32685331551016994
0.32685331551016994
0.32685331551016994
0.3268533902680544
0.3268526932079997
0.32685331551016994
0.3268526932079997
0.32685331551016994
0.3268526932079997
0.32685331551016994
0.3268526932079997
0.32685276796588414
0.32685331551016994
0.3268526932079997
0.32741374717266536
0.3268526932079997
0.3268526932079997
0.3268533902680544
0.3268773888075124
0.32685331551016994
0.32685331551016994
0.3268526932079997
0.32685331551016994
0.3268526932079997
1.4414514960420408
0.32685276796588414
0.32685331551016994
0.32685331551016994
0.3547228764416944
0.3547228764416944
0.32685331551016994
0.3268533902680544
0.3268780111096826
0.32685331551016994
0.3268533902680544
0.32685331551016994
0.7960346074965317
0.3268526932079997
0.3471101149403282
0.3268526932079997
0.32685331551016994
0.32685331551016994
0.3268526932079997
0.3268526932079997
0.3268533902680544
0.32685331551016994
0.3268526932079997
0.32685331551016994
0.32685331551016994
0.3268533902680544
0.32685331551016994
0.5238745103502453
0.3268533902680544
0.32685331551016994
0.3268526932079997
0.3268533902680544
0.3268526932079997
0.32685331551016994
0.3547228764416944
0.3465490609756625
0.32685331551016994
0.32685276796588414
0.3268533902680544
0.3285887480021438
0.32685331551016994
0.32839844149697445
0.3268533902680544
0.3268533902680544
0.3269362085742133
0.3268526932079997
0.32685276796588414
0.32685276796588414
0.32685276796588414
0.32685331551016994
0.32784025507436865
0.32685331551016994
0.33813072264026245
0.32685331551016994
0.32685331551016994
0.32685331551016994
0.32685331551016994
0.32685331551016994
0.7957372607177207
0.32685331551016994
0.32685331551016994
0.3268533902680544
0.32685331551016994
0.32685331551016994
0.32685331551016994
0.32685331551016994
0.32685276796588414
0.32685276796588414
0.8912240674011968
0.32786495067388133
0.32685331551016994
0.32685276796588414
0.3268526932079997
0.32685331551016994
0.32923470799076704
0.3268533902680544
0.3268533902680544
0.32685276796588414
0.32685331551016994
0.32685331551016994
0.3268526932079997
0.32685331551016994
0.3268526932079997
0.3268533902680544
0.32685331551016994
0.32685276796588414
0.32685331551016994
0.32685331551016994
0.32685331551016994
0.32685276796588414
0.32685331551016994
0.32685331551016994
0.32685276796588414
0.32685331551016994
0.32685331551016994
0.3268526932079997
0.32685331551016994
0.32685276796588414
0.32685331551016994
0.32685331551016994
0.3268533902680544
0.33853816948181015
0.3268526932079997
0.523874435592361
0.32685331551016994
1.4414395809566978
0.3278401803164842
0.3268533902680544
0.3268533902680544
0.32685276796588414
0.3268526932079997
0.5239049676172
0.32685276796588414
0.32685331551016994
0.3268526932079997
0.3268533902680544
0.32685331551016994
0.3286368597049921
0.523874435592361
0.36677548931583553
0.3667760368601213
0.3268773888075124
0.3268526932079997
0.3268780111096826
0.32685331551016994
0.3268526932079997
0.32685276796588414
0.32685331551016994
0.3268526932079997
0.326911587732585
0.32685331551016994
0.3268526932079997
0.3269362085742133
0.3268533902680544
0.35472295119957886
0.32685331551016994
0.8914120376188185
0.3268773888075124
0.3268526932079997
0.3268533902680544
0.3268533902680544
0.32685331551016994
0.32685331551016994
0.32685331551016994
0.32685331551016994
0.32685331551016994
0.32685331551016994
0.32685331551016994
0.3268533902680544
0.523874435592361
0.32685331551016994
0.3268533902680544
0.3268526932079997
0.3268533902680544
0.3268533902680544
0.3268533902680544
0.32685331551016994
0.32685331551016994
0.32685331551016994
0.3268526932079997
0.32685331551016994
0.32685276796588414
0.32685331551016994
0.3268526932079997
0.32685331551016994
0.32685331551016994
0.3268780111096826
0.3278401803164842
0.32685276796588414
0.32685331551016994
0.3268533902680544
0.32685331551016994
0.32685276796588414
0.32685276796588414
0.3268526932079997
0.32685276796588414
0.32685331551016994
0.32685331551016994
0.32685331551016994
0.3268526932079997
0.32685331551016994
0.3268533902680544
0.32685331551016994
0.3268526932079997
0.32685276796588414
0.32685331551016994
0.32685331551016994
0.32685331551016994
0.32685331551016994
0.3268526932079997
0.553492285786112
0.32685331551016994
0.32685331551016994
0.32685331551016994
0.32685276796588414
0.32685331551016994
0.3465490609756625
0.3268526932079997
0.3268533902680544
0.32685331551016994
0.34656771635802
0.32685276796588414
0.3268533902680544
0.32685276796588414
0.3268526932079997
0.3268526932079997
0.5246384658929918
0.8912319881690218
0.32685331551016994
0.32687808586756706
0.32685276796588414
0.3268533902680544
0.3285787369983459
0.3268533902680544
0.32687808586756706
0.45651770541102366
0.3268526932079997
0.3268526932079997
0.3285887480021438
0.32685331551016994
0.32685276796588414
0.32685331551016994
0.32685331551016994
0.3268526932079997
0.32685331551016994
0.32685331551016994
0.3268533902680544
0.32685331551016994
0.32685331551016994
0.32685331551016994
0.3268533902680544
0.523874435592361
0.3268526932079997
0.32685331551016994
0.32685331551016994
0.32685331551016994
0.3268526932079997
0.3268526932079997
0.3268533902680544
0.32685331551016994
0.32685331551016994
0.32685276796588414
0.32685331551016994
0.32685331551016994
0.7957640537600177
0.3381299798642556
0.3268526932079997
0.3268526932079997
0.32685331551016994
0.3268526932079997
0.34711081200038285
0.3268526932079997
0.32685331551016994
0.32685276796588414
0.3268533902680544
0.3268526932079997
0.32685276796588414
0.7957371859598362
0.32741444423272004
0.32685331551016994
0.3268533902680544
0.3268533902680544
0.32685331551016994
0.3385375471796399
0.32685331551016994
0.3268533902680544
0.3268526932079997
0.3268526932079997
0.7957372607177207
0.32784080261865445
0.3268526932079997
0.3268526932079997
0.3268526932079997
0.32693628333209773
0.32685276796588414
0.3268780111096826
0.32685331551016994
0.32685331551016994
0.32784080261865445
0.3268533902680544
0.3268533902680544
0.3268526932079997
0.32685331551016994
0.32685331551016994
0.32687102235128707
0.3268533902680544
0.32685331551016994
0.3268526932079997
0.32784080261865445
0.32685331551016994
0.3268526932079997
0.32685331551016994
0.32685331551016994
0.32685276796588414
0.32685331551016994
0.32685331551016994
0.32685276796588414
0.32685331551016994
0.32687102235128707
0.3268526932079997
0.3268526932079997
0.32685331551016994
0.32685331551016994
0.32685331551016994
0.3268526932079997
0.32685331551016994
0.32685331551016994
0.3307613557055695
0.3268526932079997
0.3268526932079997
0.3268526932079997
0.32693628333209773
0.3278401803164842
0.32685331551016994
0.32685331551016994
0.3268526932079997
0.32685331551016994
0.3268533902680544
0.3268526932079997
0.32685331551016994
0.32685331551016994
0.3268533902680544
0.3268533902680544
0.32685331551016994
0.32685331551016994
0.3278401803164842
0.32685276796588414
0.3268526932079997
0.3268526932079997
0.3470130058684443
0.366800732459634
0.3268526932079997
0.32839844149697445
0.7957372607177207
0.34654968327783275
0.3268533902680544
0.32685276796588414
0.32685276796588414
0.32922477174485354
0.32685331551016994
0.3268533902680544
0.3268526932079997
0.3278408773765389
0.3268526932079997
0.3285886732442594
0.3268526932079997
0.3268533902680544
0.32857866224046145
0.32685331551016994
0.32685331551016994
0.3268533902680544
0.32685331551016994
0.3268526932079997
0.3268526932079997
0.32685331551016994
0.3274143694748356
0.3268533902680544
0.32685331551016994
0.3268526932079997
0.3268526932079997
0.32784080261865445
0.32685331551016994
0.3268526932079997
0.3268533902680544
0.3268526932079997
0.3268533902680544
0.3268773888075124
0.5668296562675345
0.3268526932079997
0.32685276796588414
0.32784080261865445
0.4242869981129621
0.9319347333771182
0.3268533902680544
0.32685331551016994
0.32685276796588414
0.5668296562675345
0.3268533902680544
0.32685331551016994
0.32685331551016994
0.3268526932079997
0.3268533902680544
0.32685331551016994
0.32685331551016994
0.32685331551016994
0.3385375471796399
0.32685331551016994
0.32685331551016994
0.32685331551016994
0.3285886732442594
0.3268533902680544
0.32685331551016994
0.3268533902680544
0.32685331551016994
0.3268533902680544
0.32685331551016994
0.3268526932079997
0.3465490609756625
0.5668296562675345
0.32685276796588414
0.3268526932079997
0.3606760462873056
0.3268526932079997
0.32784025507436865
0.3268533902680544
0.32685331551016994
0.3268526932079997
0.32685331551016994
0.32685331551016994
0.3471101896982126
0.3381299798642556
0.32685331551016994
0.3268526932079997
0.3268526932079997
0.42425582996237565
0.3292594035902798
0.3268709475934026
0.32685331551016994
1.4196541026693754
0.32685331551016994
0.32685331551016994
0.32685331551016994
0.3268533902680544
0.3268526932079997
0.3268526932079997
0.33813127018454825
0.523874435592361
0.3278401803164842
0.32685331551016994
0.32685331551016994
0.3268526932079997
0.32685331551016994
0.3268526932079997
0.33813005462214
0.3268526932079997
0.326935586272043
0.32685331551016994
0.32685331551016994
0.32685331551016994
0.3268526932079997
0.3269362085742133
0.3297915006803177
0.3268533902680544
0.3560584442391577
0.32685331551016994
0.3268533902680544
0.33813005462214
0.3268533902680544
0.32685331551016994
0.3268533902680544
0.32685331551016994
0.32685276796588414
0.32685331551016994
0.42425582996237565
0.3268533902680544
0.3268526932079997
0.32685331551016994
0.32685331551016994
0.32685331551016994
0.32685276796588414
0.32685331551016994
0.32687102235128707
0.3268533902680544
0.3268526932079997
0.3268533902680544
0.3268533902680544
0.33813005462214
0.32685331551016994
0.32685331551016994
0.3268526932079997
0.3268773888075124
0.3268526932079997
0.32685331551016994
0.3268526932079997
0.32685331551016994
0.3471107372424984
0.32685331551016994
0.32685331551016994
0.35472349874386466
0.3268526932079997
0.3268526932079997
0.32685331551016994
0.32685331551016994
0.32685331551016994
0.32685331551016994
0.326911587732585
0.3292494673443662
0.32685331551016994
1.4414395809566978
0.3268526932079997
0.3381299798642556
0.3268533902680544
0.32784080261865445
0.9317477167491003
0.3268533902680544
0.32685331551016994
0.32685331551016994
0.33813005462214
0.3268780111096826
0.32685331551016994
0.32685331551016994
0.32685331551016994
0.32685331551016994
0.3268533902680544
0.7957371859598362
0.3268533902680544
0.3268526932079997
0.32685331551016994
0.3268533902680544
0.3268526932079997
0.3268526932079997
0.32685276796588414
0.3268533902680544
0.3268526932079997
0.36677548931583553
0.524196731383594
0.32685331551016994
0.3268526932079997
0.338562317537037
0.32685331551016994
0.32685331551016994
0.32685331551016994
0.32685331551016994
0.3268526932079997
0.32685331551016994
0.3268526932079997
0.3385395345599872
0.32685331551016994
0.3268533902680544
0.3268703252912324
0.3268533902680544
0.3268526932079997
0.32685331551016994
0.33853816948181015
0.32685276796588414
0.32685331551016994
0.5238745103502453
0.3268533902680544
0.32685331551016994
0.3297733210527992
0.33813072264026245
0.32691151297470056
0.3268533902680544
0.3268526932079997
0.3268526932079997
0.32685331551016994
0.5239049676172
0.42498659480163115
0.32685331551016994
0.3268526932079997
0.7308012140945774
0.32784080261865445
0.3471101149403282
0.32685331551016994
0.32685331551016994
0.32685331551016994
0.32979087837814747
0.32685331551016994
0.3268533902680544
0.3268526932079997
0.32685331551016994
0.32685331551016994
0.32685276796588414
0.32685331551016994
0.3667761116180057
0.32685276796588414
0.32685331551016994
0.3268526932079997
0.3268709475934026
0.32685331551016994
0.32685331551016994
0.32685331551016994
0.3385375471796399
0.34654968327783275
0.3269108906725303
0.32685276796588414
0.3268526932079997
0.3268533902680544
0.3268533902680544
0.32685331551016994
0.32685331551016994
0.3268533902680544
0.32685331551016994
0.3268526932079997
0.3268526932079997
0.32685331551016994
0.32685276796588414
0.32685331551016994
0.32685331551016994
0.3268533902680544
0.32685331551016994
0.32839844149697445
0.32685276796588414
0.32685331551016994
0.3268526932079997
0.3268780111096826
0.32741444423272004
0.3268533902680544
0.3268526932079997
0.3268533902680544
0.32685331551016994
0.32685276796588414
0.32685331551016994
0.32685331551016994
0.32685331551016994
0.32685276796588414
0.523874435592361
0.3285886732442594
0.32685331551016994
0.3268533902680544
0.32839844149697445
0.3268533902680544
0.32685331551016994
0.3268533902680544
0.32693566102992744
0.523874435592361
0.32685331551016994
0.32685331551016994
0.3268526932079997
0.7957371859598362
0.32685331551016994
0.3268526932079997
0.35472349874386466
0.3382129476861834
0.7960593030960443
0.32685331551016994
0.3268526932079997
0.32685331551016994
0.32685331551016994
0.32685331551016994
0.3268526932079997
0.3268533902680544
0.3268533902680544
0.3268526932079997
0.3268533902680544
0.32685331551016994
0.3269362085742133
0.32685331551016994
0.32685331551016994
0.32685331551016994
0.7957372607177207
0.3274143694748356
0.32685276796588414
0.32685331551016994
0.32685331551016994
0.3268526932079997
0.32685331551016994
0.32685331551016994
0.32685331551016994
0.3268533902680544
0.3297732462949148
0.32685331551016994
0.32685331551016994
0.32685276796588414
0.32685331551016994
0.32685331551016994
0.32685331551016994
0.3268526932079997
0.32685331551016994
0.32685331551016994
0.3268533902680544
0.32685331551016994
0.3268526932079997
0.32685276796588414
0.3268526932079997
0.3268533902680544
0.3268526932079997
0.32685331551016994
0.3268526932079997
1.4414401221982664
0.32685331551016994
0.3268526932079997
0.3268533902680544
0.32685331551016994
0.3268533902680544
0.3268533902680544
0.32685331551016994
0.32685331551016994
0.3268533902680544
0.8676094201870301
0.32685331551016994
0.3268533902680544
0.3268526932079997
0.3268526932079997
0.5668296562675345
0.32685331551016994
0.3268533902680544
0.3268773888075124
0.32685331551016994
0.32685331551016994
0.32685331551016994
0.3385375471796399
0.3268533902680544
0.32685331551016994
0.33813005462214
0.3268533902680544
0.3278401803164842
0.3268526932079997
0.32685331551016994
1.4414514960420408
0.32685276796588414
0.32685331551016994
0.3268533902680544
0.553492285786112
0.32685331551016994
0.3268526932079997
0.32685331551016994
0.3381294323199697
0.3268533902680544
0.3268533902680544
0.3268526932079997
0.32685331551016994
0.3268533902680544
0.32685331551016994
0.3268526932079997
0.3268526932079997
0.3297732462949148
0.3268526932079997
0.3268526932079997
0.32685331551016994
0.3268526932079997
0.3268533902680544
0.32685331551016994
0.32685331551016994
0.3268533902680544
0.32685331551016994
0.5668293099749976
0.32685331551016994
0.3285887480021438
0.32685331551016994
0.3297732462949148
0.3268533902680544
0.32685331551016994
0.32685331551016994
0.3268526932079997
0.32685331551016994
0.32784025507436865
0.32685331551016994
0.32685331551016994
0.3385375471796399
0.5821323373150242
0.32685276796588414
2.1624926540128455
0.3268526932079997
0.3268533902680544
0.3268533902680544
0.3381294323199697
0.7960076649384658
0.34809768993330825
0.3268533902680544
0.32685331551016994
0.34654913573354695
0.32685331551016994
0.32685276796588414
0.3268533902680544
0.3268526932079997
0.3278401803164842
0.3268533902680544
0.3268533902680544
0.3268526932079997
0.32685331551016994
0.3268526932079997
0.3268533902680544
0.3268526932079997
0.32685276796588414
0.32685331551016994
0.3268533902680544
0.3268526932079997
0.32685331551016994
0.34711081200038285
0.32685331551016994
0.5821313837254203
0.3268526932079997
0.7960323605379784
0.3268526932079997
0.3268526932079997
0.32685276796588414
0.3385395345599872
0.32685331551016994
0.32685276796588414
0.32685331551016994
0.5668306098571383
0.3667761116180057
0.32685331551016994
0.3465497580357172
0.32685331551016994
0.3285886732442594
0.3268526932079997
0.3268533902680544
0.32685331551016994
0.3268533902680544
0.3268533902680544
0.32685331551016994
0.3278578123997169
0.32685331551016994
0.3385388374999326
0.3292594035902798
0.32685331551016994
0.32685331551016994
0.326935586272043
0.5668283563853936
0.3268533902680544
0.3385382442396946
0.3297909531360319
0.3268526932079997
0.32685331551016994
0.32685331551016994
0.32839915238060635
0.7957372607177207
0.3268533902680544
0.32685331551016994
0.3381294323199697
0.3268780111096826
0.3268773888075124
0.3268533902680544
0.3547228764416944
0.3268526932079997
0.32685331551016994
0.3547235735017491
0.32685331551016994
0.3385375471796399
0.3268533902680544
0.3268526932079997
0.3268533902680544
0.3268526932079997
0.3268526932079997
0.3268533902680544
0.3268526932079997
0.32687808586756706
0.523874435592361
0.3667761116180057
0.32687808586756706
0.3268526932079997
0.32685331551016994
0.3268526932079997
0.32685331551016994
0.3268526932079997
0.3268526932079997
0.3268526932079997
0.34711081200038285
1.4414501097169305
0.32685331551016994
0.32685331551016994
0.3268533902680544
0.3268526932079997
0.32685331551016994
0.3268526932079997
0.3268526932079997
0.553492285786112
0.329773868597085
0.3268533902680544
0.5821313837254203
0.3268533902680544
0.32689502089074507
0.523874435592361
0.32685331551016994
0.3268533902680544
0.32685331551016994
0.32685276796588414
0.3268526932079997
0.3268533902680544
0.3268533902680544
0.32685331551016994
0.3271592414733713
0.32685331551016994
0.7960076649384658
0.3268526932079997
0.3471107372424984
0.32685331551016994
0.32685331551016994
0.32685331551016994
0.32685276796588414
0.35472349874386466
0.32685276796588414
0.3268533902680544
0.32685331551016994
0.32685276796588414
0.32693628333209773
0.3268773888075124
0.32977394335496946
0.32685331551016994
0.32693628333209773
0.3268780111096826
0.32693566102992744
0.7957641285179022
0.36464157615704706
0.9317477167491003
0.3268533902680544
0.32685331551016994
0.3268533902680544
0.3385382442396946
0.33853945980210276
0.3268533902680544
0.3268526932079997
0.32685276796588414
0.32685331551016994
0.32685331551016994
0.3268526932079997
0.32685331551016994
0.3385375471796399
0.32685331551016994
0.36464157615704706
0.34657437887734543
0.32685276796588414
0.3547235735017491
0.32685331551016994
0.32687808586756706
0.3268526932079997
0.3278401803164842
0.32685331551016994
0.32685331551016994
0.32685331551016994
0.5104564155945489
0.32685331551016994
0.3297915006803177
0.3268526932079997
0.32685331551016994
0.32685276796588414
0.3269362085742133
0.3268773888075124
0.3268526932079997
0.7957371859598362
0.32685276796588414
0.32685331551016994
0.3268533902680544
0.3268533902680544
0.32685331551016994
0.32685276796588414
0.32685331551016994
0.3268526932079997
0.3268526932079997
0.32685276796588414
0.32685276796588414
0.3268533902680544
0.32685331551016994
0.32741374717266536
0.32685276796588414
0.3268526932079997
0.32685276796588414
0.32685331551016994
0.3667760368601213
0.3268526932079997
0.32685331551016994
0.3268533902680544
0.3268533902680544
0.3268526932079997
0.3268526932079997
0.553492285786112
0.3268526932079997
0.32685331551016994
0.32685276796588414
0.3268526932079997
0.32685331551016994
0.32685331551016994
0.3268533902680544
0.3268526932079997
0.32685331551016994
0.3268526932079997
0.32685331551016994
0.3268526932079997
0.3268526932079997
0.35472349874386466
0.3292246969869691
0.32685331551016994
0.32685331551016994
0.3268533902680544
0.32784080261865445
0.3268526932079997
0.32857866224046145
0.3268533902680544
0.32685276796588414
0.35472295119957886
0.32685331551016994
0.32685276796588414
