0.32685276796588414
0.32685276796588414
0.32685331551016994
0.3268526932079997
0.32685276796588414
0.3268533902680544
0.3268526932079997
0.3268703252912324
0.3268526932079997
0.32685331551016994
0.32685276796588414
0.3268526932079997
0.32685276796588414
0.32685331551016994
0.32685276796588414
0.3268526932079997
0.3268526932079997
0.32685276796588414
0.3268526932079997
0.32687102235128707
0.3268526932079997
0.32685331551016994
0.3268526932079997
0.32685276796588414
0.3268704000491168
0.32685276796588414
0.32685331551016994
0.3268526932079997
0.32685276796588414
0.3268526932079997
0.3268526932079997
0.32685276796588414
0.3268526932079997
0.32685331551016994
0.32685276796588414
0.32685276796588414
0.32685276796588414
0.32685276796588414
0.32685276796588414
0.3268704000491168
0.32693628333209773
0.3268526932079997
0.3268526932079997
0.32685276796588414
0.32685276796588414
0.3268526932079997
0.3268533902680544
0.3268526932079997
0.32685276796588414
0.32685276796588414
0.32685276796588414
0.3268526932079997
0.32685276796588414
0.32685276796588414
0.3268526932079997
0.3268533902680544
0.3268533902680544
0.35472295119957886
0.3268526932079997
0.3268526932079997
0.3274138219305498
0.32685276796588414
0.3268703252912324
0.32685276796588414
0.32685276796588414
0.32685331551016994
0.32685276796588414
0.338130647882378
0.5239049676172
0.32685276796588414
0.3381293575620853
0.32685276796588414
0.3465497580357172
0.32685276796588414
0.32685276796588414
0.3385382442396946
0.3268526932079997
0.3268526932079997
0.32685276796588414
0.3268703252912324
0.32685276796588414
0.3268526932079997
0.32685331551016994
0.3268526932079997
0.32685276796588414
0.32685331551016994
0.3268533902680544
0.3268526932079997
0.32685276796588414
0.32685276796588414
0.3268533902680544
0.3268533902680544
0.32685276796588414
0.32685276796588414
0.32685276796588414
0.3268533902680544
0.32685276796588414
0.32685276796588414
0.32685276796588414
0.3268526932079997
0.32685331551016994
0.32685276796588414
0.3297909531360319
0.32685276796588414
0.32685276796588414
0.3268533902680544
0.32685276796588414
0.32685276796588414
0.32685331551016994
0.5542563160867429
0.32685276796588414
0.3268526932079997
0.3268526932079997
0.3268526932079997
0.3268526932079997
0.32685276796588414
0.3268533902680544
0.32685276796588414
0.3268526932079997
0.32685276796588414
0.32685276796588414
0.32693566102992744
0.3268533902680544
0.3268533902680544
0.32685276796588414
0.32685276796588414
0.32685331551016994
0.3268526932079997
0.3268526932079997
0.3268526932079997
0.32857866224046145
0.3268526932079997
0.32685276796588414
0.32685331551016994
0.3268704000491168
0.32784025507436865
0.3268526932079997
0.32685276796588414
0.3268533902680544
0.32685276796588414
0.3268526932079997
0.32685276796588414
0.3268526932079997
0.32685276796588414
0.32685276796588414
0.3268533902680544
0.3268526932079997
0.3268526932079997
0.32685276796588414
0.32857866224046145
0.3268526932079997
0.32685276796588414
0.32784080261865445
0.3268526932079997
0.32685276796588414
0.32685276796588414
0.32685331551016994
0.32685276796588414
0.32685331551016994
0.3268526932079997
0.32685331551016994
0.3284153830245242
0.3268533902680544
0.3268526932079997
0.32691096543041476
0.3268533902680544
0.32685276796588414
0.3268526932079997
0.3283985300784361
0.32685276796588414
0.32685276796588414
0.4468490133558735
0.3268533902680544
0.32693628333209773
0.3268533902680544
0.32685276796588414
0.32685276796588414
0.32685276796588414
0.32685276796588414
0.32685331551016994
0.32685276796588414
0.32685276796588414
0.3268526932079997
0.32685276796588414
0.3268526932079997
0.3268526932079997
0.3268526932079997
0.3268526932079997
0.3268533902680544
0.32685276796588414
0.3268709475934026
0.32685276796588414
0.32685276796588414
0.3268533902680544
0.3268533902680544
0.3268526932079997
0.35474113082709735
0.3268533902680544
0.32685276796588414
0.3268526932079997
0.3268526932079997
0.32685276796588414
0.3268533902680544
0.32685276796588414
0.3268526932079997
0.32685276796588414
0.32685276796588414
0.32685276796588414
0.32685331551016994
0.32685276796588414
0.3268533902680544
0.3268533902680544
0.32685331551016994
0.3268703252912324
0.3268533902680544
0.32685331551016994
0.32685276796588414
0.32685276796588414
0.32685276796588414
0.32685331551016994
0.3268526932079997
0.32685276796588414
0.5821310374328834
0.3268526932079997
0.3268709475934026
0.3268526932079997
0.3268533902680544
0.3268526932079997
0.7957640537600177
0.3268533902680544
0.32685276796588414
0.32685331551016994
0.3268533902680544
0.32685276796588414
0.32685331551016994
0.3268533902680544
0.3268526932079997
0.32685276796588414
0.32685331551016994
0.3268533902680544
0.32839844149697445
0.32685276796588414
0.3268526932079997
0.3268533902680544
0.3268533902680544
0.32685276796588414
0.32685276796588414
0.3268533902680544
0.32685276796588414
0.32685276796588414
0.32685276796588414
0.3268533902680544
0.3268704000491168
0.3268526932079997
0.32685276796588414
0.32685276796588414
0.3268526932079997
0.3268703252912324
0.3268526932079997
0.3268526932079997
0.32685276796588414
0.3268533902680544
0.3268526932079997
0.32685331551016994
0.32685276796588414
0.3268526932079997
0.3268533902680544
0.3268704000491168
0.32685331551016994
0.3268533902680544
0.32685276796588414
0.32687102235128707
0.32685276796588414
0.3268533902680544
0.32685276796588414
0.3268526932079997
0.3268533902680544
0.32685331551016994
0.32685276796588414
0.32685276796588414
0.32685331551016994
0.32685276796588414
0.3268526932079997
0.3268526932079997
0.32685276796588414
0.3268704000491168
0.3268533902680544
0.3268526932079997
0.3268526932079997
0.3268526932079997
0.3268526932079997
0.32685276796588414
0.3268526932079997
0.32685276796588414
0.32685331551016994
0.32685276796588414
0.3268533902680544
0.3268533902680544
0.3268533902680544
0.32685276796588414
0.32685276796588414
0.3268526932079997
0.3268526932079997
0.32685276796588414
0.3381293575620853
0.3268526932079997
0.32685276796588414
0.3268704000491168
0.3268533902680544
0.32685331551016994
0.32685276796588414
0.3268533902680544
0.3268533902680544
0.32685331551016994
0.3268533902680544
0.3268526932079997
0.3268526932079997
0.3268704000491168
0.3268526932079997
0.326911587732585
0.32685276796588414
0.3268526932079997
0.32685331551016994
0.3268533902680544
0.3268526932079997
0.32685276796588414
0.32685331551016994
0.7957372607177207
0.3268526932079997
0.3268526932079997
0.32685276796588414
0.3268703252912324
0.3268526932079997
0.3269108906725303
0.32685331551016994
0.3268526932079997
0.7957888241174149
0.3268526932079997
0.3268533902680544
0.3268533902680544
0.32685331551016994
0.32685331551016994
0.3268526932079997
0.32685331551016994
0.3268526932079997
0.32685331551016994
0.3268526932079997
0.3268533902680544
0.32685331551016994
1.4414391584149269
0.32685276796588414
0.32685276796588414
0.3268526932079997
0.3268526932079997
0.7957888241174149
0.32685276796588414
0.4243083487368864
0.3268533902680544
0.3268526932079997
0.32685331551016994
0.3268704000491168
0.32685276796588414
0.3268704000491168
0.3268533902680544
0.32685276796588414
0.3268709475934026
0.3268526932079997
0.32784025507436865
0.32685331551016994
0.3268526932079997
0.3268533902680544
0.32685276796588414
0.3268533902680544
0.3268533902680544
0.3268526932079997
0.32685276796588414
0.3268526932079997
0.32685276796588414
0.3268709475934026
0.32685331551016994
0.32685276796588414
0.3268526932079997
0.32685276796588414
0.3268526932079997
0.3268704000491168
0.32685276796588414
0.32685331551016994
0.32685276796588414
0.32685276796588414
0.32685276796588414
0.3268533902680544
0.32685276796588414
0.3268526932079997
0.32685276796588414
0.3268526932079997
0.3268526932079997
0.32685276796588414
0.3268533902680544
0.32685276796588414
0.32685276796588414
0.3268704000491168
0.3268526932079997
0.32685276796588414
0.3268533902680544
0.3268526932079997
0.32685276796588414
0.3268533902680544
0.328957509480115
0.3268533902680544
0.32685331551016994
0.32685276796588414
0.32685276796588414
0.32685276796588414
0.32685331551016994
0.3268526932079997
0.3268533902680544
0.3268526932079997
0.3268533902680544
0.32685276796588414
0.3268526932079997
0.32685276796588414
0.3268704000491168
0.3268526932079997
0.32685276796588414
0.3268526932079997
0.3268533902680544
0.3268526932079997
0.32685276796588414
0.3268526932079997
0.3268533902680544
0.3283978191948042
0.3268533902680544
0.32685276796588414
0.3268533902680544
0.32685276796588414
0.32685276796588414
0.3268526932079997
0.3268526932079997
0.3268533902680544
0.32685331551016994
0.32685276796588414
0.3268526932079997
0.3268533902680544
0.32685276796588414
0.32685276796588414
0.3268526932079997
0.32685276796588414
0.32687102235128707
0.3268533902680544
0.3268526932079997
0.32741444423272004
0.3268533902680544
0.3547235735017491
0.3268533902680544
0.32685276796588414
0.3268526932079997
0.32685276796588414
0.32685276796588414
0.3268526932079997
0.3268533902680544
0.32685276796588414
0.32685276796588414
0.32687102235128707
0.3268533902680544
0.32685276796588414
0.32685276796588414
0.32685276796588414
0.3268526932079997
0.32685276796588414
0.32685276796588414
0.3268526932079997
0.32685276796588414
0.3268533902680544
0.3268526932079997
0.3268533902680544
0.32685331551016994
0.3268526932079997
0.32685276796588414
0.32685331551016994
0.32685331551016994
0.3465497580357172
0.32685276796588414
0.32685276796588414
0.3268526932079997
0.3274320763159527
0.32685276796588414
0.32685276796588414
0.7957641285179022
0.32685331551016994
0.3268704000491168
0.32685276796588414
0.3268526932079997
0.3268526932079997
0.3268526932079997
0.3268773888075124
0.32685276796588414
0.3268526932079997
0.3268774635653968
0.33952510904600885
0.3268526932079997
0.32685276796588414
0.3268526932079997
0.8912250209908006
0.32685276796588414
0.32685276796588414
0.32685276796588414
0.3268526932079997
0.3268526932079997
0.32685276796588414
0.3268526932079997
0.32685276796588414
0.32685331551016994
0.3268533902680544
0.32685276796588414
0.32685276796588414
0.32685331551016994
0.32685276796588414
0.32685331551016994
0.32685276796588414
0.3268526932079997
0.3268703252912324
0.3268526932079997
0.3268526932079997
0.32685276796588414
0.3268526932079997
0.3268526932079997
0.32685276796588414
0.32866163006238924
0.32685276796588414
0.3268526932079997
0.32685276796588414
0.32685276796588414
0.32685276796588414
0.32685276796588414
0.32685276796588414
0.3268533902680544
0.32685331551016994
0.3268533902680544
0.32685331551016994
0.32685276796588414
0.32685331551016994
0.3268533902680544
0.32685276796588414
0.32685276796588414
0.32685276796588414
0.32685276796588414
0.32685276796588414
0.32685331551016994
0.3268526932079997
0.32685331551016994
0.3268704000491168
0.32685331551016994
0.32685276796588414
0.32685276796588414
0.3268533902680544
0.3268526932079997
0.3268533902680544
0.32685276796588414
0.32685276796588414
0.32685276796588414
0.32685276796588414
0.32685276796588414
0.3268526932079997
0.8665505399940734
0.3268526932079997
0.32685276796588414
0.3268533902680544
0.3268526932079997
0.3381294323199697
0.32685276796588414
0.3268526932079997
0.32685276796588414
0.3268526932079997
0.3268704000491168
0.3268709475934026
0.3268526932079997
0.32685276796588414
0.3268703252912324
0.32685276796588414
0.32687102235128707
0.3268526932079997
0.32685331551016994
0.32685276796588414
0.3268526932079997
0.32685276796588414
0.32685331551016994
0.3268526932079997
0.32685276796588414
0.32685276796588414
0.3268526932079997
0.32685276796588414
0.3268533902680544
0.32685331551016994
0.32685276796588414
0.3268526932079997
0.32685331551016994
0.32685331551016994
0.3268526932079997
0.3268533902680544
0.32685276796588414
0.3268533902680544
0.32685276796588414
0.3268526932079997
0.3268533902680544
0.3268526932079997
0.32685276796588414
0.3268526932079997
0.32685276796588414
0.3268533902680544
0.3381294323199697
0.32685276796588414
0.3268533902680544
0.3268526932079997
0.3268526932079997
1.4414505322587012
0.32685276796588414
0.3268533902680544
0.3268526932079997
0.32685276796588414
0.3268526932079997
0.3268533902680544
0.3268526932079997
0.32685276796588414
0.32685331551016994
0.326935586272043
0.32685276796588414
0.3268526932079997
0.32685276796588414
0.32685276796588414
0.32685276796588414
0.32685276796588414
0.32685276796588414
0.32685331551016994
0.3278401803164842
0.3268533902680544
0.3268533902680544
0.3268526932079997
0.32685276796588414
0.3268526932079997
0.32687102235128707
0.32685276796588414
0.3268526932079997
0.3268703252912324
0.3268526932079997
0.3268703252912324
0.3268526932079997
0.3268526932079997
0.32685276796588414
0.32685276796588414
0.32685276796588414
0.3268533902680544
0.3268526932079997
0.3268533902680544
0.32685331551016994
0.32685331551016994
0.32685331551016994
0.3268526932079997
0.3268526932079997
0.32685276796588414
0.3268526932079997
0.3268526932079997
0.3268526932079997
0.32685276796588414
0.3268526932079997
0.3268533902680544
0.32685276796588414
0.3268533902680544
0.3268704000491168
0.3268704000491168
0.32685331551016994
0.32685331551016994
0.32687102235128707
0.3268526932079997
0.32685276796588414
0.3268533902680544
0.32685276796588414
0.3268526932079997
0.3268533902680544
0.32685331551016994
0.3268533902680544
0.3268526932079997
0.32685331551016994
0.32685276796588414
0.32685276796588414
0.32685276796588414
0.35472295119957886
0.32685276796588414
0.32685276796588414
0.3268526932079997
0.35472295119957886
0.338538912257817
0.3268533902680544
0.32685276796588414
0.32685276796588414
0.326935586272043
0.32685276796588414
0.3268533902680544
0.32685331551016994
0.32685276796588414
0.8912329417586258
0.32685331551016994
0.3268703252912324
0.3268526932079997
0.3268526932079997
0.32685276796588414
0.32685276796588414
0.329773868597085
0.3268704000491168
0.32685276796588414
0.32685276796588414
0.3268533902680544
0.3268704000491168
0.3268526932079997
0.32685331551016994
0.3268526932079997
0.3268533902680544
0.3268533902680544
0.32685276796588414
0.32685276796588414
0.32685331551016994
1.4414395809566978
0.3268533902680544
0.3773279269229113
0.32685276796588414
0.3268526932079997
0.3268526932079997
0.32685331551016994
0.3268526932079997
0.32685276796588414
0.3268533902680544
0.3268703252912324
0.32687102235128707
0.32685331551016994
0.3268704000491168
0.32685276796588414
0.3268526932079997
0.32685276796588414
0.3268526932079997
0.32685276796588414
0.3268526932079997
0.3268526932079997
0.3268703252912324
0.3268526932079997
0.3268704000491168
0.32685331551016994
0.32685331551016994
0.3268526932079997
0.32685276796588414
0.3268526932079997
0.3268526932079997
0.32685276796588414
0.3268526932079997
0.32685276796588414
0.32685276796588414
0.32685276796588414
0.32685276796588414
0.32685276796588414
0.3268533902680544
0.32687102235128707
0.3268526932079997
0.32685276796588414
0.32685276796588414
0.3268526932079997
0.3268526932079997
0.3268526932079997
0.32685276796588414
0.3268526932079997
0.3268526932079997
0.32685276796588414
0.3268774635653968
0.326935586272043
0.32685276796588414
0.3268526932079997
0.32741374717266536
0.32685276796588414
0.3268533902680544
0.3268533902680544
0.3268526932079997
0.3268526932079997
0.3268526932079997
0.32685276796588414
0.3268526932079997
0.32685276796588414
0.32685276796588414
0.326911587732585
0.32687102235128707
0.3268526932079997
0.3268703252912324
0.5668306098571383
0.3268526932079997
0.32685276796588414
0.3268526932079997
0.32685276796588414
0.32685331551016994
0.32685276796588414
0.32685276796588414
0.32685276796588414
0.3268533902680544
0.32685276796588414
0.3268526932079997
0.32685276796588414
0.3268526932079997
0.3268533902680544
0.3268526932079997
0.32685276796588414
0.32685331551016994
0.32685331551016994
0.32685276796588414
0.3268533902680544
0.3268533902680544
0.3268704000491168
0.32685276796588414
0.32685276796588414
0.3268526932079997
0.32685331551016994
0.3268526932079997
0.3268526932079997
0.3268526932079997
0.32685276796588414
0.32685331551016994
0.32685276796588414
0.32685276796588414
0.32685276796588414
0.3268526932079997
0.32685276796588414
0.3268526932079997
0.32685276796588414
0.326935586272043
0.3268526932079997
0.32685276796588414
0.3268526932079997
0.32685276796588414
0.32685276796588414
0.3268533902680544
0.3297915006803177
0.32685276796588414
0.3268533902680544
0.32685276796588414
0.3268704000491168
0.3268533902680544
0.3268533902680544
0.32685276796588414
0.32685276796588414
0.3268526932079997
0.3268526932079997
0.3268526932079997
0.3268526932079997
0.32685276796588414
0.3268526932079997
0.32685276796588414
0.3278401803164842
0.32685276796588414
0.32685276796588414
0.32685276796588414
0.32693566102992744
0.3268526932079997
0.32685276796588414
0.32685331551016994
0.34656676781677964
0.3268526932079997
0.32685276796588414
0.3268526932079997
0.3268533902680544
0.3268526932079997
0.32685331551016994
0.3268526932079997
0.3268526932079997
0.3268526932079997
0.3268703252912324
0.32685276796588414
0.3547228764416944
0.32685331551016994
0.3268709475934026
0.5668457821478426
0.3268533902680544
0.3268703252912324
0.3268526932079997
0.32685276796588414
0.3268533902680544
0.32685276796588414
0.3268704000491168
0.3268526932079997
0.32687102235128707
0.32685276796588414
0.3268533902680544
0.3268526932079997
0.3268526932079997
0.32685331551016994
0.32685276796588414
0.3268526932079997
0.32685331551016994
0.3268526932079997
0.3268526932079997
0.32685276796588414
0.3268526932079997
0.3268704000491168
0.32685276796588414
0.32685276796588414
0.32685331551016994
0.32685331551016994
0.32685331551016994
0.3268704000491168
0.32685331551016994
0.32685276796588414
0.32784025507436865
0.32685276796588414
0.3268533902680544
0.32693628333209773
0.32685276796588414
0.32685276796588414
0.32685276796588414
0.32685276796588414
0.32685276796588414
0.32685331551016994
0.3268533902680544
0.32866163006238924
0.3268526932079997
0.33909929820436024
0.32685331551016994
0.3268526932079997
0.32685276796588414
0.5536294874000929
0.32685276796588414
0.33853762193752435
0.3268526932079997
0.3268533902680544
0.3268774635653968
0.32685276796588414
0.3268526932079997
0.32741374717266536
0.32685276796588414
0.32685276796588414
0.32685331551016994
0.3268703252912324
0.32685331551016994
0.32685331551016994
0.32895679859648314
0.32685276796588414
0.3268704000491168
0.3268533902680544
0.3268526932079997
0.32685276796588414
0.32685276796588414
0.3268526932079997
0.32685276796588414
0.32685331551016994
0.32685331551016994
0.32685276796588414
0.32685276796588414
0.32685276796588414
0.32685276796588414
0.3268526932079997
0.32685276796588414
0.32687102235128707
0.32685276796588414
0.32685276796588414
0.3268526932079997
0.3268526932079997
0.32685276796588414
0.32685276796588414
0.32685331551016994
0.3268526932079997
0.3268533902680544
0.32685276796588414
0.32685331551016994
0.32685276796588414
0.32685331551016994
0.338130647882378
0.35472295119957886
0.32685276796588414
0.3268704000491168
0.32685331551016994
0.3268526932079997
0.32685276796588414
0.32685276796588414
0.3268533902680544
0.3268526932079997
0.3268526932079997
0.3268533902680544
0.3268526932079997
0.3268703252912324
0.32685276796588414
0.3268709475934026
0.3268704000491168
0.32685331551016994
0.32685276796588414
0.32685276796588414
0.3268533902680544
0.3268526932079997
0.32685276796588414
0.32685276796588414
1.4414391584149269
0.32977394335496946
0.3268526932079997
0.32685276796588414
0.3297732462949148
0.3268526932079997
0.32685276796588414
0.32685276796588414
0.32685276796588414
