0.3268533902680544
0.3547228764416944
0.3465497580357172
0.33813005462214
0.3268533902680544
0.3268533902680544
0.3268526932079997
0.3268533902680544
0.3268704000491168
0.32685276796588414
0.3268533902680544
0.32685276796588414
0.3268533902680544
0.32685276796588414
0.3268526932079997
0.32691151297470056
0.32685331551016994
0.32685331551016994
0.32867156630830274
0.3268533902680544
0.3268526932079997
0.8912329417586258
0.3268533902680544
0.32685276796588414
0.32685276796588414
0.32685276796588414
0.3268703252912324
0.32685276796588414
0.3268533902680544
0.32693566102992744
0.32685276796588414
0.32685276796588414
0.3268533902680544
0.32685276796588414
0.3268526932079997
0.32685276796588414
0.3268526932079997
0.32685331551016994
0.3268526932079997
0.3268526932079997
0.3268709475934026
0.32685276796588414
0.32685276796588414
0.3268704000491168
0.3268526932079997
0.3268526932079997
0.3268526932079997
0.5239049676172
0.3268526932079997
0.32685276796588414
0.32685276796588414
0.3268526932079997
0.5668306098571383
0.4242862872293302
0.3268533902680544
0.32895679859648314
0.32685276796588414
0.3268526932079997
0.32685276796588414
0.3268526932079997
0.328957509480115
0.3268704000491168
0.3268526932079997
0.3268704000491168
0.32685276796588414
0.32685331551016994
0.32685276796588414
0.3268526932079997
0.3268533902680544
0.3268533902680544
0.32685276796588414
0.32685331551016994
0.3268526932079997
0.3268703252912324
0.32784080261865445
0.3268526932079997
0.32685276796588414
0.3297733210527992
0.32685276796588414
0.3268526932079997
0.3268703252912324
0.3268533902680544
0.3268526932079997
0.5668283563853936
0.3268526932079997
0.32685276796588414
0.3268704000491168
0.32685276796588414
0.32685276796588414
0.32685276796588414
0.32685276796588414
0.32685276796588414
0.32685331551016994
0.3268526932079997
0.3268526932079997
0.32685276796588414
0.3268526932079997
0.32685276796588414
0.3268709475934026
0.3268526932079997
0.3268526932079997
0.35472295119957886
0.32685276796588414
1.4414405447400374
0.32687102235128707
0.3268704000491168
0.34827215234201
0.32685276796588414
0.32685276796588414
0.32685331551016994
0.3465497580357172
0.4242565408460075
0.32685276796588414
0.3268526932079997
0.3268533902680544
0.32685331551016994
0.32685276796588414
0.32685276796588414
0.32685276796588414
0.32687102235128707
0.3268526932079997
0.3268533902680544
0.3268533902680544
0.9504594396517244
0.32685331551016994
0.55965984474608
0.32693566102992744
0.32685276796588414
1.4414501097169305
0.3268526932079997
0.3268526932079997
0.3268526932079997
0.3268703252912324
0.3268704000491168
0.3268533902680544
0.3283985300784361
0.32685276796588414
0.3268526932079997
0.3268526932079997
0.32685276796588414
0.32685276796588414
0.4242869981129621
0.3268526932079997
0.3268526932079997
0.36067666858947584
0.32687102235128707
0.3268526932079997
0.32685276796588414
0.3268526932079997
0.32685276796588414
0.32685276796588414
0.3268526932079997
0.32685331551016994
0.32691096543041476
0.3268526932079997
0.3268526932079997
0.5668448285582387
0.3268533902680544
0.32685276796588414
0.5534923605439964
0.32741374717266536
0.3268533902680544
0.5668293099749976
0.32685276796588414
0.3268526932079997
0.32685276796588414
0.3268533902680544
0.3268526932079997
0.32685276796588414
0.338130647882378
0.32685276796588414
0.32685276796588414
0.32685276796588414
0.32685276796588414
0.32685276796588414
0.9420122979493821
0.32685276796588414
0.32784025507436865
0.7307281884871901
0.32685276796588414
0.3268526932079997
0.32685331551016994
0.32685276796588414
0.3268526932079997
0.3268526932079997
0.3268533902680544
0.3268709475934026
0.3268526932079997
0.3289814941959958
0.3289574208986534
0.3268526932079997
0.3268709475934026
0.32685276796588414
0.3268533902680544
1.4414405447400374
0.3268533902680544
0.32685276796588414
0.32685331551016994
0.32685331551016994
0.3268526932079997
0.3547235735017491
0.3268526932079997
0.3268526932079997
0.3268533902680544
0.32685276796588414
0.32685276796588414
0.8913952627871309
0.3268533902680544
0.3268704000491168
0.32685331551016994
0.3268526932079997
0.32685276796588414
0.32685276796588414
0.32685276796588414
0.32685276796588414
0.3268526932079997
0.327923148138412
0.32685276796588414
0.32685276796588414
0.3274138219305498
0.32685331551016994
0.32685276796588414
0.4242869981129621
0.3293075900510125
0.3268526932079997
0.32685331551016994
0.32857866224046145
0.32895679859648314
0.32685276796588414
0.3268533902680544
0.3268533902680544
0.3268533902680544
0.32685276796588414
0.32685276796588414
0.32685276796588414
0.3268533902680544
0.3471101149403282
0.32866163006238924
0.3297909531360319
0.32685276796588414
1.4414510735002701
0.3268526932079997
0.7957641285179022
0.3268526932079997
0.32685276796588414
0.3268526932079997
0.32685331551016994
0.3268526932079997
0.32685276796588414
0.5239049676172
0.3268526932079997
0.32685331551016994
0.32685331551016994
0.33856293983920727
1.4196441151507115
0.3268526932079997
0.32685276796588414
0.5239049676172
0.3381294323199697
0.3268526932079997
0.33853762193752435
0.32685276796588414
0.32685276796588414
1.4414401221982664
0.3268526932079997
0.32685331551016994
0.32685276796588414
0.32685276796588414
0.3268533902680544
0.3268533902680544
0.32685276796588414
0.3268533902680544
0.9504673604195495
0.32685276796588414
0.3285886732442594
0.32685276796588414
0.3297733210527992
0.3268526932079997
0.3268526932079997
0.3381294323199697
0.32685276796588414
0.3268526932079997
0.3268526932079997
0.3268526932079997
0.32685276796588414
0.34654913573354695
0.32857866224046145
0.3268533902680544
0.44195421576988214
0.3268526932079997
0.3268526932079997
0.5668306098571383
0.32685276796588414
0.3268526932079997
0.3268526932079997
0.3268526932079997
0.32685331551016994
0.3269532931131602
0.3268704000491168
0.32693566102992744
0.3268526932079997
0.3381294323199697
0.32685276796588414
0.3268774635653968
0.3297733210527992
0.32685331551016994
0.32685276796588414
0.32685331551016994
0.32685276796588414
0.32685276796588414
0.32685276796588414
0.32685276796588414
0.3268526932079997
0.3278401803164842
0.3268526932079997
0.3268526932079997
0.3268526932079997
0.3268533902680544
0.32867156630830274
0.32685276796588414
0.3268526932079997
0.3268533902680544
0.32685276796588414
0.32685276796588414
1.4414401221982664
0.32685276796588414
0.32685276796588414
0.3297733210527992
0.32685276796588414
0.3268526932079997
0.32743137925589805
0.3398553265945471
0.9504673604195495
0.3268533902680544
0.32685276796588414
0.3268533902680544
0.329773868597085
0.32685331551016994
0.3268533902680544
0.32685276796588414
0.32685276796588414
0.3268526932079997
0.3268526932079997
0.32685276796588414
0.32685276796588414
0.3465490609756625
0.3268533902680544
0.3268533902680544
0.3268533902680544
0.32685276796588414
0.32685276796588414
0.32685276796588414
0.32685276796588414
0.3268526932079997
0.32685276796588414
0.3268526932079997
0.3268526932079997
0.3268526932079997
0.32685276796588414
0.3268703252912324
0.3268526932079997
0.32685276796588414
0.32685276796588414
0.3268526932079997
0.326911587732585
0.3268704000491168
0.3268526932079997
0.3268533902680544
0.3268526932079997
0.32685331551016994
0.32685331551016994
0.32685276796588414
0.3268704000491168
0.32685276796588414
0.5668306098571383
0.3268526932079997
0.32685276796588414
0.3268533902680544
0.3268526932079997
0.32685276796588414
0.32685276796588414
0.32685276796588414
0.3268526932079997
0.32685276796588414
0.3268533902680544
0.32685276796588414
0.3268526932079997
0.32685276796588414
0.3268526932079997
0.32685276796588414
0.3268526932079997
0.32685276796588414
0.3268526932079997
0.32979157543820214
0.3268533902680544
0.3268526932079997
0.3268526932079997
0.3268704000491168
0.32687102235128707
0.32685276796588414
0.32685331551016994
0.32685331551016994
0.32685331551016994
0.3268526932079997
0.7957371859598362
0.3274138219305498
0.3278401803164842
1.4414401221982664
0.32685276796588414
0.32685276796588414
0.32685276796588414
0.3268533902680544
0.3268533902680544
0.3268526932079997
0.32685331551016994
0.3297733210527992
0.32685276796588414
0.5822683525031688
1.4414510735002701
0.8912250209908006
0.32685276796588414
0.3268526932079997
0.5821478558982653
0.32685276796588414
0.3268526932079997
0.32685276796588414
0.8018990214052938
0.5668306098571383
0.32685276796588414
0.338690411526751
0.3385382442396946
0.32685331551016994
0.5240116372063417
0.3278408773765389
0.32685276796588414
0.3381299798642556
0.3268526932079997
0.3268703252912324
0.4468490133558735
0.32839915238060635
0.3268533902680544
0.32685276796588414
0.3268526932079997
0.3268526932079997
0.3268526932079997
0.3268526932079997
0.3268526932079997
0.3268704000491168
0.7957640537600177
0.32685276796588414
0.3268526932079997
0.32685276796588414
0.32867156630830274
0.32979157543820214
0.3268526932079997
0.3547228764416944
0.3268526932079997
0.3268533902680544
0.3268526932079997
0.32685276796588414
0.3268704000491168
0.328957509480115
0.5821323373150242
0.32685331551016994
0.3268533902680544
0.32685331551016994
0.5668293099749976
0.32685276796588414
0.32693566102992744
0.3268533902680544
0.33149921532737653
0.3268533902680544
0.32685276796588414
0.32685276796588414
0.32685331551016994
0.3268704000491168
0.32685276796588414
0.32693628333209773
0.7958578039604127
0.3268533902680544
0.32691096543041476
0.3268526932079997
0.32687102235128707
0.5716359713164545
0.9504673604195495
0.32685276796588414
0.32685276796588414
0.32685276796588414
0.3268526932079997
0.3268533902680544
0.3292246969869691
0.3268526932079997
0.3268704000491168
0.32685276796588414
0.32685331551016994
0.326935586272043
0.32685276796588414
0.32685331551016994
0.32685276796588414
0.32685331551016994
0.32685276796588414
0.3268526932079997
0.3268533902680544
0.8912319881690218
0.32685276796588414
0.3268533902680544
0.4242862872293302
0.3268526932079997
0.32685276796588414
0.32685276796588414
0.3268704000491168
0.32685276796588414
1.4414510735002701
0.3268526932079997
0.32685276796588414
0.32977394335496946
0.3268533902680544
0.3268526932079997
0.3268526932079997
0.3268526932079997
0.3268533902680544
0.3268533902680544
0.32685276796588414
0.3268533902680544
0.32685276796588414
0.32685331551016994
0.3268533902680544
0.32685276796588414
0.32685276796588414
0.3268526932079997
0.32685276796588414
0.3283978191948042
0.32685276796588414
0.32784080261865445
0.3268533902680544
0.32685276796588414
0.326911587732585
0.3268533902680544
0.3268526932079997
0.5822693060927726
0.32685331551016994
0.32685331551016994
0.32685276796588414
0.32685331551016994
0.5668293099749976
0.32685276796588414
0.3268526932079997
0.3471101149403282
0.32685276796588414
0.32685276796588414
0.32685276796588414
0.3268526932079997
0.3278401803164842
0.32685276796588414
0.3268533902680544
0.9316442119845645
0.32685276796588414
0.5542562413288584
0.32685276796588414
0.32685276796588414
0.33853762193752435
0.3268526932079997
0.79605922833816
0.3289574208986534
0.32691151297470056
0.32784025507436865
0.3268533902680544
0.32685331551016994
0.33853762193752435
0.32685276796588414
0.35472349874386466
0.32685276796588414
0.3268773888075124
0.3268533902680544
0.3268526932079997
0.3268704000491168
0.32685331551016994
0.8912329417586258
0.32685276796588414
0.32691096543041476
0.326911587732585
0.3268526932079997
0.3268533902680544
0.3268526932079997
0.32685276796588414
0.32685331551016994
0.5668448285582387
0.3268526932079997
0.33813005462214
0.3268526932079997
0.32685276796588414
0.32685331551016994
0.3268533902680544
0.3268526932079997
0.3268533902680544
0.3297909531360319
0.3268526932079997
0.5668306098571383
0.3268526932079997
0.328957509480115
0.3268533902680544
0.3268704000491168
0.5239049676172
0.32685331551016994
0.32685276796588414
0.3268533902680544
0.32685276796588414
0.32685276796588414
0.3268703252912324
0.3268526932079997
0.8912329417586258
0.32685331551016994
0.3268526932079997
0.3268526932079997
0.32685276796588414
0.32685276796588414
0.9504594396517244
0.3268526932079997
0.32741444423272004
0.32685276796588414
0.32685276796588414
1.4527611814744572
0.32685331551016994
0.33853762193752435
0.32689571795079975
0.3268533902680544
0.32685276796588414
0.32685276796588414
0.8912329417586258
0.3465497580357172
0.3268704000491168
0.3268526932079997
0.3268773888075124
0.3268533902680544
0.32685331551016994
0.32685276796588414
0.32685276796588414
0.8665504652361888
0.32685276796588414
0.32685276796588414
0.8665773330363704
0.3268526932079997
0.32685276796588414
0.328957509480115
0.32857866224046145
0.3381293575620853
0.32685331551016994
0.3268533902680544
0.32685276796588414
0.3268526932079997
0.32685331551016994
0.32685276796588414
0.3268526932079997
0.3268526932079997
0.32685331551016994
0.32685276796588414
0.32685276796588414
0.32685276796588414
0.32685276796588414
0.3471101896982126
0.32685276796588414
0.32685276796588414
0.32685276796588414
0.3274138219305498
0.32685276796588414
0.3268533902680544
0.4242869981129621
0.7960346074965317
0.3268533902680544
0.3268526932079997
0.32685276796588414
0.3268526932079997
0.32685276796588414
0.3268526932079997
0.32685276796588414
1.4414514960420408
0.32685276796588414
0.3268526932079997
0.3268533902680544
0.3268526932079997
0.32685276796588414
0.5668283563853936
0.4242565408460075
0.3268703252912324
0.4251671189585119
0.3268533902680544
0.32685331551016994
0.32691096543041476
0.3381294323199697
0.32685276796588414
0.3268526932079997
0.32685276796588414
0.5669688785170275
0.3268526932079997
0.3268533902680544
0.32685276796588414
0.3268703252912324
0.3268526932079997
0.3268533902680544
0.32685331551016994
0.3268703252912324
0.32685276796588414
0.3268526932079997
0.32685276796588414
0.35472295119957886
0.3285787369983459
0.3268526932079997
0.3268526932079997
0.3268526932079997
0.32685331551016994
0.32685276796588414
0.3268526932079997
0.3268533902680544
0.3268526932079997
0.32685276796588414
0.3268533902680544
0.32685276796588414
0.32839844149697445
0.32685276796588414
0.5239049676172
0.32685276796588414
0.32685276796588414
0.3268526932079997
0.32685276796588414
0.3268526932079997
0.32687102235128707
0.3268526932079997
0.3268533902680544
0.3268533902680544
0.32685331551016994
0.3268533902680544
0.3268533902680544
0.32895679859648314
0.32685331551016994
0.32685276796588414
0.32685276796588414
0.32685276796588414
0.32685331551016994
0.3292158992351052
0.3268533902680544
1.4420373823992958
0.32685276796588414
0.32685276796588414
0.3268526932079997
0.32685276796588414
0.32685331551016994
0.3268709475934026
0.3547235735017491
0.3268526932079997
0.32685331551016994
0.32685331551016994
0.32693628333209773
0.3465497580357172
0.32685331551016994
0.32685276796588414
1.4414405447400374
0.32685276796588414
0.32685331551016994
0.3268533902680544
0.5668283563853936
0.32685276796588414
0.32685276796588414
0.3268703252912324
0.32839915238060635
0.32685276796588414
0.3381293575620853
0.32693628333209773
0.32685276796588414
0.3268526932079997
0.3268526932079997
0.3268526932079997
0.3268526932079997
0.3268704000491168
0.32685276796588414
0.32741444423272004
0.3268533902680544
0.3268526932079997
0.3297732462949148
0.32685276796588414
0.32685276796588414
0.3268533902680544
0.3268533902680544
0.32685276796588414
0.32866163006238924
0.3268526932079997
0.3268526932079997
0.3283978191948042
0.32685276796588414
0.3268526932079997
0.32685276796588414
0.3268526932079997
0.3268703252912324
0.3268533902680544
0.32685331551016994
0.32685276796588414
0.32685331551016994
0.8912576373581385
0.5239049676172
0.32685331551016994
0.3547228764416944
0.3547235735017491
0.32685331551016994
0.32685331551016994
0.3268526932079997
0.3278401803164842
0.3268526932079997
0.32685331551016994
0.5668554230048553
1.4196435739091426
0.32685276796588414
0.3268526932079997
1.4406501690929305
0.32685276796588414
0.32685276796588414
0.3274726416972507
0.32685276796588414
0.32685276796588414
0.3268526932079997
0.32685276796588414
0.3268526932079997
0.3268526932079997
0.32685331551016994
0.32685276796588414
0.32685276796588414
0.3268533902680544
0.3268526932079997
0.32685276796588414
0.33853762193752435
0.32685276796588414
0.32685276796588414
0.6678219068808976
0.32685331551016994
0.32685276796588414
0.44687947062282807
0.3547228764416944
0.32685276796588414
0.5542257840619038
0.3268703252912324
0.3268703252912324
0.3268533902680544
0.3268533902680544
0.32685276796588414
0.3268526932079997
0.32685331551016994
0.8912319881690218
0.32685331551016994
0.3268704000491168
0.32979087837814747
0.34654913573354695
0.3268526932079997
0.32685276796588414
0.7957641285179022
0.3268533902680544
0.32685276796588414
0.32685276796588414
0.3268533902680544
0.32685276796588414
0.3268526932079997
0.32685276796588414
0.32685276796588414
0.32685276796588414
0.32685331551016994
0.3268533902680544
0.3268526932079997
0.3268533902680544
0.32693566102992744
0.7957372607177207
0.32685276796588414
0.326935586272043
0.32685331551016994
0.32685276796588414
0.3268526932079997
0.32685276796588414
0.8912250209908006
0.32685276796588414
0.3268533902680544
0.5668306098571383
0.32685276796588414
0.32685331551016994
0.3381299798642556
0.3268533902680544
0.32685276796588414
0.3268526932079997
0.32685331551016994
0.32685276796588414
0.32685276796588414
0.32685276796588414
0.3293075900510125
0.32685276796588414
0.3268704000491168
0.3268533902680544
0.32685276796588414
0.3268526932079997
1.4414405447400374
0.32685331551016994
0.8912329417586258
0.32685276796588414
0.5239049676172
0.32685276796588414
1.4414514960420408
0.3268526932079997
0.3268526932079997
0.32685276796588414
0.32685276796588414
0.5651318601387824
0.32693566102992744
0.32685276796588414
0.3268533902680544
0.32685276796588414
0.4468497242395054
0.32685276796588414
0.3268533902680544
0.32685331551016994
0.3268533902680544
0.32685276796588414
0.3381313449424327
0.32685276796588414
0.32685331551016994
0.3268526932079997
0.3268526932079997
0.32685276796588414
0.32784080261865445
0.3268526932079997
0.3268704000491168
0.3297732462949148
0.32685331551016994
0.3269362085742133
0.34654968327783275
0.32977394335496946
0.3269532931131602
0.326911587732585
0.326935586272043
0.32685276796588414
0.7957641285179022
0.32685276796588414
0.32685331551016994
1.4188551258287152
0.7957618815593489
0.32685276796588414
0.3268526932079997
0.32685331551016994
0.32685276796588414
0.32685331551016994
0.32685276796588414
0.35472295119957886
0.3268704000491168
0.32685276796588414
0.32685276796588414
0.3268533902680544
0.3547228764416944
0.3268533902680544
0.32685276796588414
0.32685331551016994
0.32685276796588414
0.3268526932079997
0.3547235735017491
0.6023387867805899
0.32685276796588414
0.3268704000491168
0.32693566102992744
0.3385382442396946
0.32685276796588414
1.4414405447400374
0.3268526932079997
0.32685276796588414
0.3268533902680544
0.3268526932079997
0.32685276796588414
0.32685276796588414
0.3381293575620853
0.3268526932079997
0.3268526932079997
0.44687036397979785
0.3283978191948042
0.3268526932079997
0.3268526932079997
0.3268533902680544
0.32685276796588414
0.32685276796588414
0.3268533902680544
0.3268533902680544
0.32685331551016994
0.3268526932079997
0.32685276796588414
0.35472349874386466
0.3268533902680544
0.32685276796588414
0.9504673604195495
0.3268526932079997
0.32685276796588414
0.3268533902680544
0.32685276796588414
0.3268704000491168
0.32685276796588414
0.32685276796588414
0.3285787369983459
0.32685276796588414
0.3268533902680544
0.3269108906725303
1.4414405447400374
