0.32695321835527574
0.32784025507436865
0.7960593030960443
0.326911587732585
0.32685331551016994
0.3268526932079997
0.3268533902680544
0.3268533902680544
0.3268533902680544
0.3283985300784361
0.32685276796588414
0.3269362085742133
0.32685276796588414
0.3268704000491168
0.32784080261865445
0.32685276796588414
0.3268704000491168
0.32685276796588414
0.35316826040701416
0.32685276796588414
0.3268526932079997
0.32685276796588414
0.3268526932079997
0.32685331551016994
0.3268703252912324
0.32685276796588414
0.32685276796588414
0.32685276796588414
0.582742770602822
0.32685276796588414
0.3268526932079997
0.32685276796588414
0.32685276796588414
0.32685276796588414
1.4414401221982664
0.3268533902680544
0.32685276796588414
0.32685276796588414
0.32685276796588414
0.3268704000491168
0.32685276796588414
0.3268526932079997
0.32685276796588414
0.32685276796588414
0.3285886732442594
0.32922477174485354
0.3269108906725303
0.3268703252912324
0.32685276796588414
0.32685331551016994
0.5669922742343995
0.3268774635653968
0.32685276796588414
0.3268526932079997
0.32685276796588414
0.32685276796588414
0.33821361570430575
0.3268533902680544
0.3268533902680544
0.3268526932079997
0.32693628333209773
0.3268526932079997
0.3268526932079997
0.32685276796588414
0.3268526932079997
0.32685276796588414
0.32685276796588414
0.32685276796588414
0.3268533902680544
0.34654913573354695
0.3268533902680544
0.3268526932079997
0.3268526932079997
0.32685276796588414
0.3268526932079997
0.32685276796588414
0.3268526932079997
0.3268526932079997
0.3268533902680544
0.3268526932079997
0.3268526932079997
0.32693566102992744
0.32685276796588414
0.3268774635653968
0.3268533902680544
0.32685276796588414
0.32685331551016994
0.32685276796588414
0.32685276796588414
0.32685276796588414
0.32685276796588414
0.32685276796588414
0.32685276796588414
0.326935586272043
0.32685276796588414
0.32685276796588414
0.5668293099749976
0.3268704000491168
0.3268533902680544
0.3268526932079997
0.3547235735017491
0.32685276796588414
0.3268526932079997
0.32685276796588414
0.32685276796588414
0.3268526932079997
0.3268709475934026
0.33853762193752435
0.5241205190614069
0.8917922729508803
0.32685276796588414
0.3268533902680544
0.3268526932079997
1.4414401221982664
0.3268526932079997
0.32693566102992744
0.5668293099749976
0.32685276796588414
0.3268526932079997
0.3268704000491168
0.7957641285179022
0.3268533902680544
0.3268533902680544
0.32685276796588414
1.4414405447400374
0.3268533902680544
0.3268774635653968
0.32685276796588414
0.32685276796588414
0.32685276796588414
0.3268533902680544
0.3268780111096826
0.32979087837814747
0.32685276796588414
0.32685276796588414
0.3268526932079997
0.3268704000491168
0.32685331551016994
0.32685276796588414
0.3268526932079997
0.3268773888075124
0.3268533902680544
0.32685331551016994
0.32685276796588414
0.32685276796588414
0.32685276796588414
0.32685276796588414
0.3268774635653968
1.4414405447400374
0.3268533902680544
0.32922477174485354
0.3297909531360319
0.32685331551016994
0.32685276796588414
0.32685276796588414
0.3268526932079997
0.32685276796588414
0.3268526932079997
0.32685276796588414
0.3268533902680544
0.32685276796588414
0.32685276796588414
0.32685276796588414
0.3268526932079997
0.3268526932079997
0.3268533902680544
0.3268526932079997
0.3268533902680544
0.32685331551016994
0.32685276796588414
0.5668293099749976
0.32685276796588414
0.3268533902680544
1.4414410764371075
0.4242862872293302
0.3268774635653968
0.32685276796588414
0.3268533902680544
0.32685276796588414
0.32685276796588414
0.3268526932079997
0.32685276796588414
0.3268526932079997
0.32685276796588414
0.32685276796588414
0.32977394335496946
0.32685276796588414
0.3268526932079997
0.3268526932079997
0.3268704000491168
0.32685276796588414
0.3268526932079997
0.3268526932079997
0.3268526932079997
0.32693566102992744
0.32841600532669446
0.7957371859598362
0.32839915238060635
0.3268704000491168
0.32685276796588414
0.32685276796588414
0.32685276796588414
0.3268533902680544
0.32685276796588414
0.32693566102992744
1.2950917249579281
0.32685276796588414
0.32685276796588414
0.3547228764416944
0.3268704000491168
0.326935586272043
0.32685276796588414
0.32685276796588414
1.4414405447400374
0.3268526932079997
0.3268774635653968
0.32685276796588414
0.32685276796588414
0.32685276796588414
0.32685276796588414
0.3268533902680544
0.32685276796588414
0.3269285975136475
0.338130647882378
0.33853762193752435
0.4242869981129621
0.3268704000491168
0.4468801815064599
0.33853816948181015
0.32685276796588414
0.32687102235128707
0.32685276796588414
0.34656709405584973
0.4242565408460075
0.32685276796588414
0.3268526932079997
0.32685276796588414
0.3268703252912324
0.8924710198239159
0.32685276796588414
0.3268704000491168
0.3268533902680544
0.3268703252912324
0.35029704583263865
0.32685276796588414
0.4242565408460075
0.5239048928593155
0.32685276796588414
0.32685276796588414
0.3268533902680544
0.32685276796588414
0.32685276796588414
0.32685276796588414
0.553522817810951
0.32685276796588414
0.3268703252912324
0.3268704000491168
0.32685276796588414
0.32685276796588414
0.3268703252912324
0.3268533902680544
0.9801199907228799
0.7957641285179022
0.3268533902680544
0.32685276796588414
0.32685276796588414
0.32685276796588414
0.32685276796588414
0.3268774635653968
0.3268526932079997
0.32685276796588414
0.3268774635653968
0.32685276796588414
0.3268526932079997
0.5821323373150242
0.3268526932079997
0.32685276796588414
0.32784080261865445
0.32685276796588414
0.32685276796588414
0.3268533902680544
0.3268526932079997
0.3268526932079997
0.32687102235128707
1.4414391584149269
0.32685276796588414
0.32685276796588414
0.3268526932079997
0.7957641285179022
0.32685276796588414
0.3283978191948042
0.32685276796588414
0.32685276796588414
0.3268533902680544
0.3292347827486515
0.3268526932079997
0.3268526932079997
0.32685276796588414
0.32685276796588414
0.3268526932079997
0.32685276796588414
0.32685276796588414
0.3268526932079997
0.32685276796588414
0.3268526932079997
0.32687102235128707
0.7960345327386473
0.3268526932079997
0.32685276796588414
0.3268526932079997
0.32693566102992744
0.32685276796588414
0.32685276796588414
0.32685276796588414
0.32685276796588414
0.32685276796588414
0.32685276796588414
0.3268526932079997
0.3268526932079997
0.32685276796588414
0.3268533902680544
0.32685276796588414
0.32685276796588414
0.32685276796588414
0.3268533902680544
0.3268526932079997
0.32685276796588414
0.32685276796588414
0.3471101896982126
0.32685276796588414
0.32685331551016994
0.32685276796588414
0.3283985300784361
0.32693566102992744
0.3268526932079997
0.3268526932079997
0.32693566102992744
0.35472295119957886
0.3268526932079997
0.32685331551016994
0.32685331551016994
0.3268533902680544
0.32685276796588414
0.553522817810951
0.3297909531360319
0.5821300838432796
0.3268526932079997
0.3268709475934026
0.32685276796588414
0.32693628333209773
0.32685276796588414
0.32685276796588414
0.3268533902680544
0.3268526932079997
0.338538912257817
0.32685276796588414
0.32685331551016994
0.3268526932079997
0.3268704000491168
0.32685276796588414
0.35472295119957886
0.32685276796588414
0.34711081200038285
0.8912576373581385
0.32685276796588414
0.7960077396963502
0.32685276796588414
0.32981557397766015
1.0136671065792338
0.32685276796588414
0.5239049676172
0.32685276796588414
0.32685276796588414
0.3268704000491168
0.34656780493948164
0.3471930827622559
0.3268526932079997
0.32685276796588414
0.3268526932079997
0.32685276796588414
0.3268773888075124
0.3268533902680544
0.32685331551016994
0.32685331551016994
0.32693566102992744
0.32693566102992744
0.3268526932079997
0.32922477174485354
0.3268526932079997
0.32685331551016994
0.3268533902680544
0.32685276796588414
0.32685276796588414
1.4527602176911176
0.3297733210527992
0.32685276796588414
0.32685276796588414
0.32685276796588414
0.32685276796588414
0.3268526932079997
0.3292347827486515
0.32685276796588414
0.3279407054637603
0.32685276796588414
0.32685276796588414
0.3268526932079997
0.32685276796588414
0.32685331551016994
0.3268526932079997
0.32685276796588414
0.3268533902680544
0.3547235735017491
0.32685276796588414
0.32685276796588414
0.32685276796588414
0.7323756228923667
0.32685276796588414
0.32685276796588414
0.32685276796588414
0.32685276796588414
0.7960077396963502
0.32691096543041476
0.32685276796588414
0.32685276796588414
0.32693628333209773
0.3297732462949148
0.32685331551016994
0.32685276796588414
0.32685276796588414
0.3268709475934026
0.32685276796588414
0.3268533902680544
0.3268709475934026
0.32860335783997413
0.32685276796588414
0.32685276796588414
0.32685276796588414
0.32685276796588414
0.32685276796588414
0.3268526932079997
0.3268704000491168
0.32784025507436865
0.3268526932079997
0.5821323373150242
0.3268526932079997
0.32685276796588414
0.32685276796588414
0.32685276796588414
0.32687102235128707
0.32685276796588414
0.32685276796588414
0.3268533902680544
0.3278408773765389
0.3268773888075124
0.32693566102992744
0.32685276796588414
0.3285887480021438
0.32687102235128707
0.5238745103502453
0.3268703252912324
0.4242862872293302
0.32685331551016994
0.32685276796588414
0.32691096543041476
0.32685276796588414
0.32685276796588414
0.32685276796588414
0.3268704000491168
0.3268526932079997
0.3268533902680544
0.3268526932079997
0.3268526932079997
0.32685276796588414
0.3268704000491168
0.3268526932079997
0.3268533902680544
0.3268526932079997
0.32685276796588414
0.32693566102992744
0.3268774635653968
0.3268526932079997
0.33853762193752435
0.32685276796588414
0.34654913573354695
0.3268526932079997
0.35472295119957886
0.32685276796588414
0.3268709475934026
0.32685276796588414
0.35472349874386466
0.32784025507436865
0.3268533902680544
0.32685276796588414
0.3268774635653968
0.3283985300784361
0.98011084881519
0.3268773888075124
0.3268704000491168
0.3268526932079997
0.32685276796588414
0.32685276796588414
0.32685276796588414
0.32685276796588414
0.8912250209908006
0.32685276796588414
0.7960593030960443
0.32685276796588414
0.3268526932079997
0.3268533902680544
0.32685276796588414
0.32685276796588414
0.3268533902680544
0.35472295119957886
0.9952947258979981
0.3268526932079997
0.3268526932079997
0.32685276796588414
0.3268526932079997
0.3268533902680544
0.32685276796588414
0.32685331551016994
0.32685276796588414
0.32685331551016994
0.32685276796588414
0.32741374717266536
1.4414395809566978
0.32685276796588414
0.32685276796588414
0.3268526932079997
0.32685276796588414
0.3268704000491168
0.32685276796588414
0.3285787369983459
0.7957641285179022
0.32685276796588414
0.32685276796588414
0.32685276796588414
1.4414405447400374
0.3278408773765389
0.3268704000491168
0.33813072264026245
0.32685276796588414
0.3268704000491168
0.4242869981129621
0.3268526932079997
0.3268704000491168
0.32685276796588414
0.32685276796588414
0.5668293099749976
0.32685276796588414
0.32685276796588414
0.32685276796588414
0.32685276796588414
0.32685276796588414
0.7891176027847704
0.32685331551016994
0.32685276796588414
0.32685276796588414
0.3268533902680544
0.3268526932079997
0.3268533902680544
0.32685276796588414
0.32685276796588414
0.3268780111096826
0.32685276796588414
0.3268526932079997
0.32866163006238924
0.3268533902680544
0.32685276796588414
0.3268526932079997
0.32685331551016994
0.32685276796588414
0.3268533902680544
0.32685276796588414
0.8548781865220142
0.32693566102992744
0.7960077396963502
0.32685276796588414
0.32685276796588414
0.32685276796588414
0.32685276796588414
0.32685276796588414
0.32685276796588414
0.32685276796588414
0.3268526932079997
0.5668293099749976
0.7007883681128484
0.32685276796588414
0.32685331551016994
0.3268526932079997
0.3268533902680544
0.3268526932079997
0.32685276796588414
0.5239515014104698
0.7960346074965317
0.3297909531360319
0.32784025507436865
0.32685276796588414
0.3268704000491168
0.3385382442396946
0.32685276796588414
0.3278401803164842
0.32685276796588414
0.32685276796588414
0.3268533902680544
0.3268526932079997
0.3268526932079997
0.9801698988903158
0.3268526932079997
0.32685276796588414
0.3292594783481642
0.3268533902680544
0.32685276796588414
0.3268533902680544
0.32685276796588414
0.32685276796588414
0.32685276796588414
0.338130647882378
0.32685276796588414
0.32685276796588414
0.32685276796588414
0.32784025507436865
0.3268533902680544
0.32685276796588414
0.32685276796588414
0.3268526932079997
0.32685276796588414
0.3268533902680544
2.1624926540128455
0.5668293099749976
0.3268704000491168
0.32685276796588414
0.32685276796588414
0.32685276796588414
0.3268533902680544
0.3268526932079997
0.32691096543041476
0.3268526932079997
0.3268533902680544
0.3268526932079997
0.3385375471796399
0.32685276796588414
0.32685276796588414
0.327923148138412
0.32685331551016994
0.3268533902680544
0.32685331551016994
0.32685276796588414
0.3268533902680544
0.3268533902680544
0.32685276796588414
0.32685276796588414
0.3268533902680544
0.3268533902680544
0.32867156630830274
0.3268533902680544
0.32685276796588414
0.3268704000491168
0.32685276796588414
0.32685276796588414
0.32685276796588414
0.32685276796588414
0.3278408773765389
0.338130647882378
0.3268526932079997
0.3268533902680544
0.32685276796588414
0.32685276796588414
0.32685276796588414
0.7890929071852577
0.3268526932079997
0.32839844149697445
0.32685276796588414
0.32685276796588414
0.32685276796588414
0.32685276796588414
0.32685276796588414
0.3268526932079997
0.34654913573354695
0.32685276796588414
0.3268703252912324
0.32685276796588414
0.32685276796588414
0.3385375471796399
0.3268533902680544
0.3268526932079997
0.32685276796588414
0.32685276796588414
0.3283985300784361
0.32685276796588414
0.32685276796588414
0.32685276796588414
0.3268533902680544
0.3268533902680544
0.3268533902680544
0.3465497580357172
0.3268526932079997
0.3268533902680544
0.3268533902680544
0.3268703252912324
0.32685276796588414
0.32842526465256483
0.3268774635653968
0.32685276796588414
0.32839844149697445
0.3268526932079997
0.32685276796588414
0.3268526932079997
0.3269285975136475
0.32685276796588414
0.3283985300784361
0.32685276796588414
0.32685276796588414
0.32685276796588414
0.32685276796588414
0.3268774635653968
0.3268774635653968
0.3268533902680544
0.32685276796588414
0.32685276796588414
0.3268526932079997
0.3268533902680544
0.32685276796588414
0.3268533902680544
0.32693628333209773
0.32685276796588414
0.3268526932079997
0.32685276796588414
0.32685276796588414
0.3268533902680544
0.32685276796588414
0.32685276796588414
0.34656780493948164
0.32685276796588414
0.32685276796588414
0.32685276796588414
0.32685276796588414
0.3274143694748356
0.32685276796588414
0.3268533902680544
0.3268526932079997
0.3268533902680544
0.3268709475934026
0.3268526932079997
0.3268533902680544
0.3268533902680544
0.32685276796588414
0.3547412055849818
0.32685276796588414
0.32685276796588414
0.7957640537600177
0.33853762193752435
0.32685276796588414
0.3268533902680544
0.32685276796588414
0.3268533902680544
0.3278408773765389
0.3268526932079997
0.3268526932079997
0.32685276796588414
0.32685331551016994
0.3268526932079997
0.326935586272043
0.3385388374999326
0.32685331551016994
0.32685276796588414
0.32685276796588414
0.32685276796588414
0.9474483009411746
0.32685276796588414
0.3465490609756625
0.3268774635653968
0.32685276796588414
0.3268526932079997
0.3269362085742133
0.3268533902680544
0.356047209710564
0.32985621411684257
0.32685276796588414
0.32685276796588414
0.32685331551016994
0.3297733210527992
0.3292829692093842
0.3268526932079997
0.3268533902680544
0.3268526932079997
0.32685276796588414
0.3268533902680544
0.5668283563853936
0.32685276796588414
0.32685276796588414
0.7960346074965317
0.32693566102992744
0.3285787369983459
0.32685276796588414
0.32685276796588414
0.32685276796588414
0.3268533902680544
0.32685276796588414
0.3268526932079997
0.32685276796588414
0.3268526932079997
0.3268704000491168
1.4414401221982664
0.3268709475934026
0.32685276796588414
0.32685276796588414
0.32685276796588414
0.32685276796588414
0.32685331551016994
0.3268774635653968
0.3268533902680544
0.32685276796588414
0.32685331551016994
0.338130647882378
0.32685276796588414
0.32685276796588414
0.32685276796588414
0.3268526932079997
0.3285787369983459
0.3268526932079997
0.32685276796588414
0.32685276796588414
0.32685276796588414
0.32685276796588414
0.32685276796588414
0.3268533902680544
0.3286133688437721
0.32685276796588414
0.32685276796588414
0.32685276796588414
1.4414405447400374
0.3268704000491168
0.34654913573354695
0.32685276796588414
0.3268533902680544
0.326935586272043
0.3268526932079997
0.32685331551016994
0.32685276796588414
0.32685276796588414
0.32685276796588414
0.3268704000491168
0.3268526932079997
0.3268526932079997
0.3278408773765389
0.32685276796588414
0.32685276796588414
0.3268533902680544
0.3278401803164842
0.32685331551016994
0.3268704000491168
0.32784025507436865
0.3547228764416944
0.3292246969869691
0.3268773888075124
0.3268526932079997
0.32685331551016994
0.3268703252912324
0.33813072264026245
0.3268773888075124
0.3268533902680544
0.32685276796588414
0.3268533902680544
0.5821310374328834
0.32685276796588414
0.32685276796588414
0.3268533902680544
0.32685276796588414
0.3268526932079997
0.32685276796588414
0.32685276796588414
0.32685331551016994
0.3297909531360319
0.3268533902680544
0.32685276796588414
0.34711081200038285
0.3268704000491168
0.3268704000491168
0.7960345327386473
0.3268773888075124
0.32687102235128707
0.32685276796588414
0.32685276796588414
0.3268533902680544
0.3268526932079997
0.553522817810951
0.32685276796588414
0.3268703252912324
0.3268526932079997
0.32685276796588414
0.32685331551016994
0.3268704000491168
0.3268526932079997
0.3268533902680544
0.3268526932079997
0.32687808586756706
0.35472295119957886
0.5668283563853936
0.3268774635653968
0.3268526932079997
0.3268533902680544
0.32693566102992744
0.32685276796588414
0.3268533902680544
0.32685276796588414
0.3268526932079997
0.5668293099749976
0.3268526932079997
0.3268526932079997
0.32685276796588414
0.32685276796588414
0.32685331551016994
0.32685276796588414
0.3268526932079997
0.32685276796588414
0.32685276796588414
0.3268533902680544
0.3297733210527992
0.3268526932079997
0.5668293099749976
0.3547235735017491
0.3268773888075124
0.32685276796588414
0.3268533902680544
0.3268526932079997
0.32685276796588414
0.3268526932079997
0.32685276796588414
0.32685276796588414
0.32685276796588414
0.32685276796588414
0.3268526932079997
0.3268526932079997
0.32685276796588414
0.45058660785953186
0.3274138219305498
0.3268526932079997
0.32685276796588414
0.3268533902680544
1.6422363726455071
0.3268533902680544
0.32685276796588414
0.32685276796588414
0.32685276796588414
0.3471101149403282
0.3268533902680544
1.4414401221982664
0.32685276796588414
0.3268533902680544
0.32685276796588414
0.3268526932079997
0.32685276796588414
0.32685331551016994
0.32685276796588414
0.3278408773765389
0.32691096543041476
0.79605922833816
0.32685276796588414
0.32685276796588414
0.3285787369983459
0.3268533902680544
0.338130647882378
0.32685276796588414
0.3268704000491168
0.33853762193752435
0.3268526932079997
0.32691096543041476
0.32687808586756706
0.32685276796588414
0.3268526932079997
0.3268526932079997
0.3268703252912324
0.3268533902680544
0.3268533902680544
0.32685331551016994
0.3283985300784361
0.32685276796588414
0.3268526932079997
0.3268709475934026
0.32685276796588414
0.32685276796588414
0.32685276796588414
0.32685276796588414
0.32693566102992744
0.32685276796588414
0.32685276796588414
0.3268533902680544
0.3268533902680544
0.3269108906725303
0.32685276796588414
0.32685276796588414
0.32685276796588414
0.32685276796588414
0.32687102235128707
0.32685276796588414
0.32685276796588414
0.32685276796588414
0.3268526932079997
0.32685276796588414
