0.3268526932079997
0.32685331551016994
0.32685331551016994
0.32685331551016994
0.32685276796588414
0.32685331551016994
0.3391174669727401
0.3268780111096826
0.32685331551016994
0.4251366616915573
0.32685331551016994
0.32685276796588414
0.32685331551016994
0.32685276796588414
0.3268780111096826
0.33813127018454825
0.3268533902680544
0.32685331551016994
0.32977394335496946
0.32685331551016994
0.4468490133558735
0.523874435592361
0.32685331551016994
0.32685331551016994
0.32685331551016994
0.32685331551016994
0.32685331551016994
0.3268533902680544
0.32685331551016994
0.34654968327783275
0.32685331551016994
0.3297890519213675
0.32685331551016994
0.32691151297470056
0.32784080261865445
0.32685331551016994
0.33813127018454825
0.32685331551016994
0.35472349874386466
0.32685331551016994
0.3268533902680544
0.32685276796588414
0.3268533902680544
0.32685331551016994
0.3268526932079997
0.32685331551016994
0.3268533902680544
0.3268533902680544
1.4414501097169305
0.32685331551016994
0.32685331551016994
0.32685331551016994
0.32685331551016994
0.32685331551016994
0.32685331551016994
0.3268533902680544
0.32685331551016994
0.32685331551016994
0.32685331551016994
0.32685331551016994
0.32685331551016994
0.3269362085742133
0.3268533902680544
0.32685331551016994
0.32685331551016994
0.3268533902680544
0.33853816948181015
0.3268533902680544
0.32685331551016994
0.32685331551016994
0.32685331551016994
0.32685331551016994
0.32685331551016994
0.32685331551016994
0.32685331551016994
0.3285887480021438
0.7957372607177207
0.3268533902680544
0.32685331551016994
0.32685331551016994
0.3268533902680544
0.32685331551016994
0.3268533902680544
0.32685331551016994
0.32685331551016994
0.32685331551016994
0.32685331551016994
0.32839844149697445
0.32784080261865445
0.32685331551016994
0.3268533902680544
0.32685331551016994
0.32685331551016994
0.32685276796588414
0.32685331551016994
0.32685331551016994
0.329773868597085
0.32685331551016994
0.3268780111096826
0.3268533902680544
0.32923470799076704
0.32685331551016994
0.3268780111096826
0.3547235735017491
0.32685331551016994
0.33853816948181015
0.32685331551016994
0.32685331551016994
0.3268526932079997
0.3268533902680544
0.32685331551016994
0.32685331551016994
0.32685331551016994
0.3268526932079997
0.32685331551016994
0.32685331551016994
0.32693628333209773
0.32685331551016994
0.32685331551016994
0.3381299798642556
0.32685331551016994
0.3268526932079997
0.3268533902680544
0.32685331551016994
0.32685331551016994
0.32685331551016994
0.3268780111096826
0.3292246969869691
0.32685331551016994
0.35083056913308786
0.32687808586756706
0.3268780111096826
0.32685331551016994
0.32685331551016994
0.3285886732442594
0.5668306098571383
0.3268526932079997
0.3268780111096826
0.3268533902680544
0.3268533902680544
0.32685331551016994
0.32685331551016994
0.32685331551016994
0.32685331551016994
0.3268533902680544
0.32685331551016994
0.32685331551016994
0.32685331551016994
0.3268780111096826
0.32685331551016994
0.3268526932079997
0.32922477174485354
0.32685331551016994
0.3268533902680544
0.32685331551016994
0.3268533902680544
0.3268780111096826
0.32685331551016994
0.32685331551016994
0.3268533902680544
0.32685331551016994
0.32685331551016994
0.32685331551016994
0.32784080261865445
0.3268526932079997
0.32685331551016994
0.34654968327783275
0.3268533902680544
0.32685331551016994
0.3268526932079997
0.8912240674011968
0.3268533902680544
0.32685331551016994
0.32685331551016994
0.32685331551016994
0.3268533902680544
0.8912240674011968
0.3268533902680544
0.42425582996237565
0.32685331551016994
0.3268533902680544
0.4468490133558735
0.32685331551016994
0.32685331551016994
0.32685331551016994
0.42425582996237565
0.32685331551016994
0.3268533902680544
0.32685331551016994
0.32685331551016994
0.33813127018454825
0.7888295699497027
0.3381299798642556
0.32685331551016994
0.32685331551016994
0.3268533902680544
0.32685331551016994
0.32685331551016994
0.3286469454666745
0.32685331551016994
0.4468490133558735
0.32685331551016994
0.3268533902680544
0.3268533902680544
0.33853816948181015
0.32685331551016994
0.32685331551016994
0.32685331551016994
0.3268533902680544
0.3547235735017491
0.42425582996237565
0.32685331551016994
0.3268780111096826
0.3268533902680544
0.3268526932079997
0.3268533902680544
0.32685331551016994
0.32685331551016994
0.32685331551016994
0.32685331551016994
0.32685331551016994
0.32685331551016994
0.32685331551016994
0.32685331551016994
0.32685331551016994
0.32685331551016994
0.32685331551016994
0.32977394335496946
0.32685331551016994
0.32685331551016994
0.32685331551016994
0.32685331551016994
0.32923470799076704
0.33813005462214
0.32685331551016994
0.7957640537600177
0.32685331551016994
0.32685331551016994
0.3269362085742133
0.32685331551016994
0.3268526932079997
0.3268533902680544
0.32923470799076704
0.3269362085742133
1.4414514960420408
0.3268533902680544
0.32983214081950013
0.32685331551016994
0.3268533902680544
0.32685331551016994
0.3268533902680544
0.32685331551016994
0.32685331551016994
0.32685331551016994
0.32685331551016994
0.33815467546376826
0.3268533902680544
0.3268533902680544
0.3268533902680544
0.32923470799076704
0.32685331551016994
0.32685331551016994
0.32685331551016994
0.8912240674011968
0.32685331551016994
0.32685331551016994
0.32685331551016994
0.32685331551016994
0.32685331551016994
0.3268780111096826
0.3268533902680544
0.32839844149697445
0.32685331551016994
0.32685331551016994
0.32685331551016994
0.3268533902680544
0.32685331551016994
0.32685331551016994
0.32685331551016994
0.32685331551016994
0.32685331551016994
0.32685331551016994
0.32685331551016994
0.32685331551016994
0.32685331551016994
0.32685331551016994
0.32685331551016994
0.32685331551016994
0.32685331551016994
0.32685331551016994
0.32685331551016994
0.32685331551016994
0.32685331551016994
0.32685331551016994
0.32784080261865445
0.32685331551016994
0.32685331551016994
0.32685331551016994
0.7960076649384658
0.32685331551016994
0.3268533902680544
0.3268533902680544
0.32685331551016994
0.32923470799076704
0.32685331551016994
0.3268533902680544
0.32685331551016994
1.4414501097169305
0.32685331551016994
0.3268533902680544
0.32685331551016994
0.32685331551016994
0.32685331551016994
0.32687808586756706
0.9504584860621205
0.32685331551016994
0.32685331551016994
0.32685331551016994
0.4242862872293302
0.32685331551016994
0.7957371859598362
0.8912250209908006
0.32685331551016994
0.32685331551016994
0.32685331551016994
0.32685331551016994
0.32685331551016994
0.32839915238060635
0.3268533902680544
0.32685331551016994
0.3268533902680544
0.32685331551016994
0.32685331551016994
0.32685331551016994
0.32685331551016994
0.3381299798642556
0.3285887480021438
0.32685331551016994
0.32685331551016994
0.32685331551016994
0.32685331551016994
0.32685331551016994
0.3268533902680544
0.32685331551016994
0.3268526932079997
0.3268780111096826
0.32685331551016994
0.32685331551016994
0.32685331551016994
0.3268533902680544
0.32685331551016994
0.32685331551016994
0.32685331551016994
0.32685331551016994
0.32685331551016994
0.3269362085742133
0.33853816948181015
0.3268533902680544
0.32685331551016994
0.32685331551016994
0.32923470799076704
0.3268526932079997
0.32685331551016994
0.32685331551016994
0.6638471938422467
0.3268533902680544
0.32685331551016994
0.32685331551016994
0.4242565408460075
0.3268526932079997
0.32685331551016994
0.32685331551016994
0.32685331551016994
0.32685331551016994
0.3268526932079997
0.3268533902680544
0.32685331551016994
0.3268533902680544
0.32685331551016994
0.3547235735017491
0.32685331551016994
0.32685331551016994
0.9504594396517244
0.32685331551016994
0.32685331551016994
0.32685331551016994
0.32685331551016994
0.32685331551016994
0.3465497580357172
0.32685331551016994
1.5571473844595665
0.32741444423272004
0.3268533902680544
0.3381293575620853
0.32685331551016994
0.32685331551016994
0.3268533902680544
0.32685331551016994
0.3268533902680544
0.3278408773765389
0.7957371859598362
0.32685331551016994
0.8912240674011968
0.32693628333209773
1.5571473844595665
0.3268533902680544
0.32685331551016994
0.32685331551016994
0.3268533902680544
0.5668296562675345
0.3268533902680544
0.32685331551016994
0.3268533902680544
0.32685331551016994
0.32685331551016994
0.3268533902680544
0.32857866224046145
0.32685331551016994
0.3268533902680544
0.32685331551016994
0.32685331551016994
0.5872740581369772
0.32685331551016994
1.4414505322587012
0.3268533902680544
0.3268533902680544
0.3268533902680544
0.32685331551016994
0.32685331551016994
0.32685331551016994
0.32685331551016994
0.32685331551016994
0.3268526932079997
0.3268709475934026
0.32685331551016994
0.3274143694748356
0.8912576373581385
0.32685331551016994
0.32685331551016994
0.3268709475934026
0.32685331551016994
0.32685331551016994
0.32685331551016994
0.3268533902680544
0.3268533902680544
0.32685331551016994
0.3268533902680544
0.3268533902680544
0.32685331551016994
0.32685331551016994
0.32685331551016994
0.32685276796588414
0.3268533902680544
0.32685331551016994
0.32685331551016994
0.3285886732442594
0.32685331551016994
0.32685276796588414
0.9504584860621205
0.32685331551016994
0.3268533902680544
0.32685331551016994
0.3268533902680544
0.32685331551016994
0.32685331551016994
0.32685276796588414
0.3268533902680544
0.32685331551016994
0.32685331551016994
0.32685331551016994
0.32923470799076704
0.32685331551016994
0.32685331551016994
0.32685331551016994
0.3292347827486515
0.32685331551016994
0.3268533902680544
0.9504584860621205
0.3268533902680544
0.3268533902680544
0.3268533902680544
0.32685331551016994
0.5238745103502453
0.32685331551016994
0.32685331551016994
0.3268533902680544
0.32685331551016994
0.32685331551016994
0.32685331551016994
0.32685331551016994
1.5571473844595665
0.32685331551016994
0.32685331551016994
0.32685331551016994
0.32685331551016994
0.3268526932079997
0.32685331551016994
0.32685331551016994
0.32685331551016994
0.3268533902680544
0.32685331551016994
0.32685276796588414
0.3268533902680544
0.32685331551016994
0.3268533902680544
0.3268533902680544
0.32685331551016994
0.3268533902680544
0.32685331551016994
0.32977394335496946
0.32685331551016994
0.32685331551016994
0.32685331551016994
0.32685331551016994
0.9418420561530518
0.32685331551016994
0.32685331551016994
0.32741444423272004
0.32685331551016994
0.3268533902680544
0.32685331551016994
0.32685331551016994
0.32685331551016994
0.3268533902680544
0.3268526932079997
0.32685331551016994
0.32685331551016994
0.32685331551016994
0.32685331551016994
0.32685331551016994
0.32685331551016994
0.32685331551016994
0.32685331551016994
0.32685331551016994
0.32685331551016994
0.3268533902680544
0.32685331551016994
0.32685331551016994
0.523874435592361
0.32685331551016994
0.32685331551016994
0.32685331551016994
0.3268533902680544
0.32685331551016994
0.32685331551016994
0.3268533902680544
0.32685331551016994
0.32685331551016994
0.7957371859598362
0.32685331551016994
0.3278408773765389
0.32685331551016994
0.32685331551016994
0.3268533902680544
0.32685331551016994
0.3286716410661872
0.3268533902680544
0.32857866224046145
0.32685331551016994
0.326911587732585
0.32685331551016994
0.3268533902680544
0.3268533902680544
0.32685331551016994
0.32685331551016994
0.32685331551016994
0.3292594035902798
0.32685331551016994
0.8912250209908006
0.3385382442396946
0.32685331551016994
0.4242565408460075
0.4468490133558735
0.3268533902680544
0.3274143694748356
0.32685331551016994
0.3268533902680544
0.32685331551016994
0.3268533902680544
0.3268533902680544
0.3268533902680544
0.32685331551016994
0.3268533902680544
0.32685331551016994
0.3268780111096826
0.32685331551016994
0.3268533902680544
0.32685276796588414
0.32685331551016994
0.32687808586756706
0.3268533902680544
0.32685331551016994
0.3268533902680544
0.3268533902680544
0.33813005462214
0.32685331551016994
0.3268780111096826
0.3268533902680544
0.32977394335496946
0.32685331551016994
0.3268533902680544
0.32685331551016994
0.32685331551016994
0.3268780111096826
0.32685331551016994
0.3385382442396946
0.3268533902680544
0.32685331551016994
0.32685331551016994
0.32685331551016994
0.32685331551016994
0.3268533902680544
0.3381293575620853
0.32685331551016994
0.32685331551016994
0.32685331551016994
0.32685331551016994
0.32685331551016994
0.32685331551016994
0.32685331551016994
0.32923470799076704
0.3268533902680544
0.523874435592361
0.32685331551016994
0.523874435592361
0.3269362085742133
0.32685331551016994
0.32685331551016994
0.32685331551016994
0.3268780111096826
0.3268533902680544
0.3286133688437721
0.32685331551016994
0.32685331551016994
0.329773868597085
0.32923470799076704
0.32685331551016994
0.32685331551016994
0.32685331551016994
0.32685331551016994
0.32685331551016994
0.32685331551016994
0.3268526932079997
0.32685276796588414
0.32685331551016994
0.32685331551016994
0.33815596578406093
0.3268533902680544
0.32685331551016994
0.32685331551016994
0.32685331551016994
0.32685331551016994
0.32685331551016994
0.32685331551016994
0.32685331551016994
0.32687808586756706
0.523874435592361
0.32685331551016994
0.32685331551016994
0.32685331551016994
0.32685331551016994
0.3268533902680544
0.9504584860621205
0.32685331551016994
0.32685331551016994
0.3274143694748356
0.3268533902680544
0.32685331551016994
0.3268780111096826
0.32685331551016994
0.32685331551016994
0.32685331551016994
0.33853762193752435
0.3268533902680544
0.3268533902680544
0.32685331551016994
0.32685331551016994
0.44706849614396343
0.32685331551016994
0.3268526932079997
0.32685331551016994
0.32685331551016994
0.32685331551016994
0.3292347827486515
0.32685331551016994
0.32685331551016994
0.3268526932079997
0.32784080261865445
0.523874435592361
0.32685331551016994
0.32685331551016994
0.32685331551016994
0.3285886732442594
0.3268533902680544
0.3268526932079997
0.3268533902680544
0.32922477174485354
0.3268533902680544
0.32685331551016994
0.3268533902680544
0.32685331551016994
0.3268526932079997
0.32685331551016994
0.3268533902680544
0.32685331551016994
0.32685331551016994
0.32685331551016994
0.32685331551016994
0.32685331551016994
0.3268533902680544
0.3268533902680544
0.3289574208986534
0.32685331551016994
0.32685331551016994
0.7307281137293056
0.3268533902680544
0.32685331551016994
0.32685331551016994
0.32685331551016994
0.32685331551016994
0.32685331551016994
0.3269362085742133
0.32685331551016994
0.32685331551016994
0.3268533902680544
0.32685331551016994
0.32685331551016994
0.7957371859598362
0.3268533902680544
0.3268533902680544
0.32685331551016994
0.4468490133558735
0.32685331551016994
0.3278408773765389
0.32685331551016994
0.5668306098571383
0.32685331551016994
0.32685331551016994
0.32685331551016994
0.3268526932079997
0.3268533902680544
0.3268780111096826
0.32685331551016994
0.32685331551016994
0.33859636694634077
0.32685331551016994
0.32685331551016994
0.3268533902680544
0.32685331551016994
0.7957372607177207
0.32685331551016994
0.3268533902680544
0.32685331551016994
0.3268533902680544
0.32685331551016994
0.32685331551016994
0.3268533902680544
0.32685331551016994
0.32685276796588414
0.3268526932079997
0.32685331551016994
0.32685331551016994
0.3269362085742133
0.32685331551016994
0.32685331551016994
0.32685331551016994
0.32685331551016994
0.3268533902680544
0.892437449866974
0.32685331551016994
0.32923470799076704
0.3268533902680544
0.32685331551016994
1.5571483482429058
0.32923470799076704
0.3268533902680544
0.32685331551016994
0.32685331551016994
0.32685331551016994
0.32685331551016994
0.32685331551016994
0.32685331551016994
0.3268533902680544
0.32685331551016994
0.3268533902680544
0.32685331551016994
0.3268533902680544
0.32685331551016994
0.32685331551016994
0.32784080261865445
0.32685331551016994
0.3268533902680544
0.3268533902680544
0.32693628333209773
0.33813127018454825
0.32685331551016994
0.32685331551016994
0.32685331551016994
0.3268773888075124
0.3268526932079997
0.32685331551016994
0.32685331551016994
0.3268533902680544
0.3268533902680544
0.32685331551016994
0.32685331551016994
0.32685331551016994
0.3268533902680544
0.3268533902680544
0.32685331551016994
0.32685331551016994
0.3268533902680544
0.32685331551016994
0.3268533902680544
0.3292347827486515
0.32931760105481045
0.32685331551016994
1.4414396912489809
0.32685331551016994
0.3268533902680544
0.32685331551016994
0.3268533902680544
0.32923470799076704
0.3268526932079997
0.3268533902680544
0.5668296562675345
0.32923470799076704
0.32685331551016994
0.3268533902680544
0.32685331551016994
0.32685331551016994
0.32685331551016994
0.3268533902680544
0.32685331551016994
0.32685331551016994
0.3268533902680544
0.3268533902680544
0.32685331551016994
0.32685331551016994
0.32685331551016994
0.32685331551016994
0.32685331551016994
0.3268533902680544
0.32685331551016994
0.3268526932079997
0.32685331551016994
0.5238745103502453
0.32685331551016994
0.32685331551016994
0.32685331551016994
0.32685331551016994
0.3268533902680544
0.32685331551016994
0.3268709475934026
0.523874435592361
0.32685331551016994
0.32685331551016994
0.3385382442396946
0.3268533902680544
1.4414501097169305
0.3268533902680544
0.32685331551016994
0.32685331551016994
0.3286133688437721
0.3268956431929153
0.3268533902680544
0.3268533902680544
0.3268533902680544
0.7960076649384658
0.32685331551016994
0.951017817254375
0.32685331551016994
0.4242862872293302
0.3268533902680544
0.3268533902680544
0.32685276796588414
0.3268533902680544
0.32685331551016994
0.5822696523853095
0.3268780111096826
0.32685331551016994
0.32685331551016994
0.3268533902680544
0.3268533902680544
0.326911587732585
0.3268533902680544
0.8912240674011968
0.32685331551016994
0.3268533902680544
0.3268533902680544
0.3268533902680544
0.32685331551016994
0.32685331551016994
0.3268533902680544
0.32685331551016994
0.32839844149697445
0.32685331551016994
0.32685331551016994
0.32784080261865445
0.32685331551016994
0.34090962571649375
0.3268709475934026
0.33813005462214
0.32685331551016994
0.32685331551016994
0.32685331551016994
0.3268533902680544
0.32685331551016994
0.32685331551016994
0.3268533902680544
0.3268774635653968
0.32685331551016994
0.3274143694748356
0.32685331551016994
0.523874435592361
0.32685331551016994
0.3292246969869691
0.32685331551016994
0.32685331551016994
0.3268533902680544
0.3268533902680544
0.32685331551016994
0.3268533902680544
0.32685331551016994
0.32685331551016994
0.5080399819495812
0.32685331551016994
0.3268780111096826
0.32685276796588414
0.32685331551016994
0.32839915238060635
0.32685331551016994
0.7957372607177207
0.3268526932079997
0.32685331551016994
0.32685331551016994
0.3268533902680544
0.32685331551016994
0.32685331551016994
0.3268526932079997
0.3268533902680544
0.3269362085742133
0.32685331551016994
0.5668306098571383
0.9504664068299455
0.3268533902680544
0.32685331551016994
0.3268526932079997
0.32685331551016994
0.32685331551016994
0.3268709475934026
0.32685331551016994
0.32685331551016994
0.3268780111096826
0.32685331551016994
0.32685331551016994
0.32685331551016994
0.3268533902680544
0.7957371859598362
0.32685331551016994
0.33853762193752435
0.5821313837254203
0.3268780111096826
0.3268533902680544
0.32685331551016994
0.32685331551016994
1.4527876473538515
0.9317486703387042
0.32685331551016994
0.3268780111096826
0.3385382442396946
0.32685331551016994
0.32685331551016994
0.3268773888075124
0.32685331551016994
0.32685331551016994
0.32685331551016994
0.32685331551016994
0.329773868597085
0.32685331551016994
1.4414514960420408
0.32685276796588414
0.32685331551016994
0.32685331551016994
0.3268526932079997
0.32685331551016994
0.32685331551016994
0.32685331551016994
0.3268533902680544
0.7957371859598362
0.7238380515756103
0.3268780111096826
0.3268533902680544
0.32685331551016994
0.3268533902680544
0.7957371859598362
0.32685331551016994
0.32685331551016994
0.32685331551016994
0.32685331551016994
