0.32685276796588414
0.7960346074965317
0.5821323373150242
0.32685331551016994
0.3268526932079997
0.32685276796588414
0.32685276796588414
0.32693566102992744
0.3268526932079997
0.3268533902680544
0.32693566102992744
0.32839915238060635
0.32685276796588414
0.32685276796588414
0.32685276796588414
0.32685276796588414
0.32685276796588414
0.3268533902680544
0.32685276796588414
0.3268526932079997
0.32685276796588414
0.32693566102992744
0.32685331551016994
0.32685276796588414
0.32685276796588414
0.3268526932079997
0.32685276796588414
0.34654913573354695
0.32685276796588414
0.3268533902680544
0.32685276796588414
0.3268533902680544
0.35472295119957886
0.32685276796588414
0.32685276796588414
0.3269108906725303
0.32685276796588414
0.3268533902680544
0.3268526932079997
0.3268526932079997
0.32685276796588414
0.3268533902680544
0.32685276796588414
0.3268533902680544
0.3268526932079997
0.5668293099749976
0.32685276796588414
0.3268526932079997
0.3268526932079997
0.3268774635653968
0.3471101896982126
0.32685276796588414
0.3268533902680544
0.3268533902680544
0.3268526932079997
0.7957372607177207
0.32687102235128707
0.3268533902680544
0.3268774635653968
0.3268704000491168
0.32685276796588414
0.32685276796588414
0.32685276796588414
0.79605922833816
0.32685276796588414
0.32693566102992744
0.32685276796588414
0.32685276796588414
0.7960346074965317
0.32685276796588414
0.32685276796588414
0.32685276796588414
0.3268533902680544
0.32685276796588414
0.3268526932079997
0.3268526932079997
0.3268703252912324
0.32685276796588414
0.32685276796588414
0.32685276796588414
0.3268533902680544
0.32687808586756706
0.3268526932079997
0.3268533902680544
0.3268533902680544
0.3268774635653968
0.32685276796588414
0.32839915238060635
0.32685276796588414
0.32685276796588414
0.3268526932079997
0.3471101896982126
0.32685276796588414
0.3268533902680544
0.3268704000491168
0.32685276796588414
0.32685276796588414
0.32685276796588414
0.32685276796588414
0.3268773888075124
0.32685276796588414
0.32685276796588414
0.32685276796588414
0.32685276796588414
0.32685276796588414
0.32685276796588414
0.32685276796588414
0.32685276796588414
0.3268533902680544
0.32685276796588414
0.3466107701575283
0.32685276796588414
0.32685276796588414
0.3297733210527992
0.32685276796588414
0.32685276796588414
0.32685276796588414
0.3268526932079997
0.3268704000491168
0.32685276796588414
0.32685276796588414
0.3268526932079997
0.326935586272043
0.32685276796588414
0.32685276796588414
0.32685331551016994
0.32685276796588414
0.32685276796588414
0.32685276796588414
0.32685276796588414
0.3268526932079997
0.32685276796588414
0.32741374717266536
0.4468801815064599
0.32685276796588414
0.32685276796588414
0.32685276796588414
0.32685276796588414
0.3268704000491168
0.32685276796588414
0.3268533902680544
0.9800885604253413
0.7976283063013453
0.32685276796588414
0.32685276796588414
0.32685276796588414
0.3268533902680544
0.3268774635653968
0.3268526932079997
0.3268526932079997
0.32685276796588414
0.5668306098571383
0.3268526932079997
0.32685276796588414
0.32685276796588414
0.32685276796588414
0.32685276796588414
0.32685276796588414
0.32685276796588414
0.32685276796588414
0.32685276796588414
0.32687102235128707
0.32685276796588414
0.3268533902680544
0.3278401803164842
0.5239049676172
0.32685276796588414
0.32685276796588414
0.32685276796588414
0.32685276796588414
0.32687102235128707
0.3268526932079997
0.32685276796588414
0.3268533902680544
0.3278408773765389
0.32685276796588414
0.3385375471796399
0.3268533902680544
0.32685276796588414
0.32685276796588414
0.32685276796588414
0.32685276796588414
0.3268533902680544
0.32685276796588414
0.3269285975136475
0.32685276796588414
0.32685276796588414
0.3268526932079997
0.3285787369983459
0.32685276796588414
0.3268704000491168
0.3268526932079997
0.32685276796588414
0.32685276796588414
0.3268526932079997
0.32685276796588414
0.32685276796588414
0.32685276796588414
0.3268526932079997
0.32685276796588414
0.32685331551016994
0.32685276796588414
0.32685276796588414
0.3268533902680544
0.3297732462949148
1.4406406041160371
0.32685276796588414
0.32685331551016994
0.3268533902680544
0.32685276796588414
0.32685276796588414
0.32693566102992744
0.3268526932079997
0.3268704000491168
0.338130647882378
0.3268526932079997
0.3268526932079997
0.32685276796588414
0.32860343259785857
0.32685276796588414
0.32685276796588414
0.32685276796588414
0.32685276796588414
0.32685276796588414
0.32685331551016994
0.3268526932079997
0.32685276796588414
0.32685276796588414
0.32685276796588414
0.3268526932079997
0.32685276796588414
0.32685276796588414
0.32784025507436865
0.3268526932079997
0.5241205190614069
0.32685276796588414
0.32685276796588414
0.3268526932079997
0.5668461284403795
0.32685276796588414
0.3268533902680544
0.3268533902680544
0.32685276796588414
0.32685276796588414
0.3292246969869691
0.32685276796588414
0.3285787369983459
0.32685276796588414
0.3268533902680544
0.3268533902680544
0.3297909531360319
0.32685276796588414
0.3268526932079997
0.3268526932079997
0.3268704000491168
0.32685276796588414
0.9504673604195495
0.3268533902680544
0.32685276796588414
0.3268704000491168
0.3268703252912324
0.3268533902680544
0.3268526932079997
0.32685276796588414
0.32685276796588414
0.32685276796588414
0.3268704000491168
0.32685276796588414
0.32685276796588414
0.32685276796588414
0.32685276796588414
0.3268526932079997
0.32685276796588414
0.3268526932079997
0.3268533902680544
0.32685276796588414
0.7957641285179022
0.3471101896982126
0.32685276796588414
0.3268704000491168
0.32857866224046145
0.3297733210527992
0.3268526932079997
0.3283978191948042
0.3268526932079997
0.32691096543041476
0.3268526932079997
0.32685276796588414
0.3268704000491168
0.32691096543041476
0.3471101896982126
0.326911587732585
0.3297733210527992
0.32685276796588414
0.3268533902680544
0.32685276796588414
0.3283985300784361
0.32685276796588414
0.32685276796588414
0.32685276796588414
0.32685276796588414
0.34663202879759025
0.3268704000491168
0.32685276796588414
0.32685276796588414
0.3268774635653968
0.32685276796588414
0.3268774635653968
0.3268526932079997
0.32685276796588414
0.3268704000491168
0.32687102235128707
0.3268533902680544
0.32685276796588414
0.3268526932079997
0.3268533902680544
0.32685276796588414
0.32685276796588414
0.32685276796588414
0.32685276796588414
0.32979087837814747
0.32685331551016994
0.32685276796588414
0.32685276796588414
0.3268526932079997
0.3268533902680544
0.32685276796588414
0.3268533902680544
0.33813005462214
0.32685276796588414
0.32685276796588414
0.32685276796588414
0.32685276796588414
0.3268533902680544
0.32685276796588414
0.32685331551016994
0.32685276796588414
0.33813072264026245
0.32685276796588414
0.32685276796588414
0.3268533902680544
0.3268533902680544
0.32685276796588414
0.34656780493948164
0.32685276796588414
0.3268526932079997
0.3268526932079997
0.3268774635653968
0.3268526932079997
0.8912240674011968
0.32685276796588414
0.3268533902680544
0.3268533902680544
0.3268533902680544
0.32741444423272004
0.5668296562675345
0.32685276796588414
0.32685276796588414
0.33853816948181015
0.3268526932079997
0.32685276796588414
0.32685276796588414
0.3268526932079997
0.5668306098571383
0.3268526932079997
0.5239048928593155
0.3285887480021438
0.32685276796588414
0.32786557297605157
0.32685276796588414
0.3268533902680544
0.32685276796588414
0.3283985300784361
0.32685276796588414
0.32685331551016994
0.32685276796588414
0.7322492272572795
0.7891176027847704
0.3268533902680544
0.3268704000491168
0.32693566102992744
0.32685276796588414
0.3268533902680544
0.32685276796588414
0.3268526932079997
0.3268526932079997
0.5239515014104698
0.32685276796588414
0.3268526932079997
0.32687102235128707
0.32685276796588414
0.32685276796588414
0.3268533902680544
0.32685276796588414
0.32685276796588414
0.32685276796588414
0.3268526932079997
0.32685276796588414
0.3533921158736695
0.32685331551016994
0.3268533902680544
0.32685276796588414
0.7957641285179022
0.32685276796588414
0.3268526932079997
0.32685276796588414
0.32685276796588414
0.3268533902680544
0.3268704000491168
0.3297909531360319
0.32859636908157863
0.3268533902680544
0.32685276796588414
0.3268703252912324
0.32685276796588414
0.3268526932079997
0.3268533902680544
0.5821557330323962
0.32685331551016994
0.3268533902680544
0.32685276796588414
0.9801120699550547
0.3268526932079997
0.3268526932079997
0.32685276796588414
0.3268526932079997
0.3278401803164842
0.32784025507436865
0.32685276796588414
0.3268533902680544
0.3268526932079997
0.32685276796588414
0.3268526932079997
0.3268526932079997
0.3268526932079997
0.32685276796588414
0.32693566102992744
0.32685276796588414
0.32685276796588414
0.32685276796588414
0.32685276796588414
0.32685276796588414
0.32685276796588414
0.32685276796588414
0.3268533902680544
0.3268774635653968
0.32685276796588414
0.32685276796588414
0.3268774635653968
0.3268533902680544
0.32685331551016994
0.32685276796588414
0.3268704000491168
0.32685331551016994
0.32685276796588414
0.32685276796588414
0.32685276796588414
0.32685276796588414
0.32685276796588414
0.32691096543041476
0.32685276796588414
0.32685276796588414
0.32685276796588414
0.3268703252912324
0.32685276796588414
0.32685276796588414
0.32685276796588414
0.32685276796588414
0.3471101149403282
0.32685276796588414
0.32685331551016994
0.32685276796588414
0.32685276796588414
0.3268526932079997
0.3268533902680544
0.32685276796588414
0.32685276796588414
0.3268704000491168
0.3465684272416519
0.32685276796588414
0.32685276796588414
0.32685276796588414
0.32685276796588414
0.3268533902680544
0.3268526932079997
0.32685276796588414
0.3268526932079997
0.32685276796588414
0.7961551507392239
0.7976036107018325
0.3268526932079997
0.32685276796588414
0.32685276796588414
0.3268533902680544
0.32691096543041476
0.3268533902680544
0.32685276796588414
0.32685276796588414
0.32685276796588414
0.32685276796588414
0.32693566102992744
0.3268704000491168
0.32685276796588414
0.32861344360165656
0.3268704000491168
0.32685276796588414
0.32685276796588414
0.3547228764416944
0.3268526932079997
0.32685276796588414
0.3268526932079997
0.32685276796588414
0.32685276796588414
0.32685276796588414
0.32691096543041476
0.32685276796588414
0.32749671499459315
0.3268526932079997
0.32685276796588414
0.3268526932079997
0.3268526932079997
0.3297732462949148
0.32685276796588414
0.7957640537600177
0.32687102235128707
0.3268526932079997
0.32685276796588414
0.33813072264026245
0.3268703252912324
0.3268526932079997
0.32685276796588414
0.32685276796588414
0.3268533902680544
0.3268526932079997
0.32685276796588414
0.3268526932079997
0.3268526932079997
0.32685276796588414
0.32685276796588414
0.3268526932079997
0.3547235735017491
0.3268526932079997
0.32693566102992744
0.3283985300784361
0.3268526932079997
0.3268526932079997
0.32693566102992744
0.32685276796588414
0.3268533902680544
0.3268533902680544
0.32685276796588414
0.32685276796588414
0.32685276796588414
0.32685276796588414
0.32741444423272004
0.32685276796588414
0.5668293099749976
0.32685276796588414
0.32685276796588414
0.3268704000491168
0.3268704000491168
0.32685276796588414
0.3268533902680544
0.32685276796588414
0.4468801815064599
0.32693566102992744
0.32685276796588414
0.3268704000491168
0.32685276796588414
0.3268526932079997
0.32685276796588414
0.32685276796588414
0.3268526932079997
0.32685331551016994
0.32689502089074507
0.4242862872293302
0.32685276796588414
0.32685276796588414
0.3268526932079997
0.3268533902680544
0.32685276796588414
0.32685276796588414
0.32685276796588414
0.32685276796588414
0.32979087837814747
0.3268526932079997
0.3297909531360319
0.3268704000491168
0.4242565408460075
0.32685276796588414
0.3268773888075124
0.32685276796588414
0.3268526932079997
0.3268774635653968
0.32685276796588414
0.32687808586756706
0.3268526932079997
0.32685276796588414
0.32685276796588414
0.32685276796588414
0.32685276796588414
0.32685276796588414
0.32693566102992744
0.3268533902680544
0.32685276796588414
0.3268533902680544
0.3283985300784361
0.3268526932079997
0.3268526932079997
0.32685276796588414
0.32685276796588414
0.32685276796588414
0.3268526932079997
0.32685276796588414
0.32685276796588414
0.32685276796588414
0.32685276796588414
0.3268526932079997
0.3268526932079997
0.32685276796588414
0.32685276796588414
0.32685276796588414
0.32685276796588414
0.3268704000491168
0.3268526932079997
0.3268533902680544
0.32685331551016994
0.5668293099749976
0.32685276796588414
0.32685276796588414
0.3268526932079997
0.3465497580357172
0.32685276796588414
0.3268533902680544
0.32685276796588414
1.4414514960420408
0.3268526932079997
0.32685276796588414
0.32685276796588414
0.32685276796588414
0.34656709405584973
0.32691096543041476
0.3278408773765389
0.32685276796588414
0.32685276796588414
0.3268704000491168
0.3268703252912324
1.4414395809566978
0.3268526932079997
0.5821310374328834
0.32685276796588414
0.32685331551016994
0.32685276796588414
0.5668296562675345
0.34819927028176456
0.32685276796588414
0.32685276796588414
0.3268533902680544
0.3547228764416944
0.32685276796588414
0.32784025507436865
0.32685276796588414
0.32685276796588414
0.3283978191948042
0.32685276796588414
0.32685276796588414
0.3297733210527992
0.3268526932079997
0.32685276796588414
0.3268526932079997
0.32685276796588414
0.32685276796588414
0.4468490133558735
0.3547482691012618
0.32685276796588414
0.32685276796588414
0.32685276796588414
0.32685331551016994
0.32685276796588414
0.3297732462949148
0.32685276796588414
0.32685276796588414
0.3268533902680544
0.3268774635653968
0.3268704000491168
0.3268773888075124
0.7960593030960443
0.32685276796588414
0.3268526932079997
0.32685276796588414
0.32685276796588414
0.32685276796588414
0.3268533902680544
0.32685276796588414
0.3268533902680544
0.4468497242395054
0.3268704000491168
0.3268526932079997
0.3268526932079997
0.32687808586756706
0.3283985300784361
0.3268526932079997
0.32685276796588414
0.7960324352958629
0.3268774635653968
0.3268773888075124
0.32685276796588414
0.3268703252912324
0.3268533902680544
0.3268704000491168
0.32685276796588414
0.32685276796588414
0.32685276796588414
0.32685276796588414
0.32685276796588414
0.3268533902680544
0.3268533902680544
0.32685276796588414
0.32685276796588414
0.32685276796588414
0.3268526932079997
0.3268704000491168
0.3471101149403282
0.32685276796588414
0.3283985300784361
0.32685276796588414
0.5239049676172
0.32685276796588414
0.32685276796588414
0.32685276796588414
0.3268526932079997
0.3268533902680544
0.3268526932079997
0.32685276796588414
0.3268703252912324
0.3268704000491168
0.3268526932079997
0.3268533902680544
0.3268533902680544
0.32685276796588414
0.32685276796588414
0.32685276796588414
0.5668306098571383
0.3268533902680544
0.32685276796588414
0.32691096543041476
0.3268533902680544
0.3268526932079997
0.3268703252912324
0.3268526932079997
0.5669679249274236
0.3268703252912324
0.5668306098571383
0.32685276796588414
0.3268704000491168
0.32685276796588414
0.32685276796588414
0.32685276796588414
0.3268526932079997
0.32685276796588414
0.32784025507436865
0.32685276796588414
0.3268533902680544
0.32685276796588414
0.32685276796588414
0.35472295119957886
0.32685276796588414
0.3268526932079997
0.3268526932079997
0.32685276796588414
0.3268533902680544
0.3268526932079997
0.32685276796588414
0.32685276796588414
0.3268533902680544
0.3274138219305498
0.32685276796588414
0.3268526932079997
0.32685276796588414
0.32685276796588414
0.32685276796588414
0.32685276796588414
0.32685276796588414
0.32685276796588414
0.32685276796588414
0.32685276796588414
0.3268533902680544
0.3268526932079997
0.3268533902680544
0.32685276796588414
0.3285887480021438
0.3268533902680544
0.32685276796588414
0.32685276796588414
0.32685276796588414
0.32685276796588414
0.3268526932079997
0.32685276796588414
0.3268533902680544
0.32685276796588414
0.32685331551016994
0.4242565408460075
0.3268704000491168
0.3268526932079997
0.3268774635653968
0.3268704000491168
0.3646408790969924
0.32685276796588414
0.32687102235128707
0.3385375471796399
0.32685276796588414
0.32685276796588414
0.32685276796588414
0.7957641285179022
0.3268526932079997
0.32685276796588414
0.32685276796588414
0.32685276796588414
0.32691096543041476
0.42430763785325454
0.32685276796588414
0.3268526932079997
0.3268526932079997
0.32685331551016994
0.3268533902680544
0.3286615553045048
0.3268533902680544
0.32685276796588414
0.3268526932079997
0.3268526932079997
0.32685276796588414
0.3268704000491168
0.32685276796588414
0.3278408773765389
0.32685276796588414
0.3268533902680544
0.32685276796588414
0.3385375471796399
0.3268526932079997
0.32685276796588414
0.32685276796588414
0.32685276796588414
0.5669688785170275
0.3268533902680544
0.32685276796588414
0.3268774635653968
0.5239048928593155
0.32685276796588414
0.32685276796588414
0.32685331551016994
0.32685276796588414
0.5668306098571383
0.3268533902680544
0.32685276796588414
0.32685276796588414
0.32685276796588414
0.32685276796588414
0.32685276796588414
0.3268533902680544
0.32685276796588414
0.3268526932079997
0.32685331551016994
0.32685276796588414
0.3268526932079997
0.3268709475934026
0.3274138219305498
0.32839915238060635
0.32685276796588414
0.3268704000491168
0.3268704000491168
0.3268526932079997
0.34654913573354695
0.32685276796588414
0.32685276796588414
0.3268526932079997
0.3268526932079997
0.32685276796588414
0.32685276796588414
0.32685276796588414
0.3268526932079997
0.32685276796588414
0.32685276796588414
0.32685276796588414
0.32685276796588414
0.32685276796588414
0.3268526932079997
0.7891176027847704
0.3268533902680544
0.32693566102992744
0.32693566102992744
0.32685276796588414
0.3268533902680544
0.3471101149403282
0.32685276796588414
0.32685276796588414
0.32685276796588414
0.32685331551016994
0.32685276796588414
0.3268526932079997
0.3533914188136148
0.3268526932079997
0.32685276796588414
0.32685276796588414
0.32685276796588414
0.32685276796588414
0.3268774635653968
0.32685276796588414
0.32685276796588414
0.32860343259785857
0.32685276796588414
0.32685276796588414
0.32691096543041476
0.32685276796588414
0.3268704000491168
0.3268533902680544
0.3268526932079997
0.32685276796588414
0.3268704000491168
0.33813127018454825
0.32685276796588414
0.3268526932079997
0.3268526932079997
0.3268774635653968
0.32685276796588414
0.32685276796588414
0.32685276796588414
0.32685276796588414
0.32685276796588414
0.32685276796588414
0.3297733210527992
0.32685276796588414
0.32685276796588414
0.32689502089074507
0.32685276796588414
0.32685276796588414
0.3268533902680544
0.3268533902680544
0.32685276796588414
0.5668293099749976
0.32685276796588414
0.3268526932079997
1.5815321954289747
0.32685276796588414
0.32685276796588414
0.32685276796588414
0.3268780111096826
0.32685276796588414
0.3268533902680544
0.32685276796588414
0.32685276796588414
0.32689502089074507
0.32693566102992744
0.32685331551016994
0.32685276796588414
0.32685276796588414
0.3268533902680544
0.32685276796588414
0.32685276796588414
0.32685331551016994
0.3268526932079997
0.3268526932079997
0.32685276796588414
0.32685276796588414
0.35472349874386466
0.32784080261865445
0.3268533902680544
0.3465490609756625
0.32685276796588414
0.3268526932079997
0.3268533902680544
0.7903720577011025
0.3268526932079997
0.32693566102992744
0.32685276796588414
0.3268526932079997
0.32685276796588414
0.32693566102992744
0.3268774635653968
0.7957641285179022
0.32685276796588414
0.3547235735017491
0.32685276796588414
0.32685276796588414
0.3283985300784361
0.3268533902680544
0.32685276796588414
0.326935586272043
0.3268526932079997
0.3268526932079997
0.32685276796588414
0.3297733210527992
0.32685276796588414
0.3268526932079997
0.8912319881690218
0.3268533902680544
0.32685276796588414
0.32685276796588414
0.32685276796588414
0.32685276796588414
0.32685276796588414
