0.3268704000491168
1.5625109829022055
0.3268526932079997
0.3268526932079997
0.3268703252912324
0.32685276796588414
0.3268526932079997
0.3268526932079997
0.3268703252912324
0.3268526932079997
0.3268526932079997
0.3268526932079997
0.3268526932079997
0.32685276796588414
0.3465490609756625
0.3268526932079997
0.3268526932079997
0.3268526932079997
0.3268526932079997
0.3268704000491168
0.3268526932079997
0.32685276796588414
0.3268526932079997
0.3268526932079997
0.3268526932079997
0.3268526932079997
0.3268526932079997
0.3268703252912324
1.4414395809566978
0.3268526932079997
0.3268526932079997
0.8912329417586258
0.3268526932079997
0.3268526932079997
0.5821300838432796
0.32685276796588414
0.3268526932079997
0.3268703252912324
0.3268526932079997
0.3268526932079997
0.3268526932079997
0.3268703252912324
0.3268526932079997
0.32741374717266536
0.3268703252912324
0.3268526932079997
0.32860335783997413
0.3268526932079997
0.32685276796588414
0.3292246969869691
0.3268526932079997
0.32786549821816713
0.3547228764416944
0.3268704000491168
0.3268526932079997
0.3268526932079997
0.32685276796588414
0.3465490609756625
0.7961303803818267
0.3268526932079997
0.3268526932079997
0.3268526932079997
0.3268526932079997
0.3268526932079997
0.3268526932079997
0.3268526932079997
0.3268526932079997
0.3268703252912324
1.419643151367372
0.3268526932079997
0.3268526932079997
0.3268526932079997
0.3268526932079997
0.3268526932079997
0.3268526932079997
0.7958599014031973
0.3268526932079997
0.33813072264026245
0.3268526932079997
0.3268526932079997
0.3268526932079997
0.32685276796588414
0.3268526932079997
0.3268526932079997
0.3278408773765389
0.32691096543041476
0.3268526932079997
0.3268526932079997
0.32685276796588414
0.4242862872293302
0.3268526932079997
0.3268526932079997
0.3268526932079997
0.32685276796588414
0.32685276796588414
0.3268703252912324
0.3268526932079997
0.3268526932079997
0.3268526932079997
0.3268704000491168
0.3268704000491168
0.3268526932079997
0.3268526932079997
0.3268526932079997
0.3268704000491168
0.45493646005892396
0.3268526932079997
0.5239514266525853
0.326935586272043
0.3268526932079997
0.3268526932079997
0.3268526932079997
0.3268526932079997
0.32685276796588414
0.3268526932079997
0.3268526932079997
0.32685276796588414
0.3381293575620853
0.3268526932079997
0.3268526932079997
0.3268526932079997
0.32685276796588414
0.3465490609756625
0.3268526932079997
0.3268526932079997
0.3268703252912324
0.3268526932079997
0.3268703252912324
0.3268526932079997
0.3268704000491168
0.32685276796588414
0.3547228764416944
0.3268526932079997
0.3268526932079997
0.3268526932079997
0.3268526932079997
0.3268526932079997
0.3268703252912324
0.3268526932079997
1.6051779474337013
0.3268526932079997
0.3269108906725303
0.3268703252912324
0.3268704000491168
0.4242862872293302
0.3268526932079997
0.32685276796588414
0.32860335783997413
0.7957640537600177
0.3268703252912324
0.3268526932079997
0.3268526932079997
0.3268526932079997
0.3268526932079997
0.3268526932079997
0.3268526932079997
0.32685276796588414
0.3278401803164842
0.3268526932079997
0.7958599014031973
0.3268703252912324
0.3268526932079997
0.3268703252912324
0.32857866224046145
0.32685276796588414
0.3268526932079997
0.3268526932079997
0.4242862872293302
0.3268703252912324
0.3268704000491168
0.5239514266525853
0.3268526932079997
0.3268526932079997
0.3268526932079997
0.3268526932079997
0.3268703252912324
0.3268526932079997
0.3268526932079997
0.3268526932079997
0.3268526932079997
1.4414395809566978
0.32685276796588414
0.3268526932079997
0.3268526932079997
0.3268526932079997
0.3268526932079997
0.3268526932079997
0.3268526932079997
0.5239514266525853
0.32685276796588414
0.3268526932079997
0.3268526932079997
0.32689502089074507
0.3268526932079997
0.3292423290702018
0.3268526932079997
0.3268703252912324
0.42501705206858575
0.3268526932079997
0.32685276796588414
0.3268526932079997
0.3268703252912324
0.32685276796588414
0.42430763785325454
0.3268526932079997
0.3268526932079997
0.3268526932079997
0.3268526932079997
0.3268526932079997
0.3268526932079997
0.3268526932079997
0.3268526932079997
0.32685276796588414
0.3268526932079997
0.3292246969869691
0.3268526932079997
0.3268526932079997
0.3268703252912324
0.3268703252912324
0.3268526932079997
0.3268526932079997
0.3268526932079997
0.32979087837814747
0.3268526932079997
0.3278401803164842
0.3268526932079997
0.3278401803164842
0.3268526932079997
0.3385375471796399
0.3268704000491168
0.3268526932079997
0.3268526932079997
0.3268526932079997
0.4242862872293302
0.3268526932079997
0.3268526932079997
0.3268526932079997
0.3268526932079997
2.1625864079731714
0.3268526932079997
0.3268526932079997
0.3268526932079997
0.3268526932079997
0.3268526932079997
0.3268773888075124
0.3268526932079997
0.32685276796588414
0.32685276796588414
0.3268526932079997
0.32685276796588414
0.3268773888075124
0.3268703252912324
0.3268526932079997
0.3268703252912324
0.32784080261865445
0.3268526932079997
0.3268703252912324
0.3268526932079997
0.3268526932079997
0.3268703252912324
0.3268526932079997
0.3268526932079997
0.3268526932079997
0.3268526932079997
0.3268526932079997
0.32685276796588414
0.3268526932079997
0.3268526932079997
0.3268526932079997
0.3268526932079997
0.3268703252912324
0.3465490609756625
0.3268526932079997
0.3268704000491168
0.32685276796588414
0.3268526932079997
0.32979087837814747
0.3268703252912324
0.3268526932079997
0.3268526932079997
0.3268526932079997
0.326935586272043
0.3268703252912324
0.32685276796588414
0.326935586272043
0.3268526932079997
0.3268526932079997
1.5791548491672562
0.3268526932079997
0.3268526932079997
0.3381293575620853
0.3285787369983459
0.3268703252912324
0.3268526932079997
0.3268526932079997
0.3268703252912324
0.3268526932079997
0.32685331551016994
0.3385388374999326
0.3268704000491168
0.326935586272043
0.3292494673443662
0.3268703252912324
0.32685276796588414
0.3268526932079997
0.3268526932079997
0.32685276796588414
0.3268526932079997
0.3268526932079997
0.4242862872293302
0.3268526932079997
0.32857866224046145
0.3547405085249271
0.3268773888075124
0.3268526932079997
0.3268526932079997
0.3268703252912324
0.3268526932079997
0.3268704000491168
0.3268526932079997
0.3268526932079997
0.3268703252912324
0.32685276796588414
0.3268526932079997
1.4414395809566978
0.3268703252912324
0.3385375471796399
0.3268703252912324
0.32685276796588414
0.32685276796588414
0.32685276796588414
0.3268526932079997
0.3268526932079997
0.3268526932079997
0.7957641285179022
0.32685276796588414
0.32979087837814747
0.3268703252912324
0.3268526932079997
0.3297732462949148
0.3268703252912324
0.3268526932079997
0.3268704000491168
0.3268526932079997
0.32784080261865445
0.3268526932079997
0.3268526932079997
0.3268526932079997
0.3268526932079997
0.3268526932079997
0.3268526932079997
0.3268526932079997
0.3268526932079997
0.3268703252912324
0.3268526932079997
0.32685276796588414
0.3547228764416944
0.3268526932079997
0.3268526932079997
0.3268703252912324
0.3268703252912324
0.3268703252912324
0.3268773888075124
0.3268526932079997
0.3268526932079997
0.3268703252912324
0.3268526932079997
0.3268703252912324
0.3268526932079997
0.3268526932079997
0.32685276796588414
0.3268526932079997
0.5668448285582387
0.3268704000491168
0.3268526932079997
0.3268526932079997
0.3268526932079997
0.3268526932079997
0.3471101149403282
0.3268526932079997
0.3268526932079997
0.3268526932079997
0.3268704000491168
0.3268704000491168
0.3268526932079997
0.3268703252912324
0.3268526932079997
0.3268526932079997
0.3268703252912324
0.9504664068299455
0.3268526932079997
0.7957640537600177
0.3268526932079997
0.3268703252912324
0.3268773888075124
0.32685276796588414
0.3268703252912324
0.3268703252912324
0.3268703252912324
0.3268526932079997
0.3268703252912324
0.32685276796588414
0.3268704000491168
0.3268526932079997
0.3268526932079997
0.3268703252912324
0.3268704000491168
0.32695321835527574
0.3268526932079997
0.32979087837814747
0.3268526932079997
0.3268703252912324
0.3268526932079997
0.3385375471796399
0.32685276796588414
0.32685276796588414
0.3268526932079997
0.3268526932079997
0.3268703252912324
0.32685331551016994
0.3268526932079997
0.3268703252912324
0.3268526932079997
0.3268526932079997
0.3278578123997169
0.3268526932079997
0.3268526932079997
0.32685276796588414
0.3268703252912324
0.3268526932079997
0.3268526932079997
0.3268526932079997
0.3268703252912324
0.32785788715760134
0.3268526932079997
0.5239048928593155
0.45493646005892396
0.5239048928593155
0.5239048928593155
0.3268526932079997
0.3268526932079997
0.3268526932079997
0.3268526932079997
1.4414395809566978
0.32685276796588414
0.3268526932079997
0.3268526932079997
0.3268526932079997
0.3268526932079997
0.3268526932079997
0.32695321835527574
0.3268526932079997
0.3268526932079997
0.3268703252912324
0.3268526932079997
0.3268526932079997
0.3268703252912324
0.3268526932079997
0.3268526932079997
0.3268526932079997
0.32741374717266536
0.3268526932079997
0.3268526932079997
0.5239049676172
0.3268526932079997
0.8913274480172759
0.3268526932079997
0.3268704000491168
0.32685276796588414
0.3268526932079997
0.3268703252912324
0.3547228764416944
0.3268526932079997
0.3268704000491168
0.3268709475934026
0.32685276796588414
0.3268526932079997
0.32685276796588414
0.3268526932079997
0.3268526932079997
0.3268526932079997
0.3268526932079997
0.3268526932079997
0.3268526932079997
0.3268526932079997
0.3268703252912324
0.8912319881690218
0.3268526932079997
0.3268703252912324
0.7957640537600177
0.3268526932079997
0.32784080261865445
0.3268526932079997
0.3268526932079997
0.3268526932079997
0.3268526932079997
0.3268526932079997
0.3268526932079997
0.3274138219305498
0.3268703252912324
0.3268526932079997
0.3268526932079997
0.3268709475934026
0.3268703252912324
0.7958599014031973
0.3292423290702018
0.3268526932079997
0.3268526932079997
0.9505618666781996
0.5668283563853936
0.3268526932079997
1.4414414989788782
0.3268526932079997
0.3268526932079997
0.3268703252912324
0.3268526932079997
0.3268526932079997
0.3268526932079997
0.3268526932079997
0.32685276796588414
0.32695321835527574
1.5791438978652526
0.3268526932079997
0.3268526932079997
0.3268526932079997
0.3268526932079997
0.32685276796588414
0.3268526932079997
0.3268703252912324
0.3268703252912324
0.3268703252912324
0.3268526932079997
0.3268703252912324
0.3268526932079997
0.32685276796588414
0.3268703252912324
0.3268703252912324
0.3268526932079997
0.3268703252912324
0.3268526932079997
1.4414391584149269
0.3268526932079997
0.3268526932079997
0.3268526932079997
0.32685331551016994
0.32685276796588414
0.3268526932079997
0.3268526932079997
1.5571373730854747
0.32685331551016994
0.3268703252912324
0.3268526932079997
0.32685331551016994
0.3268526932079997
0.3268526932079997
0.3268526932079997
0.3268703252912324
0.3268703252912324
0.3268526932079997
1.4414401221982664
0.3268703252912324
0.3268526932079997
0.32685331551016994
0.3268703252912324
0.3268526932079997
0.3268526932079997
0.32685276796588414
0.32685276796588414
0.3268704000491168
0.3268526932079997
0.3268526932079997
0.3268526932079997
0.3268703252912324
0.32685276796588414
0.3268526932079997
0.3268703252912324
0.32685276796588414
0.3268526932079997
0.3268703252912324
0.3268526932079997
0.3268526932079997
0.3268526932079997
0.3268526932079997
0.3268526932079997
0.32785843470188714
0.3268526932079997
0.3268526932079997
0.3268526932079997
0.4250177629522176
0.32685276796588414
0.3278401803164842
0.3278401803164842
0.3268526932079997
0.3268526932079997
0.3268703252912324
1.4414395809566978
0.32689502089074507
0.3268526932079997
0.32695321835527574
0.3268703252912324
0.3268526932079997
0.3268526932079997
0.3268526932079997
0.3268526932079997
0.3268526932079997
0.3268526932079997
0.3268773888075124
0.3268703252912324
0.3268526932079997
0.32685276796588414
0.3268703252912324
0.3268526932079997
0.32741374717266536
0.32685276796588414
0.3268526932079997
0.3268526932079997
0.3269108906725303
0.3268526932079997
0.3268526932079997
0.3268526932079997
0.32685276796588414
0.3547405085249271
0.3268526932079997
0.3268526932079997
0.3268526932079997
0.3268526932079997
0.3268526932079997
0.32685276796588414
0.3268526932079997
0.3268773888075124
0.3268526932079997
0.32860335783997413
0.3268526932079997
0.3268526932079997
0.3268703252912324
0.3268526932079997
0.3268704000491168
0.3268526932079997
0.3278401803164842
0.3268526932079997
0.3268526932079997
0.3268526932079997
0.3268526932079997
0.3268526932079997
0.3268526932079997
0.3268703252912324
0.3268704000491168
0.3268526932079997
0.3268526932079997
0.3268526932079997
0.3268526932079997
0.3268526932079997
0.3268526932079997
0.3268526932079997
0.3268526932079997
0.3268526932079997
0.3268703252912324
0.3268703252912324
0.3268526932079997
0.3268703252912324
0.3268526932079997
0.3268526932079997
0.5239048928593155
0.5239514266525853
0.3268526932079997
0.3268526932079997
0.3268526932079997
0.3268526932079997
0.5668293099749976
0.3268526932079997
0.3268526932079997
0.7957640537600177
0.3268526932079997
0.3268704000491168
0.3268704000491168
0.3283978191948042
0.3268526932079997
0.32685276796588414
0.3268526932079997
0.3268703252912324
0.3268526932079997
0.3268526932079997
0.3268526932079997
0.42430763785325454
0.3268526932079997
0.32685276796588414
0.3268526932079997
0.3268526932079997
0.3268526932079997
0.3268526932079997
0.3268526932079997
0.3268704000491168
0.3268526932079997
0.35472295119957886
0.3268773888075124
0.3268526932079997
0.3268526932079997
0.3268526932079997
0.3268773888075124
0.3268704000491168
0.3268526932079997
0.3547228764416944
1.4414391584149269
0.32689502089074507
0.3268526932079997
1.4414395809566978
0.3268526932079997
0.3268526932079997
0.3278648759159969
0.3268526932079997
0.326935586272043
0.3268526932079997
0.3268526932079997
0.32685276796588414
0.3268526932079997
0.3268704000491168
0.3268526932079997
1.4414401137907518
0.3268526932079997
0.3268526932079997
0.3268526932079997
0.3278401803164842
0.3268526932079997
0.3268526932079997
0.3268526932079997
0.3268526932079997
0.3268526932079997
0.3547228764416944
0.3268526932079997
0.36677548931583553
0.3268526932079997
0.3268703252912324
0.3268526932079997
0.3381294323199697
0.3381293575620853
0.3268526932079997
0.32685276796588414
0.3292246969869691
0.3268526932079997
0.3268526932079997
0.3268526932079997
0.8912319881690218
0.3268526932079997
0.3268526932079997
0.3268703252912324
0.32685276796588414
0.3268526932079997
0.3268704000491168
0.3268526932079997
0.3268526932079997
0.3268526932079997
0.3268704000491168
0.3268704000491168
0.3268526932079997
0.3268703252912324
0.3268526932079997
0.3268526932079997
0.3268703252912324
0.3268526932079997
0.3268703252912324
1.4414395809566978
0.3268526932079997
0.3268526932079997
0.3268526932079997
0.3385388374999326
0.3268709475934026
0.32860335783997413
0.3381293575620853
0.3268526932079997
0.3268526932079997
0.3268526932079997
0.3292493925864818
0.3268703252912324
0.3268526932079997
0.32685276796588414
0.3268703252912324
0.3268526932079997
0.3278401803164842
0.3268526932079997
0.3268526932079997
0.32685276796588414
0.3268526932079997
0.3268526932079997
0.3268526932079997
0.32685276796588414
0.3268526932079997
0.3268703252912324
0.32685276796588414
0.3268704000491168
0.3381293575620853
0.3268526932079997
0.3268526932079997
0.3268526932079997
0.3268526932079997
0.32685276796588414
0.3268526932079997
0.3268526932079997
0.8923785094545482
1.5791438978652526
0.3268526932079997
0.3268526932079997
0.3268526932079997
0.3268526932079997
0.3268526932079997
0.3268526932079997
0.3268703252912324
0.3268526932079997
0.3606760462873056
0.3268526932079997
0.3268526932079997
0.7960593030960443
0.32685276796588414
0.3268526932079997
0.3268703252912324
0.3268526932079997
0.3268526932079997
0.8913274480172759
0.5239048928593155
0.3268526932079997
0.3268703252912324
0.3268526932079997
0.3268526932079997
0.3268526932079997
0.3268526932079997
1.4414505322587012
0.3268703252912324
0.3268703252912324
0.32741374717266536
0.3268526932079997
0.3268526932079997
0.3268703252912324
0.3297732462949148
0.3278401803164842
0.3268526932079997
0.3268526932079997
0.3268526932079997
0.3268526932079997
0.3278401803164842
0.8913274480172759
0.3268773888075124
0.5239048928593155
0.3268526932079997
0.3268526932079997
0.3381293575620853
0.5239049676172
0.34656709405584973
0.3268526932079997
0.3268526932079997
0.3381293575620853
0.3268526932079997
0.3268703252912324
1.4414395809566978
0.3268526932079997
0.3268526932079997
0.3268526932079997
0.3268526932079997
0.3268526932079997
0.32857866224046145
0.32691096543041476
0.3268526932079997
0.32685276796588414
0.3268526932079997
0.3268526932079997
0.3268526932079997
0.3268703252912324
0.3268526932079997
0.3268526932079997
0.3268526932079997
0.3268526932079997
0.32685331551016994
0.3268526932079997
0.3268526932079997
0.32685276796588414
0.32685276796588414
0.3268703252912324
0.3268526932079997
0.32685276796588414
0.3268526932079997
0.3268526932079997
0.3268703252912324
0.3268526932079997
0.3278401803164842
0.3268526932079997
0.3269108906725303
0.3268526932079997
0.326935586272043
1.4414391584149269
0.3268526932079997
0.3268526932079997
0.3268526932079997
0.3268704000491168
0.3268526932079997
0.3268526932079997
0.3268526932079997
0.3268526932079997
0.3268526932079997
0.3268526932079997
0.3268526932079997
0.3268773888075124
0.3268703252912324
0.3268526932079997
0.3268703252912324
0.32685276796588414
0.3268526932079997
0.3268703252912324
0.3268703252912324
0.3268526932079997
0.3268703252912324
0.3268703252912324
0.3268526932079997
0.3268526932079997
0.3268526932079997
0.3271593300548329
0.3268526932079997
0.3268526932079997
0.32685276796588414
0.3268526932079997
0.32685276796588414
0.3268526932079997
0.3268526932079997
0.3268526932079997
0.3268526932079997
0.3268526932079997
0.3268526932079997
0.3268526932079997
0.32685276796588414
0.7957640537600177
0.3268526932079997
0.3381293575620853
0.32685276796588414
0.3268526932079997
0.3268703252912324
0.3268526932079997
0.3268526932079997
0.32685276796588414
0.3268703252912324
0.32741374717266536
0.3268703252912324
0.3268526932079997
0.3268703252912324
0.3268526932079997
0.3268703252912324
0.3268703252912324
1.4414391584149269
0.3268703252912324
0.32685276796588414
0.3268526932079997
0.3268526932079997
0.32685276796588414
0.32685276796588414
0.3268526932079997
0.3278401803164842
0.32685276796588414
0.7957640537600177
0.3268526932079997
0.5668293099749976
0.3268526932079997
0.3268526932079997
1.4414401221982664
0.32689502089074507
0.3268703252912324
0.3268526932079997
0.3268526932079997
0.3465490609756625
0.3465490609756625
0.3268526932079997
0.3268526932079997
0.3268526932079997
0.3268533902680544
0.3268526932079997
0.32685276796588414
0.3268526932079997
0.32685276796588414
0.3268526932079997
0.3268526932079997
0.3268526932079997
0.3268526932079997
1.4196445376924822
0.3268526932079997
0.3268526932079997
0.3268703252912324
0.3268703252912324
0.7957640537600177
0.3268526932079997
0.3268703252912324
0.3268703252912324
0.3268526932079997
0.32685276796588414
0.3268526932079997
0.3268526932079997
0.32685276796588414
0.3268526932079997
0.3268526932079997
0.3268526932079997
0.3268526932079997
0.3268526932079997
0.3268526932079997
0.3268526932079997
0.3268526932079997
0.3268526932079997
