0.7957640537600177
0.3268703252912324
0.3268703252912324
0.3268526932079997
0.3268526932079997
0.3268526932079997
0.32685276796588414
0.3268526932079997
0.3268526932079997
0.3268526932079997
0.3268526932079997
0.3268703252912324
0.3268526932079997
0.3268526932079997
0.3268703252912324
0.3268526932079997
0.3268703252912324
0.3268526932079997
0.3268526932079997
0.3268526932079997
0.3268526932079997
0.3465490609756625
0.3268526932079997
0.3268526932079997
0.326935586272043
0.3268526932079997
0.3268526932079997
0.3268703252912324
0.3268526932079997
0.35472295119957886
0.3268526932079997
0.3268526932079997
0.32685276796588414
0.3268704000491168
0.3268526932079997
0.3268773888075124
0.8548781865220142
0.3268526932079997
0.3268526932079997
0.3268526932079997
0.3268526932079997
0.3268703252912324
0.3268526932079997
0.3268526932079997
0.3268526932079997
0.3268526932079997
0.32685276796588414
0.3268526932079997
0.3268526932079997
0.3268703252912324
0.32685276796588414
0.3268526932079997
0.5668283563853936
0.3268704000491168
0.3268703252912324
0.3268526932079997
0.3268526932079997
0.3268526932079997
0.3268526932079997
0.3268703252912324
0.3268526932079997
0.32685276796588414
0.32685276796588414
0.3268703252912324
0.3268703252912324
0.3285787369983459
0.3268526932079997
0.3268526932079997
0.3268703252912324
0.3268703252912324
0.3268526932079997
0.3268703252912324
0.3268526932079997
0.3268526932079997
0.3283978191948042
0.3268526932079997
0.3268526932079997
0.3268703252912324
0.3268526932079997
0.3268526932079997
0.3268526932079997
0.3286209899232069
0.3268704000491168
0.3268703252912324
0.32685276796588414
0.3268526932079997
0.3268526932079997
0.3268526932079997
0.3268526932079997
0.3268526932079997
0.3268526932079997
0.3268526932079997
0.3268703252912324
0.3268703252912324
0.3268526932079997
1.4414405447400374
0.32685276796588414
0.3268703252912324
0.3268526932079997
0.3268526932079997
0.3268526932079997
0.3268526932079997
0.3268773888075124
0.32685276796588414
0.32685276796588414
0.3268703252912324
0.32685276796588414
0.3268703252912324
0.3268526932079997
0.3268526932079997
0.3268526932079997
0.3268526932079997
0.3268526932079997
0.3268526932079997
0.3268704000491168
0.3268526932079997
0.3268526932079997
0.3268526932079997
0.32685276796588414
0.3268526932079997
0.5239048928593155
0.3268526932079997
0.3268526932079997
0.3268703252912324
0.3268526932079997
0.3268526932079997
0.3268526932079997
0.3268703252912324
0.3268526932079997
0.3268526932079997
0.8912319881690218
0.7957640537600177
0.3268526932079997
0.3268703252912324
0.32685276796588414
0.3268703252912324
0.32685276796588414
0.3268526932079997
0.3268526932079997
0.3268526932079997
0.3268526932079997
0.32685276796588414
1.4414395809566978
0.3268526932079997
0.3268526932079997
0.3268526932079997
0.3268703252912324
0.3268526932079997
0.3297732462949148
0.3268526932079997
0.3268526932079997
0.3268526932079997
0.3268703252912324
0.3268526932079997
0.3268526932079997
0.8912319881690218
0.3268703252912324
0.3268526932079997
0.3268526932079997
0.5668283563853936
0.3268526932079997
0.3268526932079997
0.3268526932079997
0.3268526932079997
0.5668293099749976
0.32741374717266536
0.32741374717266536
0.3268526932079997
0.3268526932079997
0.3268526932079997
0.3268704000491168
0.3268526932079997
0.3268526932079997
0.32685276796588414
0.3465490609756625
0.3268703252912324
0.3268703252912324
0.3268703252912324
0.32685276796588414
0.3268780111096826
0.3268526932079997
0.3268526932079997
0.3268526932079997
0.32685276796588414
0.3268704000491168
0.3268526932079997
0.32685276796588414
0.32685276796588414
0.3268703252912324
0.3268526932079997
0.8893503885541669
0.3268526932079997
0.3268526932079997
0.3268703252912324
0.3268703252912324
0.3268526932079997
0.3268526932079997
0.3278401803164842
0.3268526932079997
0.3268526932079997
0.3268526932079997
0.32685276796588414
0.3268526932079997
0.32685276796588414
0.3268703252912324
0.3268703252912324
0.3269108906725303
0.3268526932079997
0.3268526932079997
0.3268526932079997
0.3268526932079997
0.3268526932079997
0.3268526932079997
0.32685276796588414
0.3268526932079997
0.3268526932079997
0.326935586272043
0.3268526932079997
0.3268526932079997
0.32784080261865445
0.3268526932079997
0.3268703252912324
0.3268526932079997
0.3268526932079997
0.3268703252912324
0.3268526932079997
0.3268703252912324
0.3268526932079997
0.32685276796588414
0.3268526932079997
0.32979087837814747
0.3269108906725303
0.5668283563853936
0.3268703252912324
0.32685276796588414
0.3268526932079997
0.3268526932079997
0.3268703252912324
0.3268526932079997
0.3268703252912324
0.3268526932079997
0.3268526932079997
0.3268526932079997
0.3268526932079997
0.3268703252912324
0.3268703252912324
0.3268526932079997
0.3268526932079997
0.3268526932079997
0.32685276796588414
0.3268703252912324
0.3268703252912324
0.3268526932079997
0.3268774635653968
0.3268526932079997
0.32685276796588414
0.3268526932079997
0.3268703252912324
0.3268526932079997
0.3268526932079997
0.3268703252912324
0.3268526932079997
0.3268526932079997
0.328957509480115
0.3268526932079997
0.3268703252912324
0.32685276796588414
0.3268703252912324
0.3268526932079997
0.3268526932079997
0.3268526932079997
0.3268526932079997
0.32685331551016994
0.3268526932079997
0.3268526932079997
0.3268703252912324
0.3268526932079997
0.32685276796588414
0.3268526932079997
0.3268526932079997
0.3465490609756625
0.3268526932079997
0.3268526932079997
0.3268526932079997
0.3268526932079997
0.3268526932079997
0.3268526932079997
0.32685276796588414
0.3268526932079997
0.3268526932079997
0.3268526932079997
0.3268703252912324
0.32685276796588414
0.3268526932079997
0.32685276796588414
0.3268526932079997
0.3268526932079997
0.3268526932079997
0.3268526932079997
0.3268526932079997
0.3268526932079997
0.3268526932079997
0.3268526932079997
0.3268703252912324
0.3268526932079997
0.3268526932079997
0.3268703252912324
1.4414391584149269
0.3268526932079997
0.3268526932079997
0.3268703252912324
0.3268526932079997
0.3268526932079997
0.3268526932079997
0.3268526932079997
0.3268526932079997
0.32685276796588414
0.32685276796588414
0.3268526932079997
0.33853762193752435
0.3268526932079997
0.3268526932079997
0.3268526932079997
0.3268526932079997
0.3268526932079997
0.3268526932079997
0.3268526932079997
0.3268526932079997
0.32685276796588414
0.3268704000491168
0.3268526932079997
0.3268526932079997
0.32685276796588414
0.3268526932079997
0.32685276796588414
0.3268526932079997
0.3268526932079997
0.3268526932079997
0.3547228764416944
0.3268526932079997
0.32685276796588414
0.3268703252912324
0.3268526932079997
0.5668283563853936
0.3471101896982126
0.3268703252912324
0.3381294323199697
0.3268526932079997
0.3268704000491168
0.32741374717266536
0.3268526932079997
0.3268703252912324
0.3268703252912324
0.3268526932079997
0.3268703252912324
0.3268526932079997
0.3268526932079997
0.3268526932079997
0.3268709475934026
0.32685276796588414
0.32685276796588414
0.3268526932079997
0.3547228764416944
0.32685276796588414
0.3268526932079997
0.3268526932079997
0.3268526932079997
0.3268703252912324
0.3268526932079997
0.3268526932079997
0.3268526932079997
0.32685276796588414
0.3268526932079997
0.3268526932079997
0.3268703252912324
0.3268526932079997
0.3268703252912324
0.3268703252912324
0.3381293575620853
0.3268526932079997
0.3268526932079997
0.3268703252912324
0.3268526932079997
0.3268526932079997
0.5535227430530666
0.3547228764416944
0.3268704000491168
0.3268526932079997
0.3268526932079997
0.3268526932079997
0.3268703252912324
0.32685331551016994
0.3268703252912324
0.35472295119957886
0.3268526932079997
0.3268703252912324
0.3268526932079997
1.4414401137907518
0.3268526932079997
0.3465490609756625
0.3547228764416944
0.3268526932079997
0.3547228764416944
0.5535692768463364
0.32685276796588414
0.3268526932079997
0.3385375471796399
0.3274314540137825
0.3268526932079997
0.3268526932079997
0.3268526932079997
0.3268526932079997
0.3268526932079997
0.3268526932079997
0.3268526932079997
0.3268526932079997
0.3268526932079997
0.3268526932079997
1.4414391584149269
0.32741374717266536
0.3268526932079997
0.3268526932079997
0.3268526932079997
0.3268526932079997
0.3268526932079997
0.3268526932079997
0.32685276796588414
0.3268703252912324
0.3268526932079997
0.32857866224046145
0.5668283563853936
0.3268703252912324
0.3268526932079997
0.5668544694152513
0.32685276796588414
0.32685276796588414
0.3268526932079997
0.3268703252912324
0.3268704000491168
0.3268526932079997
0.3268526932079997
0.3268773888075124
0.3268526932079997
0.3268526932079997
0.3268526932079997
0.3268526932079997
0.5241669780967922
0.9726646157734588
0.3268526932079997
0.3268526932079997
0.3385375471796399
0.3268703252912324
0.3268703252912324
0.32685276796588414
0.32685276796588414
0.32685276796588414
0.32979087837814747
0.32685276796588414
0.3268703252912324
0.3268526932079997
0.3268526932079997
0.3268703252912324
0.3268526932079997
0.3268526932079997
0.5239049676172
0.3268526932079997
0.3268526932079997
0.32685276796588414
0.3268526932079997
0.3268526932079997
0.3268526932079997
0.3268526932079997
0.3268526932079997
0.3268526932079997
0.32685276796588414
0.3268704000491168
0.3465490609756625
0.32685276796588414
0.3268703252912324
0.5535692768463364
0.3268526932079997
0.3268703252912324
0.3268703252912324
0.3268526932079997
0.3268533902680544
0.3268526932079997
0.32685276796588414
0.3268703252912324
1.4414395809566978
0.3268526932079997
0.3268704000491168
0.5239048928593155
0.32685331551016994
0.3268526932079997
0.3268526932079997
0.3268703252912324
0.32685276796588414
0.3268526932079997
0.32685276796588414
0.3268526932079997
0.3268526932079997
0.3268526932079997
0.3268526932079997
0.3268703252912324
0.3268526932079997
0.3268526932079997
0.3268526932079997
0.32685276796588414
0.3268526932079997
0.3268526932079997
0.3268526932079997
0.3268526932079997
0.3268526932079997
0.3268526932079997
0.3268704000491168
0.3268526932079997
0.32685276796588414
0.3268526932079997
0.3268526932079997
0.3268526932079997
0.3268526932079997
0.4242862872293302
0.3268526932079997
0.3268773888075124
0.3268526932079997
0.3268526932079997
0.3268703252912324
0.32685276796588414
0.3268526932079997
0.3268526932079997
0.3268526932079997
0.3268526932079997
0.3268526932079997
0.3268526932079997
0.3268526932079997
0.3268526932079997
0.3268526932079997
0.3268526932079997
0.3268526932079997
0.32685276796588414
0.3268773888075124
0.3268526932079997
0.3268703252912324
0.3268526932079997
0.3385375471796399
0.3269108906725303
0.32843936774040505
0.3268526932079997
0.5535227430530666
0.3268526932079997
0.32685276796588414
0.3268703252912324
0.32841467214089237
0.3268526932079997
0.3552840051642445
0.3268526932079997
0.32685276796588414
0.32685276796588414
0.3274138219305498
0.326935586272043
0.3268703252912324
0.3268526932079997
0.3268526932079997
0.3268526932079997
0.3268526932079997
0.3268526932079997
0.3268703252912324
0.3268526932079997
0.32685276796588414
0.3268526932079997
0.3268526932079997
0.3547228764416944
0.3268526932079997
1.4414391584149269
0.3268526932079997
0.3268703252912324
0.3268703252912324
0.3268703252912324
0.3268526932079997
0.3268526932079997
0.3268526932079997
0.3268526932079997
0.3268526932079997
0.3269108906725303
0.3547228764416944
0.3268526932079997
0.3268526932079997
0.3268526932079997
0.3268526932079997
0.3268703252912324
0.3268526932079997
0.3268526932079997
0.3268703252912324
0.3268703252912324
0.3268526932079997
0.3269108906725303
0.3268526932079997
0.32685276796588414
0.3268526932079997
0.3268526932079997
0.3268526932079997
0.3268703252912324
0.3268526932079997
0.3268526932079997
1.4414505322587012
0.3268526932079997
0.3268526932079997
0.3268526932079997
1.4414395809566978
0.3268526932079997
0.32741374717266536
0.3268703252912324
0.32685276796588414
0.3268526932079997
0.34654913573354695
0.3268526932079997
0.7957640537600177
1.5791438978652526
0.3268704000491168
0.3268526932079997
0.3268526932079997
0.3268526932079997
0.3268526932079997
0.3268526932079997
0.3268526932079997
0.3268526932079997
0.3269108906725303
0.3268526932079997
0.3465666930588952
0.3268526932079997
0.3268703252912324
0.32685276796588414
0.3268526932079997
0.3268526932079997
0.3268703252912324
0.32685276796588414
0.3268703252912324
0.3268703252912324
0.3268526932079997
0.32685276796588414
0.3268526932079997
0.3268526932079997
0.3278401803164842
0.3268709475934026
0.3268526932079997
0.3268703252912324
0.3268526932079997
0.3268526932079997
0.3268526932079997
0.3268526932079997
0.3268526932079997
0.3268526932079997
0.3268526932079997
0.3268526932079997
0.3268526932079997
0.3268703252912324
0.3268526932079997
0.3268703252912324
1.4196435739091426
0.3268704000491168
0.32685276796588414
0.3268526932079997
0.3268526932079997
1.4414395809566978
0.3268526932079997
0.3268703252912324
0.7957640537600177
0.3268526932079997
0.3268526932079997
0.4242862872293302
0.3268526932079997
0.32685276796588414
0.3268526932079997
0.3268526932079997
0.3268526932079997
0.3268526932079997
0.3268526932079997
0.3268526932079997
0.3268526932079997
0.3268526932079997
0.3268703252912324
0.3268526932079997
0.3268703252912324
0.3268703252912324
0.3268703252912324
0.3268526932079997
0.3268526932079997
0.3268526932079997
0.3268703252912324
0.3268526932079997
0.3268703252912324
0.3268526932079997
0.32691096543041476
0.3268526932079997
0.3268526932079997
0.3268526932079997
0.3268526932079997
0.3268526932079997
0.3381293575620853
0.3268526932079997
0.3268703252912324
0.32685276796588414
0.3268703252912324
0.3268526932079997
0.3268703252912324
0.3268526932079997
0.3268703252912324
0.3268526932079997
0.3268526932079997
0.3268526932079997
0.3268526932079997
0.3268526932079997
0.3268526932079997
0.5668448285582387
0.7958599014031973
0.3268526932079997
0.3268526932079997
0.32685276796588414
0.3268526932079997
0.3268704000491168
0.3268526932079997
0.3268526932079997
0.3268526932079997
0.3268704000491168
0.32841467214089237
0.32685331551016994
0.3268526932079997
0.3268526932079997
0.3268526932079997
0.3268704000491168
0.3268526932079997
0.3268526932079997
0.3268526932079997
0.3268526932079997
0.32685276796588414
0.3268526932079997
0.3465490609756625
0.3471101149403282
0.3268526932079997
0.3268526932079997
0.3268526932079997
0.3268526932079997
0.3268526932079997
0.3268526932079997
0.7957640537600177
0.3268703252912324
0.3268526932079997
0.3268526932079997
0.32691096543041476
0.3283978191948042
0.3268526932079997
0.3268703252912324
0.3268526932079997
0.3268703252912324
0.3547228764416944
0.3268526932079997
0.32685276796588414
0.3268526932079997
0.3297732462949148
0.3268526932079997
0.3268526932079997
0.3268526932079997
0.3268526932079997
0.3268703252912324
0.3268526932079997
0.3268526932079997
0.3268526932079997
0.3268526932079997
0.3381293575620853
0.891394309197527
0.32685276796588414
0.3268526932079997
0.3381294323199697
0.79605922833816
0.32685276796588414
0.3268526932079997
0.3268526932079997
0.3268526932079997
0.32685276796588414
0.32685276796588414
0.3268703252912324
0.3268526932079997
0.3268773888075124
0.3268526932079997
0.3268526932079997
0.4242862872293302
0.3268526932079997
0.32685276796588414
0.3268703252912324
0.3268526932079997
0.3268526932079997
0.3268526932079997
0.32685276796588414
0.3268526932079997
0.5535227430530666
0.3268526932079997
0.3268526932079997
0.32685276796588414
0.42501705206858575
0.3268526932079997
0.3268703252912324
0.3268703252912324
0.3268704000491168
0.3268526932079997
0.3268526932079997
0.5239048928593155
0.3268526932079997
0.3268526932079997
0.3268773888075124
0.3268526932079997
0.3268526932079997
0.3268526932079997
0.3268526932079997
0.3268526932079997
0.3268526932079997
0.3268526932079997
0.32685276796588414
0.3268703252912324
0.3268526932079997
0.3268526932079997
0.3268526932079997
0.3268526932079997
0.5668283563853936
0.3283978191948042
1.4414391584149269
0.3268526932079997
0.3381293575620853
0.32685276796588414
0.3268526932079997
0.3268526932079997
0.3268526932079997
0.3268526932079997
1.4414391584149269
0.3268526932079997
0.3268526932079997
0.3268703252912324
0.3268526932079997
1.4414405447400374
0.3268703252912324
0.3268526932079997
0.3268526932079997
0.3268526932079997
0.3268703252912324
0.3268526932079997
0.3268526932079997
0.3268526932079997
0.3268526932079997
0.3268526932079997
0.3268526932079997
0.3268703252912324
0.3268526932079997
0.3268526932079997
0.3268526932079997
0.3268526932079997
0.3268709475934026
0.3268703252912324
0.3268526932079997
0.3268526932079997
0.3268526932079997
0.3292493925864818
0.3268526932079997
0.3547228764416944
0.32685276796588414
0.3268526932079997
0.3268526932079997
0.3268703252912324
0.3268526932079997
0.3268704000491168
0.3268526932079997
0.3268526932079997
0.3268526932079997
0.3268526932079997
0.32685276796588414
0.3268526932079997
0.3268526932079997
0.3278401803164842
1.4414395809566978
0.9954560933368994
0.3268526932079997
0.3268526932079997
0.3268526932079997
0.3268526932079997
0.3268526932079997
0.3268526932079997
0.3268703252912324
0.3268526932079997
0.3268526932079997
0.3268526932079997
0.3268526932079997
0.32685276796588414
0.3268773888075124
0.3268526932079997
0.7957640537600177
0.3381294323199697
0.3268526932079997
0.3268773888075124
0.3268526932079997
0.32685276796588414
0.3268526932079997
0.3547228764416944
0.4242862872293302
0.3269532931131602
0.32685331551016994
0.3268526932079997
0.3268526932079997
0.3268526932079997
0.3268703252912324
0.3268526932079997
0.3268526932079997
0.3268703252912324
0.3268526932079997
0.3268703252912324
0.3268703252912324
0.3268526932079997
0.5239048928593155
0.3268526932079997
0.3268703252912324
0.3268526932079997
0.3268526932079997
0.32685276796588414
0.3268526932079997
0.3268526932079997
0.3268526932079997
0.3268526932079997
0.3268703252912324
0.3268526932079997
0.32685276796588414
0.3268703252912324
0.3268526932079997
0.3268703252912324
1.4414395809566978
0.32685276796588414
0.32685276796588414
0.3268526932079997
0.3268526932079997
0.3268704000491168
0.3268526932079997
0.32860335783997413
0.3268526932079997
1.4196435739091426
0.3268526932079997
0.32685276796588414
1.4414391584149269
0.32685276796588414
0.3268526932079997
0.3268526932079997
0.34654913573354695
0.3268526932079997
0.3268526932079997
0.3268526932079997
0.32784080261865445
0.32685276796588414
0.3268526932079997
0.3268526932079997
0.3268526932079997
0.3268709475934026
0.3268526932079997
0.3268526932079997
0.3268703252912324
0.3268703252912324
0.3268526932079997
0.3278578123997169
1.4414391584149269
0.3268526932079997
0.3268526932079997
0.3268526932079997
0.32685276796588414
0.3268526932079997
0.3268703252912324
0.3268526932079997
0.32857866224046145
0.3268526932079997
0.3268526932079997
0.3268950956486295
0.3268526932079997
0.3268526932079997
0.3268526932079997
0.3268526932079997
0.3268526932079997
0.3268526932079997
0.3268526932079997
0.32685276796588414
0.3268526932079997
0.3268526932079997
0.3268703252912324
0.3268703252912324
0.3268526932079997
0.3268703252912324
0.3268526932079997
0.32685276796588414
0.3268773888075124
0.32685276796588414
0.3268526932079997
0.3268526932079997
0.3268526932079997
0.3268526932079997
1.4414405447400374
0.3268703252912324
0.7957640537600177
0.3268526932079997
