0.32685331551016994
0.7957371859598362
0.3269362085742133
0.5668296562675345
0.32685331551016994
0.32685331551016994
0.32685331551016994
0.32685331551016994
0.32685331551016994
0.34654968327783275
0.32685331551016994
0.32685331551016994
0.32685331551016994
0.5668306098571383
0.32685331551016994
0.32685331551016994
0.32685331551016994
1.4414501097169305
0.32685331551016994
0.32867156630830274
0.32685331551016994
0.32685331551016994
0.3268533902680544
0.3268533902680544
0.32685331551016994
0.32685331551016994
0.3268533902680544
0.32685331551016994
0.33818817732878625
0.464866912725427
0.32685331551016994
0.3269362085742133
0.3268533902680544
0.32685331551016994
0.32685331551016994
0.4468490133558735
0.32839844149697445
0.32685331551016994
0.32685331551016994
0.326911587732585
0.3268533902680544
0.32922477174485354
0.32857866224046145
0.32685331551016994
0.32685331551016994
0.32685331551016994
0.3268526932079997
0.33853816948181015
0.3465497580357172
0.3268533902680544
0.33853816948181015
0.32685331551016994
0.5822696523853095
0.3274143694748356
0.32685331551016994
0.3268780111096826
0.32685331551016994
1.4414505322587012
0.3268533902680544
1.4414501097169305
0.32685331551016994
0.3268533902680544
0.32685331551016994
0.3268533902680544
0.7960076649384658
0.32685331551016994
0.7957372607177207
0.32685331551016994
0.3268533902680544
0.32685331551016994
0.32685331551016994
0.32685331551016994
0.32685331551016994
0.5668306098571383
0.3268533902680544
0.32685331551016994
0.3268533902680544
0.32685331551016994
0.3268533902680544
0.32685331551016994
0.32685331551016994
0.32685331551016994
0.3547235735017491
0.32685331551016994
0.32685331551016994
0.32685331551016994
0.3268533902680544
0.32687808586756706
0.3269362085742133
0.4468801815064599
0.32685331551016994
0.3638161077797418
0.3385382442396946
0.3268533902680544
0.32685331551016994
0.32685331551016994
0.32685331551016994
0.3285886732442594
0.32685331551016994
0.3268533902680544
0.8912240674011968
0.3268533902680544
0.32839844149697445
0.32685331551016994
0.8912319881690218
0.3269108906725303
0.32922477174485354
0.32685331551016994
0.3268533902680544
0.32685331551016994
0.32685331551016994
0.32685331551016994
0.3268533902680544
0.32685331551016994
0.4468497242395054
0.3268533902680544
0.32685331551016994
0.32685331551016994
0.32685331551016994
0.32685331551016994
0.32685331551016994
0.32685331551016994
0.9504594396517244
0.3268533902680544
0.3268533902680544
0.32685331551016994
0.3268533902680544
0.3268526932079997
0.5821310374328834
0.32685331551016994
0.32685331551016994
0.3381299798642556
0.32685331551016994
0.3268526932079997
0.42425582996237565
0.3268533902680544
0.3268533902680544
0.3268780111096826
1.4414414989788782
0.32685331551016994
0.32685331551016994
0.3268780111096826
0.32685331551016994
0.3268533902680544
0.3268533902680544
0.32685331551016994
0.32685331551016994
0.32685331551016994
0.32857866224046145
0.32685331551016994
0.32685331551016994
0.32923470799076704
0.3547235735017491
0.32685331551016994
0.32685331551016994
0.32685331551016994
0.3268533902680544
0.3268533902680544
0.3268533902680544
0.3274143694748356
0.32685331551016994
0.32685331551016994
0.32685331551016994
0.32929290545529777
0.32685331551016994
0.34654968327783275
0.32685331551016994
0.32685331551016994
0.3269362085742133
0.3274143694748356
0.3268533902680544
0.3268533902680544
0.32685331551016994
0.3268526932079997
0.3268526932079997
0.32685331551016994
0.3268526932079997
0.32685331551016994
0.32685331551016994
0.3268526932079997
0.3269362085742133
0.32685331551016994
0.3268709475934026
0.3268526932079997
0.32685331551016994
0.32685331551016994
0.32685331551016994
0.32685331551016994
0.32786549821816713
0.3268533902680544
0.32685331551016994
0.32685331551016994
0.32685331551016994
0.3268780111096826
0.523874435592361
0.32685331551016994
0.32685331551016994
0.32685331551016994
0.32685331551016994
0.32685331551016994
0.32685331551016994
0.32685331551016994
0.32685331551016994
0.32685331551016994
0.3268526932079997
0.3471107372424984
0.32685331551016994
0.32685331551016994
0.32685331551016994
0.32685331551016994
0.32784080261865445
0.32685331551016994
0.32691151297470056
0.3268533902680544
0.32685331551016994
0.3268709475934026
0.3268533902680544
0.3268533902680544
0.4244760236340974
0.35013904965080417
0.32685331551016994
0.3289574208986534
0.3268533902680544
0.32685331551016994
0.7957371859598362
0.32685331551016994
0.32685331551016994
0.32685331551016994
0.3292246969869691
0.3268533902680544
0.32685331551016994
0.32685331551016994
0.32685331551016994
0.32685331551016994
0.3268780111096826
0.32685331551016994
0.329773868597085
0.3268780111096826
0.32685331551016994
0.3409196367202917
0.32685331551016994
0.32685331551016994
0.32784025507436865
0.3268533902680544
0.32685331551016994
0.32685331551016994
0.32685331551016994
0.8912240674011968
0.32685331551016994
0.3268533902680544
0.32685331551016994
0.3268526932079997
0.3268526932079997
0.32685331551016994
0.951017817254375
0.3268533902680544
0.32685331551016994
0.32685331551016994
0.3268533902680544
0.32923470799076704
0.32685331551016994
0.3547235735017491
0.3268533902680544
0.32685331551016994
0.32685331551016994
0.32685331551016994
0.32685331551016994
0.32685331551016994
0.3286133688437721
0.3268533902680544
0.32685331551016994
0.9504594396517244
0.4251366616915573
0.32685331551016994
0.32685331551016994
0.32685331551016994
0.3268533902680544
0.32685331551016994
0.3274143694748356
0.3289574208986534
0.3268533902680544
0.3268533902680544
0.3289574208986534
0.32685331551016994
0.35314289678937905
0.3268533902680544
0.3268533902680544
0.5822683525031688
0.3268526932079997
0.32685331551016994
0.32685331551016994
0.3268709475934026
0.32685331551016994
0.32685331551016994
0.3268526932079997
0.32685331551016994
0.3268780111096826
0.32685331551016994
0.32685331551016994
0.32685331551016994
0.32685331551016994
0.32685331551016994
0.3268533902680544
0.32685331551016994
0.32685331551016994
0.3268533902680544
0.3268533902680544
0.3268533902680544
0.32685331551016994
0.33242785992907625
0.32685331551016994
0.32685331551016994
0.32685331551016994
0.3268526932079997
0.32685331551016994
0.32685331551016994
0.32685331551016994
0.4468497242395054
0.32685331551016994
0.32685331551016994
0.32685331551016994
0.32685331551016994
0.32685331551016994
0.32685331551016994
0.32685331551016994
0.32685331551016994
0.32685276796588414
0.32685331551016994
0.32685331551016994
0.32685331551016994
0.3268533902680544
0.32685331551016994
0.32685331551016994
0.3268709475934026
0.32685331551016994
0.4648371663421043
0.32685331551016994
0.32685331551016994
0.32685331551016994
0.32685331551016994
0.4468497242395054
1.4414501097169305
0.32685331551016994
0.32685331551016994
0.3268533902680544
0.32685276796588414
0.33853816948181015
0.4242565408460075
0.32685331551016994
0.3268533902680544
0.33813127018454825
0.32685331551016994
0.32685331551016994
0.3465490609756625
0.32685331551016994
0.32685331551016994
0.32685331551016994
0.32685331551016994
0.32685331551016994
0.32685331551016994
0.32685331551016994
0.553492285786112
0.32685331551016994
0.3268780111096826
0.5821313837254203
0.3268526932079997
0.32685331551016994
0.32685331551016994
0.3321552610776822
0.35472349874386466
0.32685331551016994
0.3268533902680544
0.3268709475934026
0.32685331551016994
0.32685331551016994
0.32685331551016994
0.3268533902680544
1.4414505322587012
0.32685331551016994
0.3285886732442594
0.3268526932079997
0.32685331551016994
0.4468497242395054
0.3268533902680544
0.3268533902680544
0.3268526932079997
0.32685331551016994
0.3268780111096826
0.32685331551016994
0.32685331551016994
0.32685331551016994
0.32685331551016994
0.32857866224046145
0.32685331551016994
0.32685331551016994
0.5254913490542238
0.3268533902680544
0.32792369568269786
0.32685331551016994
0.3268533902680544
0.3268533902680544
0.32685331551016994
0.32685331551016994
0.32685331551016994
0.32685331551016994
0.32685331551016994
0.3268780111096826
0.3471107372424984
0.32685331551016994
0.32685331551016994
0.32685331551016994
0.32691151297470056
0.3268533902680544
0.32685331551016994
0.32685331551016994
0.3268533902680544
0.32685331551016994
0.32685331551016994
0.32685331551016994
0.3285787369983459
0.32685331551016994
0.32685331551016994
0.3268533902680544
0.32685331551016994
0.32685331551016994
0.32685331551016994
0.7957371859598362
0.32685331551016994
0.3268533902680544
0.3268533902680544
0.329773868597085
0.32685331551016994
0.32685331551016994
0.32685331551016994
0.5669679249274236
0.32685331551016994
0.3268780111096826
0.32784025507436865
0.4468490133558735
0.32685331551016994
0.32685331551016994
0.3268526932079997
0.32685331551016994
0.3268533902680544
0.32685331551016994
0.32685331551016994
0.3268533902680544
0.32685331551016994
0.3268533902680544
0.32685331551016994
0.32685331551016994
0.3268533902680544
0.8676072479863612
0.32685331551016994
0.32685331551016994
0.3268533902680544
0.32685331551016994
0.32685331551016994
0.32685276796588414
0.3268526932079997
0.32685331551016994
0.32685331551016994
0.32685331551016994
0.32685331551016994
0.32685331551016994
0.3268533902680544
0.3268533902680544
0.32685331551016994
0.32685331551016994
0.32685331551016994
0.3268533902680544
0.3274143694748356
0.3268526932079997
0.3268533902680544
0.3268533902680544
0.3268533902680544
0.32685331551016994
0.32685331551016994
0.32786549821816713
2.1630210103711454
0.32685331551016994
0.32685331551016994
0.32685331551016994
0.7957371859598362
0.32685331551016994
0.5846126909603374
0.32685331551016994
0.32685331551016994
0.3268533902680544
0.3274143694748356
0.3268533902680544
0.32685331551016994
0.3268533902680544
0.32685331551016994
0.3268533902680544
0.32685331551016994
0.32685331551016994
0.32685331551016994
0.32685331551016994
0.3465497580357172
0.32685331551016994
0.3268533902680544
0.32685331551016994
0.32685331551016994
0.32784080261865445
0.32685331551016994
0.32685331551016994
0.32685331551016994
0.33813005462214
0.3268533902680544
0.4468490133558735
0.32685331551016994
0.32685331551016994
0.32685331551016994
0.32685331551016994
0.3268533902680544
0.32685331551016994
0.32685331551016994
0.32685331551016994
0.32685331551016994
0.32685331551016994
0.32685331551016994
0.32685331551016994
0.3285886732442594
0.32685331551016994
0.32685331551016994
0.5668296562675345
0.9504594396517244
1.4414501097169305
0.3268533902680544
0.32685331551016994
0.32685331551016994
0.7960076649384658
0.32685331551016994
0.3268533902680544
0.32685331551016994
0.3289574208986534
0.3268533902680544
0.32685331551016994
0.32685331551016994
0.32741444423272004
0.326911587732585
1.4414505322587012
0.4468497242395054
0.32685331551016994
0.3268533902680544
0.32839844149697445
0.32685331551016994
0.32685331551016994
0.32685331551016994
0.3268533902680544
0.3268780111096826
0.32685331551016994
0.3268780111096826
0.32685331551016994
0.32861344360165656
0.32685331551016994
0.32685331551016994
0.32792369568269786
0.32685331551016994
0.32685331551016994
0.32685331551016994
0.32685331551016994
0.3409196367202917
0.32685331551016994
0.32685331551016994
0.32685331551016994
0.32685276796588414
0.32685331551016994
0.32923470799076704
0.32685331551016994
0.3268526932079997
0.32685331551016994
0.33813127018454825
0.32685331551016994
0.4468490133558735
0.3465497580357172
0.3381299798642556
0.3268533902680544
0.32685276796588414
0.32685331551016994
0.7957371859598362
0.3268533902680544
0.3268780111096826
0.3268533902680544
0.32685331551016994
0.32685331551016994
0.32685331551016994
0.32685331551016994
0.32685331551016994
0.32685331551016994
0.32693628333209773
0.32685331551016994
0.32685331551016994
0.32685331551016994
0.32685331551016994
0.32685331551016994
0.32685331551016994
0.3268533902680544
0.553492285786112
0.32685331551016994
0.32685331551016994
0.32685331551016994
0.32685331551016994
0.32685331551016994
0.32685331551016994
0.32685331551016994
0.32685331551016994
0.32685331551016994
0.3268533902680544
0.32685331551016994
0.3385382442396946
0.32685331551016994
0.32685331551016994
0.3274143694748356
0.32685331551016994
0.32685331551016994
0.3268780111096826
0.3268533902680544
0.32839844149697445
0.3268533902680544
0.32685331551016994
0.3268533902680544
0.3268533902680544
0.32685331551016994
0.32685331551016994
0.32685331551016994
0.7957372607177207
0.3268780111096826
0.32685331551016994
0.32685331551016994
0.32685331551016994
0.3471107372424984
0.32685331551016994
0.32685331551016994
0.32685331551016994
0.35472349874386466
0.32685331551016994
0.32685331551016994
0.3268533902680544
0.3268533902680544
0.5668306098571383
0.3268533902680544
0.32685331551016994
0.32685331551016994
0.32685331551016994
0.32685331551016994
0.32685331551016994
0.951017817254375
0.3268526932079997
0.32685331551016994
0.3268533902680544
0.32685331551016994
0.3268533902680544
0.32685331551016994
0.3268533902680544
0.32685331551016994
0.32685331551016994
0.3268533902680544
0.3268533902680544
0.3268780111096826
0.3274320015580683
0.32685331551016994
0.3268533902680544
0.33853816948181015
0.32685331551016994
0.8912487630007094
0.3268533902680544
0.32685331551016994
0.3268533902680544
1.4414514960420408
0.3269362085742133
0.32685331551016994
0.3501136431676596
0.32685331551016994
0.32685331551016994
0.32685331551016994
0.3268533902680544
0.32685331551016994
0.32685331551016994
0.32685331551016994
0.3268709475934026
0.32685331551016994
0.32685331551016994
0.32685331551016994
0.3385382442396946
0.32685331551016994
0.32685331551016994
0.32923470799076704
1.4414505322587012
0.32685331551016994
0.3268533902680544
0.3268780111096826
0.32685331551016994
0.32685331551016994
0.32685331551016994
0.32685331551016994
0.3268533902680544
0.32685331551016994
0.32685331551016994
0.3292246969869691
0.32685331551016994
0.32685331551016994
0.32685331551016994
0.32685331551016994
0.3268533902680544
0.32685331551016994
0.32685331551016994
0.32685331551016994
0.3268533902680544
0.32685331551016994
0.3268533902680544
0.32685331551016994
0.3268533902680544
0.32685331551016994
0.3268533902680544
0.32685331551016994
0.32898424405424376
0.32685331551016994
0.3268533902680544
0.3268533902680544
0.32685331551016994
0.32685331551016994
0.32839844149697445
0.3278408773765389
0.32685331551016994
0.32685331551016994
0.3285886732442594
0.32685331551016994
1.5571483482429058
0.32685331551016994
0.34656731536106544
0.32784080261865445
0.32685331551016994
0.4468497242395054
0.32693628333209773
0.32685331551016994
0.32685331551016994
0.32923470799076704
0.3274143694748356
0.9959406425810775
0.32685331551016994
0.32685331551016994
0.32685331551016994
0.32685331551016994
0.32685331551016994
0.3465673901189499
0.3274390650743483
0.32693628333209773
0.32685331551016994
0.32685331551016994
0.32685331551016994
0.32685331551016994
0.3268526932079997
0.3381299798642556
0.32685331551016994
0.8912240674011968
0.32685331551016994
0.32685331551016994
0.3268780111096826
0.3268533902680544
0.3292246969869691
0.32685331551016994
0.32685331551016994
0.3268773888075124
0.32685331551016994
0.32685331551016994
0.32685331551016994
0.32685331551016994
0.3268780111096826
0.32685331551016994
0.3274143694748356
0.32685331551016994
0.3268780111096826
0.32867156630830274
0.32685331551016994
0.32685331551016994
0.32685331551016994
0.32839844149697445
0.3268533902680544
0.32685331551016994
0.32685331551016994
0.32685331551016994
0.32685331551016994
0.32685331551016994
0.32685331551016994
0.4468490133558735
0.32922477174485354
0.32685331551016994
0.7960077396963502
0.32685331551016994
0.32685331551016994
0.32685331551016994
0.32685331551016994
0.32685331551016994
0.32685331551016994
0.32685331551016994
0.3268533902680544
0.32685331551016994
0.3381299798642556
0.32685331551016994
0.7957372607177207
0.32685331551016994
0.3268533902680544
0.32685331551016994
0.3292246969869691
0.32685331551016994
0.3292246969869691
0.32685331551016994
0.32685331551016994
0.32685331551016994
0.32685331551016994
0.3278408773765389
0.7957371859598362
0.3269362085742133
0.32685331551016994
0.32685331551016994
0.3285886732442594
0.3268533902680544
0.3268533902680544
0.3465497580357172
0.32685331551016994
0.32685331551016994
0.32685331551016994
0.32685331551016994
0.32685331551016994
0.32685331551016994
0.32685331551016994
0.32923470799076704
0.32687808586756706
0.32685331551016994
0.32685331551016994
0.32685331551016994
0.523874435592361
0.32685331551016994
0.3268533902680544
1.4414505322587012
0.3268533902680544
0.32685331551016994
0.3385382442396946
0.32685331551016994
0.32685331551016994
0.3268533902680544
0.32685331551016994
0.32685331551016994
0.3268533902680544
0.32685276796588414
0.32685331551016994
0.32685331551016994
0.32685331551016994
0.3268533902680544
0.32685331551016994
0.7976282315434609
0.3268780111096826
0.32685331551016994
0.3268533902680544
0.32685331551016994
0.32685331551016994
0.32685331551016994
0.32685331551016994
0.3274143694748356
0.3268780111096826
0.32685331551016994
0.329773868597085
0.32923470799076704
0.32685331551016994
0.3274143694748356
0.32685331551016994
0.3274143694748356
0.32685331551016994
0.32685331551016994
0.7957640537600177
0.3285886732442594
0.32685331551016994
0.3268533902680544
0.32685331551016994
0.3268533902680544
0.32685331551016994
0.32685331551016994
0.5668296562675345
0.32685331551016994
0.4468497242395054
0.7957371859598362
0.32685331551016994
0.9661627141872045
0.32685331551016994
0.32685331551016994
0.3268533902680544
0.3268533902680544
0.32685331551016994
0.32685331551016994
0.32685276796588414
0.32685331551016994
0.32685331551016994
0.32685331551016994
0.5668296562675345
0.3292347827486515
0.32685331551016994
0.32685331551016994
0.32685331551016994
0.32857866224046145
0.3268780111096826
0.3278408773765389
0.3278401803164842
0.32685331551016994
0.3274143694748356
1.4414391584149269
0.32685331551016994
0.3268533902680544
0.32685331551016994
0.9510187708439789
0.3268533902680544
0.32741444423272004
0.3268533902680544
0.7410909398483532
0.3268526932079997
0.32839844149697445
0.32685331551016994
0.3285886732442594
0.32685331551016994
0.32685331551016994
0.32685331551016994
0.32685331551016994
0.32685331551016994
0.3297733210527992
0.32685331551016994
0.32685331551016994
0.32685331551016994
0.7957371859598362
0.32685331551016994
0.32685331551016994
0.3268533902680544
0.32685331551016994
0.32685331551016994
0.32685331551016994
0.32685331551016994
0.32687808586756706
0.32691151297470056
0.42447138140658247
0.32685331551016994
0.32685331551016994
0.3268533902680544
0.3268533902680544
0.3292246969869691
0.32685331551016994
0.32685331551016994
0.32685331551016994
0.32685331551016994
0.32685331551016994
0.32685331551016994
0.32691151297470056
0.32685331551016994
0.32784080261865445
0.32687102235128707
0.3268533902680544
0.32685331551016994
0.32685331551016994
0.32685331551016994
0.3268533902680544
0.3268533902680544
0.32685331551016994
0.32685331551016994
0.32685331551016994
0.32685331551016994
0.3268533902680544
0.3268533902680544
0.32685331551016994
0.32685331551016994
0.3278408773765389
0.32685331551016994
0.32685331551016994
0.32685331551016994
0.32839844149697445
0.32685331551016994
0.32685331551016994
0.3269362085742133
0.32685331551016994
0.3268709475934026
0.32685331551016994
0.32685331551016994
0.32685331551016994
0.3268533902680544
0.33813005462214
0.32685331551016994
0.32685331551016994
0.32685331551016994
0.32685331551016994
0.3268526932079997
0.32685331551016994
0.3268533902680544
0.3285886732442594
0.32685276796588414
0.42425582996237565
0.32685331551016994
0.32685331551016994
0.32685331551016994
0.32685331551016994
0.3268533902680544
0.32685331551016994
0.32685331551016994
