0.3268533902680544
0.3292828944514998
0.3283978191948042
0.45490600279196935
0.32685331551016994
0.32923470799076704
0.32784080261865445
0.3268526932079997
0.32685331551016994
0.32685331551016994
0.5668306098571383
0.32685331551016994
0.326935586272043
0.3268526932079997
0.32743844277217804
0.32685276796588414
0.326935586272043
0.32685331551016994
0.32839844149697445
0.32685331551016994
0.32685331551016994
0.3268526932079997
0.32685331551016994
0.32685331551016994
0.32685331551016994
0.32685331551016994
0.3292594035902798
0.32685331551016994
0.3268526932079997
0.3278401803164842
0.3268526932079997
0.32685276796588414
0.32784080261865445
0.3268533902680544
0.3292246969869691
0.3268526932079997
0.32685331551016994
0.32685331551016994
0.32923470799076704
0.3268709475934026
0.32685331551016994
0.32685331551016994
0.32685331551016994
0.3268526932079997
0.32685331551016994
0.3268526932079997
0.3268526932079997
0.4242862872293302
0.32685331551016994
0.3268526932079997
0.32685331551016994
0.3268526932079997
0.32923470799076704
0.3268526932079997
0.32841600532669446
0.4229364363694114
0.32685331551016994
0.3268526932079997
0.32685331551016994
0.32685331551016994
0.32691151297470056
0.3268526932079997
0.3292246969869691
0.32685331551016994
0.32685331551016994
0.32685331551016994
0.3268526932079997
0.32685331551016994
0.32685331551016994
0.3268526932079997
0.3268526932079997
0.32685331551016994
0.3606760462873056
0.32685331551016994
0.3268526932079997
0.32685331551016994
0.3268526932079997
0.32685331551016994
0.3268526932079997
0.32685276796588414
0.3268526932079997
0.32685331551016994
0.3268526932079997
0.32685331551016994
0.32685331551016994
0.42313020836465953
0.3381293575620853
0.32685331551016994
1.4414501097169305
0.32685331551016994
0.3268526932079997
0.32685331551016994
1.211458460095805
0.32685331551016994
0.3268526932079997
0.32685331551016994
0.32685331551016994
0.32685331551016994
0.32685331551016994
0.3268526932079997
0.3268526932079997
0.32685331551016994
0.32685331551016994
0.32685331551016994
0.32685331551016994
0.5668296562675345
0.3268526932079997
0.3268526932079997
0.3268526932079997
0.3268526932079997
0.3297732462949148
0.3268526932079997
0.32685331551016994
0.3268526932079997
0.32685331551016994
0.3268526932079997
1.4414505322587012
0.32685331551016994
0.3278401803164842
0.5239048928593155
0.32685331551016994
0.32685331551016994
1.4414514960420408
0.3268780111096826
0.32685331551016994
0.7233258972300453
0.32839915238060635
0.3471107372424984
0.32685331551016994
0.3471107372424984
0.32685331551016994
0.3268526932079997
0.32685331551016994
0.32691096543041476
0.3268526932079997
0.32839844149697445
0.32685331551016994
0.32685331551016994
0.32685331551016994
0.32685331551016994
0.3268526932079997
1.4414501097169305
0.7449420607812767
0.3268526932079997
0.5596293127212411
0.3268526932079997
0.3268533902680544
0.3268526932079997
0.32685331551016994
0.3268526932079997
0.3268526932079997
0.3268533902680544
0.3268526932079997
0.32685331551016994
0.951017817254375
0.3268526932079997
0.3268526932079997
0.32685331551016994
0.32685276796588414
0.32685331551016994
0.3268526932079997
0.32685331551016994
0.3268526932079997
0.32685276796588414
0.32685331551016994
0.35011435405129143
0.3268526932079997
0.338154053161598
0.3268526932079997
0.32685331551016994
0.32685331551016994
0.3268526932079997
0.32685331551016994
0.3268526932079997
0.3268526932079997
0.3268526932079997
0.3381299798642556
0.3268526932079997
0.3268526932079997
0.3268703252912324
0.3381299798642556
0.3268526932079997
0.32685331551016994
0.3268533902680544
0.3268526932079997
0.3268526932079997
0.32685331551016994
0.3268526932079997
0.42503840269251003
0.3268703252912324
0.3268526932079997
0.3268526932079997
0.3268526932079997
0.32685331551016994
0.32685331551016994
0.32685331551016994
0.3268533902680544
0.3268526932079997
0.3268526932079997
1.4414505322587012
0.3268526932079997
0.3268526932079997
0.7468070563222459
0.32784080261865445
0.32693566102992744
0.32685331551016994
0.7957371859598362
0.3268526932079997
0.3460088255378027
0.3292594035902798
0.32685331551016994
0.3471101149403282
0.32685331551016994
0.32685331551016994
0.3501136431676596
0.3268780111096826
0.3278401803164842
0.3268526932079997
0.3283978191948042
0.3268526932079997
0.3268703252912324
0.3268526932079997
0.32685331551016994
0.3268533902680544
0.32685331551016994
0.3268526932079997
0.3268526932079997
0.3268526932079997
0.32685331551016994
0.3268526932079997
0.3268526932079997
0.32685331551016994
0.3268526932079997
1.4414501097169305
1.4406501690929305
0.32685331551016994
0.32685331551016994
0.32685331551016994
0.32685276796588414
0.32685331551016994
0.32685331551016994
0.3268526932079997
0.3268526932079997
0.3268526932079997
0.3268526932079997
0.3268526932079997
0.32685331551016994
0.523874435592361
0.3385375471796399
0.3268526932079997
0.3268526932079997
0.3268526932079997
0.3268526932079997
0.3297732462949148
0.3268526932079997
0.3268526932079997
0.3268526932079997
0.3268526932079997
0.32685331551016994
0.32685331551016994
0.45490600279196935
1.4414501097169305
0.3606767433473603
0.32839844149697445
0.32685331551016994
0.32839844149697445
1.4414395809566978
0.32685331551016994
0.3268526932079997
0.35472295119957886
0.3268526932079997
0.3268526932079997
0.36067612104519003
0.3268526932079997
0.3269362085742133
0.3268526932079997
0.9510257380222
0.3268526932079997
0.35011302086548934
0.32685331551016994
0.32685331551016994
0.32685331551016994
0.3268526932079997
0.32685331551016994
0.34654968327783275
0.3268526932079997
0.32685331551016994
0.32685331551016994
0.3268526932079997
0.523874435592361
0.3268526932079997
0.32685331551016994
0.3268526932079997
0.32691151297470056
0.3268526932079997
0.32784080261865445
0.3268526932079997
0.3268709475934026
0.32685331551016994
0.32685331551016994
0.32685331551016994
0.32685331551016994
0.32685331551016994
0.32685331551016994
0.3268526932079997
0.7957371859598362
0.32685331551016994
0.32685331551016994
0.3268526932079997
0.32685331551016994
0.32685331551016994
0.32685331551016994
0.3268526932079997
0.3268526932079997
0.32685331551016994
0.3268526932079997
0.3268526932079997
0.32685331551016994
0.3292828944514998
0.32685331551016994
0.3268526932079997
0.3471107372424984
0.9511211978704541
1.021956617151799
0.3268526932079997
0.32685331551016994
0.3268526932079997
0.3268533902680544
0.42425582996237565
0.32685331551016994
0.3292594035902798
0.32685331551016994
0.32685331551016994
0.32685331551016994
0.3268526932079997
0.32685331551016994
0.3268533902680544
0.3385375471796399
0.32685331551016994
0.3268533902680544
0.3268526932079997
0.32685331551016994
0.3268526932079997
0.3268526932079997
0.32685331551016994
0.32685331551016994
0.32685331551016994
0.3268526932079997
0.32685331551016994
0.42498730568526305
0.32685331551016994
0.32685331551016994
0.523874435592361
0.3268526932079997
0.3268526932079997
0.3268526932079997
0.3268533902680544
0.32685331551016994
0.32685331551016994
0.32685331551016994
0.32685331551016994
0.32685331551016994
0.32685331551016994
0.3471101149403282
0.32685331551016994
0.3268526932079997
0.32685331551016994
0.3268526932079997
0.3268526932079997
0.32923470799076704
0.3292594035902798
0.7957640537600177
0.32685331551016994
0.32685276796588414
0.3268533902680544
0.35472295119957886
0.3537052410743374
0.3842718702872595
0.3278401803164842
0.32685276796588414
0.3268526932079997
0.7957371859598362
0.35067200026716827
0.32685331551016994
0.32929290545529777
0.3268526932079997
0.3292246969869691
0.32784080261865445
0.3268526932079997
0.3268533902680544
0.32685331551016994
0.32685331551016994
0.32685331551016994
0.3268526932079997
0.3268526932079997
0.32685331551016994
0.3268526932079997
0.32685331551016994
0.3268526932079997
0.3268526932079997
0.3268526932079997
0.32685331551016994
0.7957371859598362
0.3268526932079997
0.32685331551016994
0.3268526932079997
0.32685331551016994
0.32685331551016994
0.32685331551016994
0.32685331551016994
0.3268526932079997
0.32685331551016994
0.32839915238060635
0.32685331551016994
0.32685331551016994
0.3268526932079997
0.32685331551016994
0.32685331551016994
0.32685331551016994
0.32685331551016994
0.3292246969869691
0.3268533902680544
0.32685331551016994
0.3268526932079997
0.32685331551016994
0.32685331551016994
0.32685331551016994
0.32857866224046145
0.32685331551016994
0.32685331551016994
0.32685331551016994
0.32685331551016994
0.7967961409106774
0.3292493925864818
0.3268526932079997
0.32685331551016994
0.32685331551016994
0.3268526932079997
0.3268526932079997
0.3268526932079997
0.3471107372424984
0.3268526932079997
0.3268526932079997
0.35472295119957886
0.3268526932079997
0.32685331551016994
0.32685331551016994
0.32685331551016994
0.35704264286285303
0.7957640537600177
0.3268526932079997
0.32685276796588414
0.3268526932079997
0.32685331551016994
0.3274143694748356
0.3268526932079997
0.32685331551016994
1.4406511328762701
0.32685331551016994
0.3268526932079997
0.3268526932079997
0.3268526932079997
0.35011302086548934
0.32685331551016994
0.3268526932079997
0.36464157615704706
0.35011302086548934
0.951017817254375
0.32685331551016994
0.32685331551016994
0.32685276796588414
0.3292594035902798
0.5674413015529773
0.3268773888075124
0.3268526932079997
0.3268526932079997
0.3268526932079997
0.3268526932079997
0.32784080261865445
0.3268526932079997
0.3268526932079997
0.7957640537600177
0.32685331551016994
0.32685331551016994
0.32685331551016994
0.32685331551016994
0.32685331551016994
0.32685331551016994
0.3268526932079997
0.32685331551016994
0.3268533902680544
0.3268709475934026
0.32685331551016994
0.3268526932079997
0.3268526932079997
0.32691151297470056
0.32685331551016994
0.3268526932079997
0.7957371859598362
0.3268526932079997
0.32685331551016994
0.3268526932079997
0.3268526932079997
0.3268526932079997
0.32685331551016994
0.3268526932079997
0.32685331551016994
0.42425582996237565
0.8912240674011968
0.3274143694748356
0.32685331551016994
0.360694375430593
1.2382457320599998
0.7973599247655
0.3268526932079997
0.5668296562675345
0.3268526932079997
0.3268526932079997
0.32685331551016994
0.32685331551016994
0.3283978191948042
0.32685331551016994
0.3268526932079997
0.32685331551016994
0.3471107372424984
0.32685331551016994
0.3268526932079997
0.32685331551016994
0.45490600279196935
0.3268526932079997
0.32685331551016994
0.3269362085742133
0.3268526932079997
0.3268526932079997
0.3471107372424984
0.3501136431676596
0.3268526932079997
0.4242862872293302
0.32685331551016994
0.32685331551016994
0.3268773888075124
0.32685331551016994
0.3268526932079997
0.32685331551016994
0.32685331551016994
0.3268526932079997
0.3292594035902798
0.32685331551016994
0.3385375471796399
0.8912240674011968
0.338130647882378
0.32685331551016994
0.32685331551016994
0.5588958144454492
0.32685331551016994
0.3268533902680544
0.32685331551016994
0.3471101149403282
0.3471101149403282
0.32685331551016994
0.32685331551016994
0.32685331551016994
0.3268526932079997
0.3268703252912324
0.32685331551016994
0.32685331551016994
0.32685331551016994
0.5668283563853936
1.4414395809566978
0.4242862872293302
0.32685331551016994
0.3534743118776581
0.3268526932079997
0.3268526932079997
0.32685331551016994
0.32685331551016994
0.32685331551016994
0.32685331551016994
0.3268526932079997
0.3268704000491168
0.3268526932079997
0.8912240674011968
0.32685331551016994
0.3268780111096826
0.3547235735017491
0.3268526932079997
0.32685331551016994
0.32685331551016994
0.3268526932079997
0.3268526932079997
0.32685331551016994
0.3268526932079997
0.32685331551016994
0.3268526932079997
0.32685331551016994
0.32841467214089237
0.8912319881690218
0.32685331551016994
0.32685331551016994
0.32685331551016994
0.32685331551016994
0.3268526932079997
0.32685331551016994
0.3547228764416944
0.32685331551016994
0.3268526932079997
0.32685331551016994
0.32685331551016994
0.8912240674011968
0.32685276796588414
0.3381299798642556
0.3268526932079997
0.3268526932079997
0.32691151297470056
0.32685331551016994
0.4242862872293302
0.3268526932079997
0.32685331551016994
0.3278408773765389
0.32685331551016994
0.32685331551016994
0.3381293575620853
0.3268526932079997
0.32685331551016994
0.32685331551016994
0.32929290545529777
0.32685331551016994
0.35011435405129143
0.3268703252912324
0.32685331551016994
0.3381293575620853
0.326935586272043
1.4414391584149269
0.3268526932079997
0.7957371859598362
0.32685331551016994
0.32685331551016994
0.3268526932079997
0.3268526932079997
0.3268526932079997
0.3268773888075124
0.3268526932079997
0.3268526932079997
0.7957371859598362
0.32685331551016994
0.3268533902680544
0.3268526932079997
0.32685331551016994
0.3471107372424984
0.32685276796588414
0.32685331551016994
0.3292828944514998
0.32685331551016994
0.32685331551016994
0.3283985300784361
0.32685331551016994
0.32685331551016994
0.3268526932079997
0.3547235735017491
0.8912240674011968
0.32685331551016994
0.3268526932079997
0.32685331551016994
0.326935586272043
0.32685331551016994
0.32685331551016994
0.3268526932079997
1.4414395809566978
0.3268526932079997
0.32685331551016994
0.3268526932079997
0.3292594035902798
0.3268526932079997
0.4406423406145215
0.3268533902680544
0.3268526932079997
0.32685331551016994
0.32685331551016994
0.32685331551016994
0.32685331551016994
0.32685331551016994
0.5668283563853936
0.3268526932079997
0.3268526932079997
0.329773868597085
0.3292246969869691
0.3385375471796399
0.32839915238060635
0.3292493925864818
0.3268526932079997
0.32685331551016994
0.3268526932079997
0.3268526932079997
0.32685331551016994
0.3268526932079997
0.3268526932079997
0.34654968327783275
0.3268526932079997
0.3667767796361282
0.3268526932079997
0.32685331551016994
0.32923470799076704
0.951017817254375
1.4414395809566978
0.32685331551016994
0.523874435592361
0.32685331551016994
0.42425582996237565
0.3471107372424984
0.33853816948181015
0.5719409641360527
0.3268526932079997
0.3268526932079997
0.32685331551016994
0.32685331551016994
0.32685331551016994
0.32685331551016994
0.32685331551016994
0.36464157615704706
0.3268526932079997
0.32685331551016994
0.32685331551016994
0.3278401803164842
0.32685331551016994
0.32685331551016994
0.8912240674011968
0.35472295119957886
0.32685331551016994
0.32685331551016994
0.3284225147943169
0.32685331551016994
0.3268526932079997
0.3268526932079997
0.8912319881690218
0.3268709475934026
0.32685331551016994
0.7957371859598362
0.32685331551016994
0.32685331551016994
0.32685331551016994
0.32685331551016994
0.3268526932079997
0.3268703252912324
0.3646409538548768
0.32685331551016994
0.3268526932079997
0.3268526932079997
0.32685331551016994
0.32842526465256483
0.3471101149403282
0.32685331551016994
0.3283985300784361
0.5668296562675345
0.32685331551016994
0.3268526932079997
0.32685331551016994
0.3268533902680544
0.3268526932079997
0.3268526932079997
0.32685331551016994
0.45490600279196935
0.32685331551016994
0.32685276796588414
0.3268526932079997
0.3268533902680544
0.32685331551016994
0.32685331551016994
0.32685331551016994
0.3268526932079997
0.32864687070879006
0.3268526932079997
0.32685331551016994
0.32685331551016994
0.8913284016068799
0.523874435592361
0.32929290545529777
0.3268526932079997
0.3268526932079997
0.3292246969869691
0.32685331551016994
0.3268526932079997
0.5668296562675345
0.32685331551016994
0.3268526932079997
1.4414391584149269
0.32685331551016994
0.3268526932079997
0.3606767433473603
0.3268526932079997
0.32685331551016994
0.32685331551016994
0.3268526932079997
0.3646409538548768
0.32685331551016994
0.32685331551016994
0.32685331551016994
0.3268526932079997
0.3268526932079997
0.8912329417586258
0.32685331551016994
0.32685331551016994
0.32691096543041476
0.3471107372424984
0.32685331551016994
0.4242862872293302
0.32685331551016994
0.32685331551016994
0.32685331551016994
0.3268526932079997
0.32685331551016994
0.3268526932079997
0.32685276796588414
0.4920686680443227
0.3268526932079997
0.32685331551016994
0.32685331551016994
0.32857866224046145
0.32685331551016994
0.3268526932079997
0.3268526932079997
0.3268526932079997
0.32685331551016994
0.3268526932079997
0.3268526932079997
0.32685331551016994
0.32685331551016994
0.3268526932079997
0.32685331551016994
0.32685331551016994
0.3268533902680544
0.4242862872293302
0.32895679859648314
0.32685331551016994
0.32685331551016994
0.3268526932079997
0.3268526932079997
0.32685331551016994
0.3381293575620853
0.3285886732442594
0.3385375471796399
0.3268703252912324
0.3268526932079997
0.3268526932079997
0.32685331551016994
0.32685331551016994
0.3501136431676596
0.32691151297470056
0.3268526932079997
0.3268526932079997
0.3268526932079997
0.3268526932079997
0.32685331551016994
0.3268526932079997
0.3268526932079997
0.32685331551016994
0.3268526932079997
0.3268526932079997
0.32685331551016994
0.3268526932079997
0.32685331551016994
0.3381293575620853
0.3481991955238801
0.523874435592361
0.3268526932079997
0.3268773888075124
0.3268526932079997
0.3268526932079997
0.3381294323199697
0.32839915238060635
0.3268526932079997
0.32685276796588414
0.3268526932079997
0.3292246969869691
0.3268703252912324
0.3268526932079997
0.32685331551016994
0.3268526932079997
0.32685331551016994
0.32685331551016994
0.3268703252912324
0.32685331551016994
0.32685331551016994
0.3268526932079997
0.3268526932079997
0.3268526932079997
0.7957640537600177
0.3278648759159969
0.3268526932079997
0.32685331551016994
0.32685331551016994
0.3268526932079997
0.32685331551016994
0.32685331551016994
0.3501136431676596
0.32685331551016994
0.32685331551016994
0.32685331551016994
0.3268526932079997
0.3268526932079997
0.3268526932079997
1.4414501097169305
0.3268526932079997
0.32685331551016994
0.32685331551016994
0.32841529444306256
0.3471101149403282
0.42425582996237565
0.3268526932079997
0.3268526932079997
0.32685331551016994
0.42498659480163115
0.32685331551016994
0.3268526932079997
0.32685331551016994
0.32685331551016994
0.3283978191948042
0.3268526932079997
0.32685331551016994
0.32685331551016994
0.35472349874386466
0.32685331551016994
0.32685331551016994
0.32685331551016994
0.3268526932079997
0.32685331551016994
0.8912319881690218
0.3381293575620853
0.42425582996237565
0.32685331551016994
0.3268526932079997
0.32685331551016994
0.32685331551016994
0.3539530950804507
2.157254165010473
0.3268533902680544
0.32685331551016994
0.3268526932079997
0.3268526932079997
0.32685331551016994
0.32685331551016994
0.32685331551016994
0.3547228764416944
0.32685331551016994
0.3268533902680544
0.3268526932079997
0.3268526932079997
0.32923470799076704
0.3268526932079997
0.35472349874386466
0.32685331551016994
0.3268526932079997
0.32685331551016994
0.32923470799076704
0.32685331551016994
0.32929290545529777
0.32685331551016994
0.32685331551016994
0.3268526932079997
0.3278401803164842
0.3268526932079997
0.32685331551016994
0.32685331551016994
0.365965212365862
0.32685331551016994
0.3268780111096826
0.3268526932079997
0.3268526932079997
0.3268526932079997
0.32685331551016994
0.3292493925864818
0.32685331551016994
0.32685331551016994
0.3268526932079997
0.3268533902680544
0.3268526932079997
0.32685276796588414
0.3268526932079997
0.3268526932079997
0.32685331551016994
0.32685276796588414
0.3268526932079997
0.3471107372424984
0.32685331551016994
0.3274143694748356
0.3268526932079997
0.32685331551016994
0.3269362085742133
0.3268709475934026
0.32685331551016994
0.3268526932079997
0.3285886732442594
0.3268526932079997
0.32685331551016994
0.3268526932079997
0.3268526932079997
0.3268526932079997
0.3268526932079997
0.32685331551016994
0.32685331551016994
0.4242869981129621
