0.3268533902680544
0.9504673604195495
0.32929290545529777
0.3268533902680544
0.3268533902680544
0.3268533902680544
0.3268533902680544
0.3268709475934026
0.3268533902680544
0.32685331551016994
0.4242862872293302
0.32685331551016994
0.32685331551016994
0.3274143694748356
0.3268526932079997
0.32922477174485354
0.32685331551016994
0.3268533902680544
0.32693628333209773
0.32685331551016994
0.33853762193752435
0.32685331551016994
0.35472349874386466
0.3268533902680544
0.32685331551016994
0.3268533902680544
0.3274143694748356
0.32685331551016994
0.32685276796588414
0.3268533902680544
0.3268526932079997
0.35472349874386466
0.3268526932079997
0.32685331551016994
0.32685331551016994
0.3268533902680544
0.3268533902680544
0.3268533902680544
0.3268533902680544
0.3268533902680544
0.3268533902680544
0.32685331551016994
0.32685331551016994
0.32685331551016994
0.32685331551016994
0.3268533902680544
0.3268533902680544
0.32685331551016994
0.3268533902680544
0.3268533902680544
0.3268533902680544
0.3268533902680544
0.3268533902680544
0.32685331551016994
0.3268533902680544
0.3268533902680544
0.32685276796588414
0.3268533902680544
0.32685331551016994
0.32685331551016994
0.32685276796588414
0.32685276796588414
0.3268533902680544
0.32687102235128707
0.32685331551016994
0.3268533902680544
0.5668296562675345
0.32685331551016994
0.3268533902680544
0.32685331551016994
0.3547235735017491
0.32685331551016994
0.3268533902680544
0.3268533902680544
0.3268533902680544
0.32685331551016994
0.3268533902680544
0.3292347827486515
0.32685331551016994
0.32685331551016994
0.32685331551016994
0.3268533902680544
0.3268533902680544
0.3268533902680544
0.3268533902680544
0.32685331551016994
0.3268533902680544
0.3268526932079997
0.3268533902680544
0.3268533902680544
0.32685276796588414
0.3268533902680544
0.3278408773765389
0.5190266653535837
0.3268533902680544
0.3268533902680544
0.35472349874386466
0.3268533902680544
0.32685331551016994
0.32685331551016994
0.4468497242395054
0.32685331551016994
0.3268526932079997
0.3268533902680544
0.3268533902680544
0.32741444423272004
0.3289581317822853
0.3268533902680544
0.32685331551016994
0.8021045166184708
0.3268533902680544
0.3268526932079997
0.32685331551016994
0.3268533902680544
0.3268526932079997
0.3385395345599872
0.3268533902680544
0.3268533902680544
0.3274138219305498
0.32685331551016994
0.3268533902680544
0.32685331551016994
0.3268533902680544
0.3268533902680544
0.3268533902680544
0.3268526932079997
0.8201116204041174
0.3268533902680544
0.32685331551016994
0.3292594035902798
0.3268780111096826
0.3268533902680544
0.34711081200038285
0.3268533902680544
0.3268526932079997
0.3268533902680544
0.3385382442396946
0.32977394335496946
0.32685276796588414
0.3268533902680544
0.3547235735017491
0.32685331551016994
0.4242565408460075
0.3268533902680544
0.32741444423272004
0.35011302086548934
1.4414514960420408
0.32685331551016994
0.32685276796588414
0.32685331551016994
0.3268533902680544
0.3268533902680544
0.3268533902680544
0.3268533902680544
0.3268533902680544
0.7957372607177207
0.3385382442396946
0.3268533902680544
0.3268526932079997
0.3268533902680544
0.3268533902680544
0.32685331551016994
0.3547235735017491
0.32685331551016994
0.3268533902680544
0.32685331551016994
1.4414514960420408
0.3285886732442594
0.3268533902680544
0.3297733210527992
0.3268533902680544
0.32685331551016994
0.3283985300784361
0.7957372607177207
0.3268533902680544
0.326911587732585
0.32687808586756706
0.32685331551016994
0.32685331551016994
0.3269108906725303
0.3268533902680544
0.32685331551016994
0.3297890519213675
0.3268533902680544
0.32685331551016994
0.32685331551016994
0.3268526932079997
0.3268533902680544
0.32685276796588414
0.32685331551016994
0.32685331551016994
0.3268533902680544
0.3268533902680544
0.3268533902680544
0.32685331551016994
0.32685331551016994
0.32685331551016994
1.4519773186103555
0.3292347827486515
0.32685331551016994
0.3268709475934026
0.32685331551016994
0.32685331551016994
0.3268533902680544
0.3274143694748356
0.3268709475934026
0.3268533902680544
0.3268533902680544
0.32685331551016994
0.32685276796588414
0.3268533902680544
0.32685331551016994
0.3268533902680544
0.3268533902680544
0.3268533902680544
0.3268533902680544
0.32685331551016994
0.32685331551016994
0.3268533902680544
0.3268533902680544
0.32685331551016994
0.3268533902680544
0.32685331551016994
0.32685331551016994
0.3268533902680544
0.3773285492250815
0.3285787369983459
0.6755634025965188
0.3268533902680544
0.32685276796588414
0.32685331551016994
0.32687102235128707
0.3268533902680544
0.3292494673443662
1.4414505322587012
0.32687102235128707
0.32685276796588414
0.3268533902680544
0.32685331551016994
0.32685331551016994
0.3268533902680544
0.3268526932079997
0.32685331551016994
0.32685331551016994
0.3268704000491168
0.3268533902680544
0.3268533902680544
0.3268533902680544
0.3268533902680544
0.3292347827486515
0.32685331551016994
0.3274138219305498
0.3268533902680544
0.32685331551016994
0.3269362085742133
0.32685331551016994
0.3268533902680544
0.3268533902680544
0.32685331551016994
0.7957372607177207
0.32685276796588414
0.4242565408460075
0.3268533902680544
0.32685331551016994
0.3268533902680544
0.32685331551016994
0.32685331551016994
0.3292594035902798
0.3268526932079997
0.32685276796588414
0.3268533902680544
0.3385395345599872
0.32685331551016994
0.3268533902680544
0.3268533902680544
0.32685331551016994
0.3268533902680544
0.5668306098571383
0.3315092263311745
0.3268533902680544
0.32685331551016994
0.32685276796588414
0.32685331551016994
0.32685331551016994
0.32685331551016994
0.3268533902680544
0.35474819434337734
0.33077906254668665
0.32685331551016994
0.32691151297470056
0.32685331551016994
0.3268533902680544
0.3268533902680544
0.32685331551016994
0.3268533902680544
0.32685331551016994
0.32693628333209773
0.3268533902680544
0.3268533902680544
0.3268533902680544
0.3268533902680544
0.3268533902680544
0.3268533902680544
0.32685331551016994
0.32685331551016994
0.3268533902680544
0.32687808586756706
0.3268533902680544
0.3268533902680544
0.3268533902680544
0.32685331551016994
0.3268533902680544
0.32685331551016994
0.3268774635653968
0.3268526932079997
0.32685331551016994
0.3268533902680544
0.32685331551016994
0.32685331551016994
0.32685276796588414
0.3268533902680544
0.32685331551016994
0.32685331551016994
0.32685331551016994
0.3268533902680544
0.3547235735017491
0.32685276796588414
0.42528524885700225
0.32685331551016994
0.32685331551016994
0.32685331551016994
0.3268533902680544
0.32685331551016994
0.32685331551016994
0.3268526932079997
0.3307784402445164
0.3268533902680544
0.3268533902680544
0.3268533902680544
0.32687102235128707
0.32685331551016994
0.3268533902680544
0.3268533902680544
0.3285886732442594
0.32685331551016994
0.3268533902680544
0.3268533902680544
0.35472295119957886
0.3268533902680544
0.3268526932079997
0.32685276796588414
0.3268533902680544
0.3268533902680544
0.32685331551016994
0.3268533902680544
0.3268533902680544
0.5668296562675345
0.32685276796588414
0.3268533902680544
0.3268533902680544
0.3268533902680544
0.32685331551016994
0.3268533902680544
0.32685331551016994
0.3547235735017491
0.9504594396517244
0.3268533902680544
0.32685331551016994
0.32685331551016994
0.3268533902680544
0.32685331551016994
0.32685276796588414
0.3268533902680544
0.3268533902680544
0.32685331551016994
0.32685331551016994
0.3268533902680544
0.3268533902680544
0.3268533902680544
0.3268533902680544
0.32685276796588414
0.3268533902680544
0.3268533902680544
0.4468497242395054
0.3268533902680544
0.3268533902680544
0.3285887480021438
0.32685331551016994
0.3268533902680544
0.3268533902680544
0.3547235735017491
0.553492285786112
0.3268533902680544
0.32685331551016994
0.3268533902680544
0.32685331551016994
0.32685331551016994
0.32685331551016994
0.32685331551016994
0.3268533902680544
0.3297915006803177
0.32685331551016994
0.3268533902680544
0.32685331551016994
0.3268533902680544
0.32685331551016994
0.32685331551016994
0.32685331551016994
0.3268533902680544
0.3268533902680544
0.3268533902680544
0.35472295119957886
0.3268709475934026
0.8912250209908006
0.9504584860621205
0.32685331551016994
0.3268533902680544
0.3268533902680544
0.32685331551016994
0.3268533902680544
0.32685331551016994
0.3285887480021438
0.3278990000831851
0.3268533902680544
0.32685331551016994
0.3268526932079997
0.32685331551016994
0.3268533902680544
0.32685331551016994
0.3268533902680544
0.3268533902680544
0.3268533902680544
0.32685331551016994
0.32839844149697445
0.32685331551016994
0.3268533902680544
0.3268533902680544
0.3268526932079997
0.3268533902680544
0.3268533902680544
0.3285886732442594
0.3268533902680544
0.32685331551016994
0.32685331551016994
0.3268533902680544
0.32685276796588414
0.32685276796588414
0.3268533902680544
0.3268533902680544
0.32685331551016994
0.32685331551016994
0.3268533902680544
0.3268533902680544
0.3268526932079997
0.3268533902680544
0.32685276796588414
0.3268533902680544
0.32685331551016994
0.3268774635653968
0.32685331551016994
0.32685331551016994
0.3268533902680544
0.32685331551016994
0.5668801186043679
0.8189067716199568
0.32977394335496946
0.32685331551016994
0.32685331551016994
0.3268533902680544
0.32685276796588414
0.32685331551016994
0.3268526932079997
0.32685331551016994
0.3268533902680544
0.32685331551016994
0.3268533902680544
0.32839844149697445
0.35472349874386466
0.3268533902680544
0.32687808586756706
0.34654968327783275
0.32685331551016994
0.3268533902680544
0.32685331551016994
0.8665505399940734
0.3268533902680544
0.3268533902680544
0.32839915238060635
0.32685276796588414
0.3268533902680544
0.3278408773765389
0.32741444423272004
0.32685331551016994
0.32685331551016994
0.3268533902680544
0.32685276796588414
0.3268533902680544
0.32685331551016994
0.3268533902680544
0.32685331551016994
0.32685331551016994
0.3547235735017491
0.32685331551016994
0.32685331551016994
0.32685331551016994
0.32685331551016994
0.3268533902680544
0.32685276796588414
0.32839844149697445
0.8914120376188185
0.32685331551016994
0.3268533902680544
0.32685331551016994
0.3268533902680544
0.32685331551016994
0.32685331551016994
0.3268533902680544
0.4242869981129621
0.32685331551016994
0.32685331551016994
0.32685276796588414
0.32685331551016994
0.3274143694748356
0.32685276796588414
0.3268533902680544
0.3268533902680544
0.8912250209908006
0.32691151297470056
0.3268533902680544
0.3268533902680544
0.3268533902680544
0.7960324352958629
0.32685331551016994
0.3268533902680544
0.32687102235128707
0.32685331551016994
0.3285887480021438
0.3268533902680544
0.5674422551425813
0.32685331551016994
0.32685331551016994
0.3268526932079997
0.3268533902680544
0.3268533902680544
0.3268533902680544
0.3268533902680544
0.3268533902680544
0.32685276796588414
0.32685331551016994
0.32685331551016994
0.36067666858947584
0.33853816948181015
0.3268533902680544
0.32839844149697445
0.32685331551016994
0.3268533902680544
0.3268709475934026
0.32685331551016994
0.3268533902680544
0.3268533902680544
0.8912319881690218
0.8912240674011968
0.3465497580357172
0.3268533902680544
0.3268533902680544
0.32685331551016994
0.32687808586756706
0.32687102235128707
0.3268533902680544
0.3285886732442594
0.3268533902680544
0.3547235735017491
0.32685331551016994
0.3268533902680544
0.3268533902680544
0.32685331551016994
0.3268526932079997
0.3268533902680544
0.3268533902680544
0.32685276796588414
0.3268526932079997
0.3268533902680544
0.32685331551016994
0.3547235735017491
0.3268533902680544
0.3268533902680544
0.3268533902680544
0.32685331551016994
0.34711081200038285
0.3268533902680544
0.32685276796588414
0.3268533902680544
0.3268533902680544
0.32685331551016994
0.32687808586756706
0.3268533902680544
0.3268533902680544
0.3385382442396946
0.32685276796588414
0.32685331551016994
0.32685276796588414
0.3268709475934026
0.34711081200038285
0.32685331551016994
0.3381299798642556
0.4242862872293302
0.3268533902680544
0.3268533902680544
0.32685331551016994
0.32685276796588414
0.3547228764416944
0.32784025507436865
0.32685331551016994
0.32685276796588414
0.3268533902680544
0.32685331551016994
0.32685331551016994
0.32685331551016994
0.32685331551016994
0.32685331551016994
0.3268533902680544
0.3268533902680544
0.3268533902680544
0.3268533902680544
0.32685331551016994
0.32685331551016994
0.32685331551016994
0.32685331551016994
0.32685331551016994
0.32685331551016994
0.3268533902680544
0.3268533902680544
0.3268526932079997
0.3268526932079997
0.32685331551016994
0.3268709475934026
0.3268533902680544
0.3268533902680544
0.3268533902680544
0.32979157543820214
0.3289574208986534
0.3268533902680544
0.3268533902680544
0.32685331551016994
0.3268526932079997
0.3268533902680544
0.32685331551016994
0.32687102235128707
0.32685276796588414
0.3268533902680544
0.3268533902680544
0.3268533902680544
0.3268533902680544
0.32685276796588414
0.32685276796588414
0.32685331551016994
0.32685331551016994
0.32685276796588414
0.3268533902680544
0.32687808586756706
0.32685331551016994
0.5238745103502453
0.3274143694748356
0.3268533902680544
0.32979157543820214
0.32685331551016994
0.4565184162946556
0.3268533902680544
0.329773868597085
0.32685331551016994
0.3268533902680544
0.32685331551016994
0.3268526932079997
0.32685331551016994
0.32685331551016994
0.3268533902680544
0.3268533902680544
0.3289581317822853
0.33818817732878625
0.3268533902680544
0.32685331551016994
0.32685331551016994
0.3268533902680544
0.3268533902680544
0.3268533902680544
0.3268533902680544
0.3268526932079997
0.3268533902680544
0.32685331551016994
0.3268533902680544
0.3268533902680544
0.32685331551016994
0.3268533902680544
0.3268533902680544
0.32741444423272004
0.3268533902680544
0.3268533902680544
0.3268533902680544
0.3268533902680544
0.3268709475934026
0.3268533902680544
0.3268533902680544
0.3285886732442594
0.3268533902680544
0.326911587732585
0.3268533902680544
0.354806391807908
0.32839915238060635
0.32685331551016994
0.3268533902680544
0.3268533902680544
0.3268533902680544
0.4242869981129621
0.3297915006803177
0.3278401803164842
0.3268533902680544
0.3268526932079997
0.3268526932079997
0.35472349874386466
0.3268533902680544
0.32685276796588414
0.3268533902680544
0.3268533902680544
0.32685331551016994
0.32685331551016994
0.32685331551016994
0.3292594783481642
0.3268533902680544
0.3268526932079997
0.3268533902680544
0.32685331551016994
0.3268526932079997
0.32685331551016994
0.32685331551016994
0.32685331551016994
0.3268533902680544
0.32685331551016994
0.3268780111096826
0.329773868597085
0.3268533902680544
0.32685331551016994
0.3268533902680544
0.3268526932079997
0.3547235735017491
0.3268526932079997
0.32685331551016994
0.32685331551016994
0.32685331551016994
0.3268533902680544
0.3268533902680544
0.3268533902680544
0.32685331551016994
0.3547235735017491
0.3268533902680544
0.3547412055849818
0.32741444423272004
0.32685331551016994
0.3268704000491168
0.3268526932079997
0.3292347827486515
0.3268533902680544
0.32979157543820214
0.3385382442396946
0.32784080261865445
0.3268533902680544
0.7957371859598362
0.3269108906725303
0.32685276796588414
0.3268533902680544
0.3268533902680544
0.32685331551016994
0.3268533902680544
0.3268533902680544
0.32685331551016994
0.32685331551016994
0.32693628333209773
0.32685331551016994
0.32685331551016994
0.3268533902680544
0.32685276796588414
0.32685331551016994
0.32685276796588414
0.32857866224046145
0.32685331551016994
0.3268533902680544
0.32685331551016994
0.32685331551016994
0.32685276796588414
0.3268533902680544
0.32685331551016994
0.3268533902680544
0.32784080261865445
0.32685331551016994
0.32685331551016994
0.32685331551016994
0.32685331551016994
0.3292594035902798
0.32685276796588414
0.3268533902680544
0.3268533902680544
0.32685331551016994
0.32685276796588414
0.32685331551016994
0.3268533902680544
0.32685331551016994
0.3268533902680544
0.3268533902680544
0.3547235735017491
0.3268533902680544
0.32784080261865445
0.3268533902680544
0.32685331551016994
0.3268533902680544
0.3268526932079997
0.3268533902680544
0.8912250209908006
0.32685331551016994
0.3268533902680544
0.329773868597085
0.32685331551016994
0.42425582996237565
0.32685276796588414
0.3268533902680544
0.3268533902680544
0.32685331551016994
0.3268533902680544
0.3268533902680544
0.3268533902680544
0.3268533902680544
0.32691151297470056
0.3268533902680544
0.3268533902680544
0.3268533902680544
0.3268533902680544
0.3268533902680544
0.32741444423272004
0.3268533902680544
0.32685331551016994
0.3268533902680544
0.3268780111096826
0.4242869981129621
0.3268533902680544
0.3268533902680544
0.3268533902680544
0.3268533902680544
0.3268533902680544
0.32685331551016994
0.3268526932079997
0.329773868597085
0.7960323605379784
0.3268533902680544
0.3268526932079997
0.3268533902680544
0.42447531275046557
0.3268526932079997
0.3269362085742133
0.3268533902680544
0.3547228764416944
0.32687102235128707
0.32685276796588414
0.32687808586756706
0.32687102235128707
0.32685276796588414
0.3268533902680544
0.3268526932079997
0.32685331551016994
0.3268533902680544
0.32685331551016994
0.3268533902680544
0.3268533902680544
0.3268533902680544
0.3268533902680544
0.32687808586756706
0.3268533902680544
0.4468490133558735
0.3268526932079997
0.3268533902680544
0.32685331551016994
0.8912240674011968
0.34711081200038285
0.32685276796588414
0.3268533902680544
0.3268533902680544
0.3268533902680544
0.3268533902680544
1.4414505322587012
0.32685276796588414
0.3268533902680544
0.3268533902680544
0.32685331551016994
0.3268533902680544
0.32685331551016994
0.3268533902680544
0.32685331551016994
0.3268533902680544
0.3268533902680544
0.35472349874386466
0.3268533902680544
0.32685331551016994
0.32685331551016994
0.3385382442396946
0.32685331551016994
0.32685331551016994
0.32685331551016994
0.32685331551016994
0.32685331551016994
0.32685331551016994
0.5668814184865086
0.3292594783481642
0.32685331551016994
0.32685331551016994
0.3268533902680544
0.32685331551016994
0.3465490609756625
0.3268533902680544
0.3268533902680544
0.32685331551016994
0.3297915006803177
0.32685276796588414
0.32685276796588414
0.3268533902680544
0.32685331551016994
0.3268533902680544
0.3268533902680544
0.3268533902680544
0.3268526932079997
0.32839844149697445
0.32685331551016994
0.32923470799076704
0.3268533902680544
0.3268533902680544
0.32685331551016994
0.3268533902680544
0.3268533902680544
0.32687102235128707
0.3268533902680544
0.7960324352958629
0.3268533902680544
0.3268533902680544
0.3268533902680544
0.3268526932079997
0.3268533902680544
0.3268533902680544
0.33813005462214
1.4414501097169305
0.32685276796588414
0.3268533902680544
0.35472295119957886
0.3268533902680544
0.32685331551016994
0.3274143694748356
0.32685276796588414
0.3268533902680544
0.32685331551016994
0.3268533902680544
0.9504594396517244
0.32685331551016994
0.3268533902680544
0.32685276796588414
0.3268533902680544
0.32687808586756706
0.32685331551016994
0.3268533902680544
0.3268533902680544
0.32685331551016994
0.3268533902680544
0.32685331551016994
0.32685276796588414
0.32685276796588414
0.3268533902680544
0.32685331551016994
0.33813005462214
0.3268533902680544
0.329773868597085
0.32685276796588414
0.32685331551016994
0.32685331551016994
0.32685331551016994
0.32685331551016994
0.3268533902680544
0.32685331551016994
0.3268533902680544
0.32922477174485354
0.3268533902680544
0.3278408773765389
0.3268533902680544
0.3268533902680544
0.32685331551016994
0.32685331551016994
0.32685331551016994
0.3268533902680544
0.3268533902680544
0.32685331551016994
0.32685331551016994
0.3268533902680544
0.3268533902680544
0.3268533902680544
0.32685331551016994
0.3268533902680544
0.32685331551016994
