0.32685331551016994
0.8490697895186636
0.3268526932079997
0.32685331551016994
0.32687102235128707
0.32685276796588414
0.32687808586756706
0.5821323373150242
0.44391234380376454
0.32685331551016994
0.32691151297470056
0.326911587732585
1.5809029848407385
0.3268526932079997
0.8912250209908006
0.34875346469659607
0.32685276796588414
0.3268533902680544
0.32923470799076704
0.32685331551016994
0.3385964417042252
0.32685331551016994
0.3283978191948042
0.326911587732585
0.32685331551016994
0.3268526932079997
0.32741444423272004
0.3268533902680544
0.32863693446287656
0.3268533902680544
0.3547235735017491
0.3268533902680544
1.4414520288760948
0.3268526932079997
0.32839844149697445
0.32685331551016994
0.5668306098571383
0.3268774635653968
0.32685276796588414
0.5668306098571383
0.3268533902680544
0.4556679357818114
0.32839844149697445
0.32685276796588414
0.3547482691012618
0.3268533902680544
0.3268526932079997
0.3471107372424984
0.8924463242244032
0.535839950951835
0.3268956431929153
0.3268533902680544
0.3268780111096826
0.3268780111096826
0.32685331551016994
0.32685331551016994
0.32685331551016994
0.3269362085742133
0.5668306098571383
0.32685331551016994
0.3465673901189499
0.3268533902680544
0.32685276796588414
0.32839844149697445
0.891386388429702
0.32687808586756706
0.3268526932079997
0.32687808586756706
0.32685331551016994
0.8912240674011968
0.32685331551016994
0.32685331551016994
0.33853816948181015
0.32685276796588414
0.4468497242395054
0.3268533902680544
0.328957509480115
0.42425582996237565
0.32691151297470056
0.32685331551016994
0.3268526932079997
0.3268533902680544
0.3547235735017491
0.3268704000491168
0.3268533902680544
0.32685276796588414
0.3268533902680544
0.32685331551016994
0.33853816948181015
0.7960077396963502
0.3293075900510125
0.3268533902680544
0.3646661969986753
0.32685331551016994
0.5716373887467995
0.36464157615704706
0.32685331551016994
0.3268774635653968
0.3268526932079997
0.32685331551016994
0.3268533902680544
0.32685331551016994
1.4414510735002701
0.3268533902680544
0.3268533902680544
0.3471283693257311
0.3268780111096826
0.3268703252912324
0.3268526932079997
1.4414510735002701
0.3381299798642556
0.3268526932079997
0.3268526932079997
0.32784080261865445
0.8912250209908006
0.32741444423272004
0.5246079338681527
0.32685276796588414
0.3268533902680544
0.32687808586756706
0.3268533902680544
0.32685331551016994
0.3268774635653968
0.3274143694748356
0.3268533902680544
0.32685276796588414
0.326911587732585
0.42425582996237565
0.32687808586756706
0.3268950956486295
0.3547816962083953
0.32685331551016994
0.3268533902680544
0.32685276796588414
0.32923470799076704
0.32687808586756706
0.3268533902680544
0.32685331551016994
0.3268533902680544
0.3268526932079997
0.3268533902680544
0.32685331551016994
1.2349518804862047
0.4242862872293302
0.4480015875906763
0.32685331551016994
0.3284231370964871
0.8917833985934511
0.32979157543820214
0.3285886732442594
0.3268533902680544
0.3268780111096826
0.326911587732585
0.3268526932079997
0.3268533902680544
0.3268533902680544
0.32685331551016994
0.32685331551016994
0.3643750871814207
0.34654968327783275
0.32685331551016994
0.32685331551016994
0.3268780111096826
0.32685331551016994
0.3274143694748356
0.3268526932079997
0.32685276796588414
0.3268533902680544
0.32685276796588414
0.5239048928593155
0.32685331551016994
0.3268533902680544
0.3268533902680544
0.32685276796588414
0.33853762193752435
0.32685331551016994
0.32860335783997413
0.326911587732585
0.3268533902680544
0.3285887480021438
0.3547817709662797
0.3268526932079997
0.9725683715646705
0.3268773888075124
0.6639854625021359
0.32685331551016994
0.32786495067388133
0.3381293575620853
0.32687808586756706
0.3268533902680544
0.8912319881690218
0.3268533902680544
0.3402735272158996
1.605126715763663
0.3268533902680544
0.32685331551016994
0.3268780111096826
0.523874435592361
0.32685276796588414
0.32685331551016994
0.3381299798642556
0.3268533902680544
0.32685331551016994
0.3292347827486515
0.32687808586756706
0.3268533902680544
0.34711081200038285
0.7960323605379784
0.3268533902680544
0.32685276796588414
0.32685331551016994
0.32685276796588414
0.34600944783997295
0.32687102235128707
0.32864687070879006
0.3268533902680544
0.3268533902680544
0.3268533902680544
0.32685331551016994
1.4196545252111463
0.3268533902680544
0.3646661969986753
0.8914110840292147
0.32685276796588414
0.33853816948181015
0.32685331551016994
0.32977394335496946
0.3268533902680544
0.3268533902680544
0.32685276796588414
0.3268533902680544
0.3465497580357172
0.3268780111096826
0.3268533902680544
0.32685276796588414
0.5668283563853936
0.3268774635653968
1.4414510735002701
0.3385382442396946
0.3268533902680544
0.3268526932079997
0.32685331551016994
0.32687808586756706
0.3268533902680544
0.3268533902680544
0.32685331551016994
0.3268533902680544
0.3268533902680544
0.32685331551016994
0.3268533902680544
0.3268533902680544
0.42425582996237565
0.8894187176682204
0.42447138140658247
0.7957618815593489
0.3268533902680544
0.32741374717266536
0.32691151297470056
0.3268773888075124
0.3268526932079997
0.32685276796588414
0.3268533902680544
0.32691151297470056
0.3268526932079997
0.32685331551016994
0.8912250209908006
0.9504584860621205
0.3268533902680544
0.32685331551016994
0.33853762193752435
0.32685331551016994
0.32691151297470056
0.7957618815593489
0.3269108906725303
0.35472349874386466
0.32685331551016994
0.32842384798011903
0.3268774635653968
0.326911587732585
0.3268526932079997
0.3268526932079997
0.3268526932079997
0.3268533902680544
1.4414510735002701
0.32687102235128707
0.32687102235128707
0.3268526932079997
0.32685276796588414
0.32685276796588414
0.32685331551016994
0.3547228764416944
0.32784080261865445
0.36466627175655975
0.3547228764416944
0.3268774635653968
0.3269291450579333
0.3268526932079997
0.32687808586756706
0.32692852275576306
0.3268533902680544
0.3268533902680544
0.32691151297470056
0.326911587732585
0.32685276796588414
0.32687102235128707
0.3285886732442594
0.5668293099749976
0.32687102235128707
0.34711081200038285
0.32685331551016994
0.326911587732585
0.3269108906725303
0.32685276796588414
0.3547235735017491
0.3297733210527992
0.3269362085742133
0.32687102235128707
1.419655066452715
0.32687808586756706
0.3268526932079997
0.32685276796588414
0.32784080261865445
0.3285886732442594
0.3268526932079997
0.3268533902680544
1.5571473844595665
0.3268780111096826
0.8605931852616597
0.35472295119957886
0.7320968763851383
0.3268774635653968
1.4414401137907518
0.3268533902680544
0.3268526932079997
0.32685331551016994
0.32685331551016994
0.3268533902680544
0.3268526932079997
0.3268526932079997
0.32685331551016994
0.32685331551016994
1.4616726467915813
0.3547475720412071
0.3268533902680544
0.3268780111096826
0.3268533902680544
0.32857866224046145
0.3268533902680544
0.32685331551016994
0.36464157615704706
0.3285787369983459
0.32685276796588414
0.32685276796588414
0.3268526932079997
0.32691151297470056
1.4414501097169305
0.797333131723203
0.3268526932079997
0.32685331551016994
0.32922477174485354
0.44391305468739645
0.32685331551016994
0.3268533902680544
0.3285887480021438
0.3285887480021438
0.3268533902680544
0.32691151297470056
0.523874435592361
0.3268533902680544
0.32687808586756706
0.3278408773765389
0.5668306098571383
0.3289574208986534
0.3268533902680544
0.8914120376188185
1.4414514960420408
0.3268526932079997
0.3268533902680544
0.3268526932079997
0.32685331551016994
0.5821557330323962
0.3268533902680544
0.32685331551016994
0.3268533902680544
0.32687808586756706
1.4414405436030535
0.3268526932079997
0.3268533902680544
0.3268533902680544
0.32685331551016994
0.5238745103502453
0.32685331551016994
0.33813005462214
0.3268533902680544
0.32977394335496946
0.3268526932079997
0.7958330336030156
0.7459429554032664
0.8912250209908006
0.34656771635802
0.3268533902680544
0.32685276796588414
0.32685331551016994
0.3268533902680544
0.4468490133558735
0.32691151297470056
0.566856722886996
0.3268533902680544
0.32685331551016994
0.3292594783481642
0.3268526932079997
0.3268533902680544
0.3268773888075124
0.32685331551016994
0.32685331551016994
0.3268533902680544
0.3268526932079997
0.3268526932079997
0.3268533902680544
0.32685331551016994
2.157238106227636
0.33856293983920727
0.32685331551016994
0.5239049676172
0.326911587732585
0.3268533902680544
0.3268533902680544
0.32685331551016994
0.3547235735017491
0.32693628333209773
0.3268526932079997
0.34090962571649375
0.3268526932079997
0.32685331551016994
0.32685331551016994
0.32685331551016994
0.32685331551016994
0.32685331551016994
0.8912487630007094
0.32685331551016994
0.523874435592361
0.33856286508132283
0.3385382442396946
0.32898353317061185
0.3268774635653968
0.4691425308703857
0.326935586272043
0.3268533902680544
0.32840056905305215
0.35472349874386466
0.326911587732585
1.5571373969409021
0.4468490133558735
0.3268526932079997
0.32685331551016994
0.8914110840292147
0.3268526932079997
0.3268780111096826
0.3268773888075124
0.32685331551016994
0.891394309197527
0.32693628333209773
0.3268526932079997
0.3268773888075124
0.32687808586756706
0.32687808586756706
0.42501705206858575
0.6710935418535088
0.3297732462949148
0.5239049676172
0.3268780111096826
0.3268533902680544
0.3646415013991626
0.3283985300784361
0.32691151297470056
0.32685331551016994
0.3268533902680544
0.3268533902680544
0.32691151297470056
0.3268533902680544
0.32685331551016994
0.3268780111096826
0.3268533902680544
0.32687102235128707
0.32693628333209773
0.3268533902680544
0.3268526932079997
0.32687808586756706
0.3268773888075124
0.32687808586756706
0.3268533902680544
0.5821323373150242
0.32685331551016994
0.32685331551016994
0.3278401803164842
0.3268526932079997
0.3268780111096826
0.3268533902680544
0.3268526932079997
1.4414401221982664
0.3385382442396946
0.3471107372424984
0.32685331551016994
0.32685276796588414
0.3268526932079997
0.32685276796588414
0.3268774635653968
0.32922477174485354
0.32687808586756706
0.3268533902680544
0.3268526932079997
1.4414514960420408
0.7957371859598362
0.4242565408460075
0.3268774635653968
0.32685331551016994
0.5238745103502453
0.32685331551016994
0.35472349874386466
0.7957619563172333
0.32685331551016994
0.32685331551016994
0.3268526932079997
0.32685331551016994
0.32693566102992744
0.3298320660616157
0.3646408790969924
0.32685331551016994
0.32685276796588414
0.3268526932079997
0.32685331551016994
0.32857866224046145
0.8914110840292147
0.32685331551016994
0.3268533902680544
0.32685331551016994
0.32691096543041476
0.7957372607177207
0.8886737826751036
0.3268774635653968
0.32685331551016994
0.32685331551016994
0.32685276796588414
0.32687808586756706
0.3269108906725303
0.32860638008537657
1.4414510735002701
0.32685331551016994
0.44394280107071915
0.3268533902680544
0.32685276796588414
0.3268533902680544
0.3268526932079997
0.3285787369983459
0.3268533902680544
1.4414505322587012
0.32685276796588414
0.3268526932079997
0.32687808586756706
0.3268774635653968
0.3268533902680544
0.32685331551016994
0.32687808586756706
0.5821310374328834
0.3659664358906577
0.32685331551016994
0.3268526932079997
0.3268774635653968
0.32685331551016994
0.32691151297470056
0.3268533902680544
0.329773868597085
0.3268780111096826
0.32687102235128707
0.32685331551016994
0.32685331551016994
0.32685276796588414
0.32685331551016994
0.32685276796588414
0.3268533902680544
0.3285886732442594
0.32685331551016994
0.8912250209908006
0.32685331551016994
0.7960324352958629
0.3268533902680544
0.32691151297470056
0.3297732462949148
0.3268780111096826
0.3268533902680544
0.32685331551016994
0.33853762193752435
0.3268533902680544
0.32685331551016994
0.3268526932079997
0.32691096543041476
0.32839915238060635
0.3646415013991626
0.32685331551016994
0.32685331551016994
2.14090486039954
0.3268526932079997
0.32685331551016994
0.3268533902680544
0.32685331551016994
0.32685331551016994
0.5246384658929918
0.3268533902680544
0.32923470799076704
0.8912250209908006
0.3268533902680544
0.3268533902680544
0.32691151297470056
0.32685276796588414
0.32693566102992744
0.3274320015580683
0.3268533902680544
1.5796363746463418
0.32685331551016994
0.5822683525031688
0.3268533902680544
0.3268526932079997
0.32685276796588414
1.4414524586883966
0.32685276796588414
0.3268526932079997
0.35474058328281155
0.3268533902680544
0.3268533902680544
0.32685331551016994
0.3268533902680544
0.32786549821816713
0.32685331551016994
0.32689571795079975
0.5238745103502453
0.3268526932079997
0.32685331551016994
1.4414514960420408
0.32685331551016994
0.3268533902680544
0.32691151297470056
0.3268533902680544
0.5668306098571383
0.32784080261865445
0.5668293099749976
0.3268533902680544
0.3268533902680544
0.32685276796588414
0.32687808586756706
0.34654968327783275
0.3283985300784361
0.3385382442396946
0.3268773888075124
0.3268533902680544
0.3268533902680544
0.3268533902680544
0.32685331551016994
0.3269362085742133
0.32839844149697445
0.5246079338681527
0.523874435592361
0.32685331551016994
0.32687808586756706
0.3268773888075124
0.3268780111096826
0.3268780111096826
0.32864687070879006
0.32839844149697445
0.3268533902680544
0.891386388429702
0.3465684272416519
0.8912240674011968
0.3268533902680544
0.4242869981129621
0.32687808586756706
0.3269108906725303
0.32691151297470056
0.8913442228489635
0.3268533902680544
0.3269362085742133
0.32685331551016994
0.3646661969986753
0.3268533902680544
0.326911587732585
0.32685331551016994
0.4468497242395054
0.3381547502216527
0.32685331551016994
0.32685331551016994
0.32685331551016994
0.326911587732585
0.3268533902680544
0.32685276796588414
0.32685331551016994
0.3286133688437721
0.326935586272043
0.364699076561523
0.32691151297470056
0.329773868597085
0.32685331551016994
0.3274143694748356
0.3268526932079997
0.32839915238060635
0.7957371859598362
0.32685276796588414
0.32685331551016994
0.32685331551016994
0.32685331551016994
0.3268526932079997
1.4414391584149269
0.3268533902680544
0.3286133688437721
0.7957618815593489
0.3268533902680544
0.5238745103502453
0.3268533902680544
0.5668296562675345
0.32685331551016994
0.3268526932079997
0.3268533902680544
0.32685276796588414
0.32685276796588414
0.3268526932079997
0.3268780111096826
0.4242869981129621
0.3268780111096826
0.32685331551016994
0.7960076649384658
0.3268780111096826
0.3283978191948042
0.32685331551016994
0.3268533902680544
0.32860630532749213
0.8894419453339306
0.32687808586756706
0.3285886732442594
0.3268533902680544
0.32685331551016994
0.3268526932079997
0.3268533902680544
0.34656780493948164
0.32685331551016994
0.3268533902680544
0.4222601819975652
1.4414510735002701
0.32687808586756706
0.35472349874386466
0.32685276796588414
0.8894187176682204
0.32685331551016994
0.32685331551016994
1.3957622474240008
0.3268533902680544
0.35472349874386466
0.3268533902680544
0.32685331551016994
0.326911587732585
0.3268956431929153
0.3268533902680544
0.7903298082451516
0.3268780111096826
0.32685276796588414
0.3268533902680544
0.326935586272043
0.32685276796588414
0.32685331551016994
0.3268526932079997
0.36469969886369324
0.5668283563853936
0.3268533902680544
0.32685276796588414
0.326911587732585
0.326935586272043
0.32685331551016994
0.797333131723203
1.4414514960420408
0.32685331551016994
1.4414391584149269
0.3274143694748356
0.326911587732585
0.32685331551016994
0.3268774635653968
0.3385382442396946
0.32687808586756706
0.32691151297470056
0.3268533902680544
0.3268533902680544
0.32687808586756706
0.8912329417586258
0.32685331551016994
0.326911587732585
0.7976550993436423
0.3268533902680544
0.7785283023080611
0.32687808586756706
0.3268526932079997
0.32685331551016994
0.3285787369983459
0.32685276796588414
0.3268533902680544
0.32685331551016994
0.32685331551016994
0.326911587732585
0.32685276796588414
0.326911587732585
0.32685331551016994
0.32685331551016994
0.32685331551016994
0.3268533902680544
0.32685331551016994
0.3268780111096826
0.32685331551016994
0.3268533902680544
0.32689571795079975
0.3268780111096826
0.3268773888075124
0.5668293099749976
0.3268773888075124
0.32687808586756706
0.3268780111096826
2.1564813279758237
0.32685276796588414
0.32685331551016994
0.3286133688437721
0.3268533902680544
0.5821313837254203
0.32685276796588414
0.326911587732585
0.32687808586756706
0.3268533902680544
1.5571473844595665
0.32691096543041476
0.3268709475934026
0.32687102235128707
0.32685331551016994
0.3268780111096826
0.3268533902680544
0.3268533902680544
0.32685331551016994
0.3268533902680544
0.32687808586756706
0.32687808586756706
0.35472349874386466
0.3268533902680544
0.32741374717266536
0.32685331551016994
0.3268526932079997
0.32685331551016994
0.32685331551016994
0.326911587732585
0.32786557297605157
0.3268526932079997
0.32685331551016994
0.3268526932079997
0.3268780111096826
0.3268533902680544
0.338562317537037
0.32685331551016994
0.32898211649816606
0.32685331551016994
0.32687808586756706
0.32687808586756706
0.32685331551016994
0.32786495067388133
0.32685331551016994
0.32687808586756706
0.32685331551016994
0.32685276796588414
0.3268780111096826
0.32685276796588414
0.3268773888075124
0.5668283563853936
0.3268526932079997
0.32685331551016994
0.42425976130625864
0.3268533902680544
0.326911587732585
0.3268950956486295
0.32693566102992744
0.32687808586756706
0.32685331551016994
0.32685331551016994
0.3274143694748356
0.3268774635653968
0.3268780111096826
0.8912250209908006
0.3268774635653968
0.32839915238060635
0.32685331551016994
0.3285887480021438
0.3268773888075124
0.3292347827486515
0.32685276796588414
1.4196545252111463
0.3268780111096826
0.34654913573354695
0.3268533902680544
0.3547482691012618
0.32685331551016994
0.32839844149697445
0.3268533902680544
0.3268526932079997
0.32687808586756706
0.32685276796588414
0.3638408033792545
0.3268533902680544
0.32685276796588414
0.3268526932079997
0.32685331551016994
0.8912250209908006
0.32689571795079975
0.34659241195753265
0.3268533902680544
0.3547482691012618
0.3285787369983459
0.32685276796588414
0.32786557297605157
0.32685331551016994
0.5674413015529773
0.3268526932079997
0.32685331551016994
0.32784080261865445
0.8894434132677331
0.32685331551016994
0.32685276796588414
0.32687808586756706
0.32685276796588414
0.3268533902680544
0.3268533902680544
0.32922477174485354
0.32691096543041476
0.3268533902680544
0.4242869981129621
0.32691151297470056
0.3269362085742133
0.3268533902680544
0.8914190047970398
0.33859636694634077
0.3269108906725303
0.3269362085742133
0.326911587732585
0.3268533902680544
0.3298320660616157
0.32685331551016994
0.32685331551016994
0.32685276796588414
0.32685331551016994
0.32685331551016994
1.4414534140642214
0.32685276796588414
0.32685331551016994
0.32687808586756706
0.32685276796588414
0.3268533902680544
0.32691151297470056
0.32685276796588414
0.3385382442396946
0.32685331551016994
0.32685331551016994
0.32685331551016994
0.326911587732585
0.8894177640786165
0.32685331551016994
0.32685276796588414
0.32839844149697445
0.32693628333209773
0.3268533902680544
0.32685276796588414
0.7960346074965317
0.32685276796588414
0.3268533902680544
0.326911587732585
0.3268780111096826
0.3268780111096826
0.32839844149697445
0.3268533902680544
0.5822696523853095
0.3268780111096826
0.32693628333209773
1.4414859822428363
0.32685331551016994
0.3268533902680544
0.3268533902680544
0.3268533902680544
1.419655066452715
0.32685331551016994
0.3268533902680544
0.32685331551016994
0.32691151297470056
0.3268533902680544
0.5821313837254203
0.3268526932079997
0.32685331551016994
0.32687808586756706
0.3268533902680544
0.3269108906725303
0.35472295119957886
0.3268533902680544
0.3268526932079997
0.3268533902680544
