0.3268526932079997
0.32685276796588414
0.32685276796588414
0.32685276796588414
0.32685331551016994
0.3268774635653968
0.3268526932079997
0.32685276796588414
0.3268526932079997
0.3268533902680544
0.3268533902680544
0.5238745103502453
0.3268780111096826
0.32685276796588414
0.32685276796588414
0.32685276796588414
0.3268533902680544
0.34656709405584973
0.35472295119957886
0.5669840508077318
0.32685276796588414
0.3268533902680544
0.32685276796588414
0.35474058328281155
0.32685276796588414
0.3268533902680544
0.32685276796588414
0.3268533902680544
0.3292347827486515
0.7326192340708146
0.3268526932079997
0.3268526932079997
0.3268533902680544
0.32685276796588414
0.3268704000491168
0.3268526932079997
0.3297733210527992
0.32685276796588414
0.32685276796588414
0.32685276796588414
0.32685276796588414
0.32685276796588414
0.32685276796588414
1.6422380026758006
0.3268704000491168
0.32922477174485354
0.32685276796588414
0.3268533902680544
0.32685276796588414
0.32866163006238924
0.32685276796588414
0.32685276796588414
0.3268533902680544
1.4414405447400374
0.3268526932079997
0.33813005462214
0.32685276796588414
0.32685276796588414
0.3268526932079997
0.3268533902680544
0.32926709942759896
0.32685276796588414
0.3268533902680544
0.3268533902680544
0.3268704000491168
0.3268533902680544
0.32685276796588414
0.32691096543041476
0.33818892010479307
0.3269532931131602
0.32685276796588414
0.32685276796588414
0.3268533902680544
0.3268533902680544
0.32685276796588414
0.3385382442396946
0.9316442119845645
0.3268526932079997
0.3268773888075124
0.3268703252912324
0.32687102235128707
0.9952937723083941
0.3268526932079997
1.4414510735002701
0.32685276796588414
0.32685276796588414
0.7960077396963502
0.32685276796588414
0.3268526932079997
0.32685276796588414
0.3278401803164842
0.3268526932079997
0.32685276796588414
0.32685276796588414
0.3268703252912324
0.32685331551016994
0.32685276796588414
0.32685331551016994
0.32685276796588414
1.4414401221982664
0.3285787369983459
0.32691096543041476
0.32685276796588414
0.3268703252912324
0.32685276796588414
0.32685276796588414
0.32685276796588414
0.32685276796588414
0.32685276796588414
0.5669675786348868
0.3268526932079997
0.32866163006238924
0.32685276796588414
0.32687102235128707
0.32685331551016994
0.7888296447075871
0.3268526932079997
0.32685276796588414
0.32685276796588414
0.5534923605439964
0.32685276796588414
0.32685276796588414
0.32926709942759896
0.8918867792095304
0.3268704000491168
0.32685331551016994
0.32685276796588414
0.9795610492142091
0.32685276796588414
0.3268773888075124
0.3268526932079997
0.7888470490482564
0.32685276796588414
0.32685276796588414
0.3285886732442594
0.32685276796588414
0.32685276796588414
0.3268704000491168
0.32685276796588414
0.3285787369983459
0.32685276796588414
0.7960346074965317
0.3268533902680544
0.32685276796588414
0.32685276796588414
0.5239049676172
0.3268526932079997
0.32685276796588414
0.32685276796588414
0.5668306098571383
0.3268526932079997
0.3268774635653968
0.32687102235128707
0.32685276796588414
0.32685331551016994
0.3268526932079997
0.32693566102992744
0.32685276796588414
0.32685276796588414
2.1624922677718263
1.4414514960420408
0.32685276796588414
0.3268533902680544
0.3268526932079997
0.32685276796588414
0.32685276796588414
0.32685276796588414
0.7958599761610816
0.3286615553045048
0.3268526932079997
0.3268704000491168
0.3268704000491168
0.32685276796588414
0.32693566102992744
0.32685276796588414
0.3268526932079997
0.3268704000491168
0.32685276796588414
0.32685276796588414
0.32979087837814747
0.32685276796588414
0.3381294323199697
0.32685276796588414
0.3269108906725303
0.32977394335496946
0.3268526932079997
0.3268526932079997
0.32685276796588414
0.3268526932079997
0.32685331551016994
0.32685276796588414
0.32685276796588414
0.5538451136021841
0.32685276796588414
0.32685276796588414
0.3292246969869691
0.3268703252912324
0.32685276796588414
1.0136503317475465
0.32685276796588414
0.9801199907228799
0.3268533902680544
0.3385388374999326
0.3268533902680544
0.32685276796588414
0.32685331551016994
0.3268526932079997
0.3268774635653968
0.32685276796588414
0.32685331551016994
0.3268533902680544
0.3268526932079997
0.3268533902680544
0.32685276796588414
0.32685276796588414
0.3268526932079997
0.3268526932079997
0.34656771635802
0.7960077396963502
0.3268533902680544
0.3268526932079997
0.32685276796588414
0.3268533902680544
0.3268533902680544
0.3381294323199697
0.3471101896982126
0.3268526932079997
0.32685276796588414
0.32784025507436865
0.32685276796588414
0.3268533902680544
0.3268526932079997
0.4243083487368864
0.32685276796588414
0.32685276796588414
0.3268526932079997
0.3268533902680544
0.32685276796588414
0.32685276796588414
0.32687102235128707
0.32685276796588414
0.3268526932079997
0.3268526932079997
0.9510187708439789
0.32685276796588414
0.32685276796588414
0.3268533902680544
0.32685276796588414
0.32685276796588414
0.32685276796588414
0.32857866224046145
0.3547235735017491
0.3268703252912324
0.32685276796588414
0.32685276796588414
0.3268533902680544
0.32685331551016994
0.3268533902680544
1.4414391584149269
0.3285887480021438
0.32685276796588414
0.32685276796588414
0.32685276796588414
0.32685276796588414
0.3268533902680544
0.9801199907228799
0.32685276796588414
0.32685276796588414
0.32685276796588414
0.32685276796588414
0.32685276796588414
0.3278648759159969
0.32685276796588414
0.3268533902680544
0.32685276796588414
0.3307613557055695
0.3268526932079997
0.32685276796588414
0.32685276796588414
0.32693566102992744
0.33853762193752435
0.3465490609756625
0.32685276796588414
0.32685276796588414
0.32685276796588414
0.32693628333209773
0.32685276796588414
0.3268526932079997
0.3465684272416519
0.32685276796588414
0.32685276796588414
0.3268774635653968
0.32685276796588414
0.32685276796588414
0.32685276796588414
0.3285787369983459
0.3268533902680544
0.32685276796588414
0.32685331551016994
0.32685276796588414
0.32685276796588414
0.3274138219305498
0.3268526932079997
0.32685276796588414
0.32789907484106956
0.32685276796588414
0.32685331551016994
0.3268774635653968
0.3268533902680544
0.3268533902680544
0.3268526932079997
0.3268704000491168
0.3268533902680544
0.32685331551016994
0.32685276796588414
0.3268526932079997
0.32685276796588414
0.32685276796588414
0.32685331551016994
0.3268533902680544
0.3268526932079997
0.32687808586756706
0.3268533902680544
0.35472295119957886
0.3268526932079997
0.3268704000491168
0.3268526932079997
0.32685276796588414
0.32687102235128707
0.5239049676172
0.32685331551016994
0.32685276796588414
0.3283985300784361
0.32685276796588414
0.3268533902680544
0.32685276796588414
0.32685276796588414
0.3268533902680544
0.3268526932079997
0.32685276796588414
0.7957640537600177
0.32685276796588414
0.32685276796588414
0.3268533902680544
0.3268704000491168
0.32685276796588414
0.3547235735017491
0.32685276796588414
0.3268526932079997
0.3268533902680544
0.3268526932079997
0.3268533902680544
0.32784025507436865
0.35472295119957886
0.32685276796588414
1.4414410775740913
0.3268533902680544
0.3269362085742133
0.3268533902680544
0.32685276796588414
0.32685331551016994
0.338130647882378
0.32685276796588414
0.3268526932079997
0.3268526932079997
0.32685331551016994
0.3268526932079997
0.32685276796588414
0.7960346074965317
0.4242862872293302
0.3268526932079997
0.32685276796588414
0.5668293099749976
0.32685276796588414
0.32685276796588414
0.3268526932079997
0.32685276796588414
0.32693566102992744
0.32685331551016994
0.3268533902680544
0.7957641285179022
0.32685276796588414
0.32685276796588414
0.34656780493948164
0.3268533902680544
0.3268533902680544
0.32685276796588414
2.162508687011617
0.3268533902680544
0.3268526932079997
0.3268526932079997
0.3268526932079997
0.3268526932079997
0.32693566102992744
0.32685276796588414
0.32685276796588414
0.3283985300784361
0.3268704000491168
0.3268533902680544
1.4414401221982664
0.3268533902680544
0.7322334554793032
0.32685276796588414
0.3268533902680544
0.32685276796588414
0.338130647882378
0.32685276796588414
1.4414401221982664
0.32685276796588414
0.32685276796588414
0.8188130961774461
0.32685276796588414
0.3268526932079997
0.35472295119957886
2.162504849711235
0.32685276796588414
0.32689502089074507
0.32860343259785857
0.4468801815064599
0.3465846578855698
0.3268533902680544
0.32685276796588414
0.32685276796588414
0.32685276796588414
0.32685276796588414
0.32685276796588414
0.3268526932079997
0.3268533902680544
0.3268526932079997
0.32685276796588414
0.32685276796588414
0.32685276796588414
0.32685276796588414
0.32685276796588414
0.3268704000491168
0.7957641285179022
0.32685276796588414
0.32685276796588414
0.3268526932079997
0.3268526932079997
0.32685276796588414
0.32685276796588414
0.3268533902680544
0.32685276796588414
0.32685276796588414
0.32685331551016994
0.32685276796588414
0.32685331551016994
0.5668283563853936
0.8894409917443267
0.32685276796588414
0.32685276796588414
0.32685276796588414
0.788847123806141
0.3268533902680544
0.32685276796588414
0.32685276796588414
0.33853762193752435
0.32685276796588414
0.32685276796588414
0.32685276796588414
0.32685331551016994
1.4414401221982664
0.3268526932079997
0.3268526932079997
0.32685276796588414
0.33813127018454825
0.3268526932079997
0.32685276796588414
0.32685276796588414
0.3268526932079997
0.32685276796588414
0.338130647882378
0.3268526932079997
0.3268526932079997
0.3278408773765389
0.3268526932079997
0.3268704000491168
0.3268526932079997
0.5669688785170275
0.32685276796588414
0.32685276796588414
0.5596293127212411
0.3385382442396946
0.32685276796588414
0.32685276796588414
0.32685276796588414
0.3268704000491168
0.32685276796588414
0.32685276796588414
0.32685276796588414
0.329773868597085
0.3268526932079997
0.3268533902680544
0.3283985300784361
0.3268533902680544
0.32685276796588414
0.32685276796588414
0.32685276796588414
0.32685276796588414
0.3268526932079997
0.3268526932079997
0.3292246969869691
0.32685276796588414
0.3268526932079997
0.32685276796588414
0.32685276796588414
0.32685276796588414
0.32685276796588414
0.32685276796588414
0.32685276796588414
0.3268526932079997
0.32922477174485354
0.32922477174485354
0.3268704000491168
0.3268526932079997
0.32685276796588414
1.4414514960420408
0.3268533902680544
0.32685276796588414
0.32685276796588414
0.32685331551016994
0.3268533902680544
0.8912319881690218
0.3268526932079997
0.32685276796588414
0.32685331551016994
0.3268526932079997
0.3268533902680544
0.32685276796588414
0.3268533902680544
0.32685276796588414
0.3278408773765389
0.32685276796588414
0.32685276796588414
0.3268703252912324
0.32685276796588414
0.3381294323199697
0.3268526932079997
0.3471101896982126
0.3268533902680544
0.32685276796588414
0.3268774635653968
0.32685276796588414
0.8188130961774461
0.32685276796588414
0.3268526932079997
0.3268533902680544
0.3268533902680544
0.32685276796588414
0.3268533902680544
0.32985613935895813
0.5821310374328834
0.32685276796588414
0.3268533902680544
0.32685276796588414
1.4414510735002701
1.4414514960420408
0.32685276796588414
0.32685276796588414
0.3283985300784361
0.3547228764416944
0.32693566102992744
0.32685276796588414
0.3279237704405823
0.32693628333209773
0.32685276796588414
0.553522817810951
0.32685276796588414
0.3268704000491168
0.32685276796588414
0.3268526932079997
0.32685276796588414
0.3268526932079997
0.3268526932079997
0.32685331551016994
0.32685276796588414
0.32685276796588414
0.32685276796588414
0.7960345327386473
0.32685276796588414
0.32685276796588414
0.5255218063211784
0.3268533902680544
0.32685276796588414
0.3268704000491168
0.32979087837814747
0.3268533902680544
0.3283985300784361
0.3268533902680544
0.32685276796588414
0.7957641285179022
0.32685276796588414
0.32687102235128707
0.5821818460622538
0.32685276796588414
0.32922477174485354
0.32687102235128707
0.3268526932079997
0.3268526932079997
0.3268526932079997
0.32685276796588414
0.32685276796588414
0.3268774635653968
0.32685276796588414
0.338130647882378
0.32685276796588414
0.32685276796588414
0.32685276796588414
0.32685276796588414
0.32685276796588414
0.32685276796588414
0.32685276796588414
0.3268533902680544
0.32685276796588414
0.3268526932079997
0.32685276796588414
0.32685276796588414
0.7903473621015898
0.3268526932079997
0.32685276796588414
0.33853762193752435
0.32685276796588414
0.32685276796588414
0.32685276796588414
0.32685276796588414
0.3268703252912324
0.32693566102992744
0.32685276796588414
0.3385375471796399
0.5668293099749976
0.32685276796588414
0.356047209710564
0.32685276796588414
0.3547228764416944
0.3274138219305498
0.32685276796588414
0.32685331551016994
0.3268526932079997
0.32685276796588414
0.3268773888075124
0.32685276796588414
0.32685276796588414
0.3268526932079997
0.32685276796588414
0.3268533902680544
0.3268526932079997
0.3268526932079997
0.3268526932079997
0.3268533902680544
0.3268704000491168
0.32685276796588414
0.3268526932079997
0.3268533902680544
0.3268533902680544
0.3268533902680544
0.3268526932079997
0.32685276796588414
0.32839844149697445
0.32685276796588414
0.3268526932079997
0.32685276796588414
0.32685331551016994
0.3268533902680544
0.327923148138412
0.32685276796588414
0.32860638008537657
0.32685276796588414
0.32685276796588414
0.4650921152581331
0.3283985300784361
0.32685276796588414
0.4468801815064599
0.3283985300784361
0.32685276796588414
0.3268533902680544
0.7957641285179022
0.32685276796588414
0.3606937531284228
0.32685276796588414
0.3268526932079997
0.3268533902680544
0.3268526932079997
0.3268526932079997
0.33813072264026245
0.32685331551016994
0.32685276796588414
0.32685276796588414
0.32685276796588414
0.3465497580357172
0.3297909531360319
0.32685276796588414
0.32685276796588414
0.3268704000491168
0.32685276796588414
0.32922477174485354
0.8912250209908006
0.3268526932079997
0.3268533902680544
0.9507498368958215
0.3268704000491168
0.32685276796588414
0.32685276796588414
0.32685331551016994
0.32685276796588414
0.3268533902680544
1.0239953886641082
0.32685276796588414
0.32685276796588414
0.3268704000491168
0.32685276796588414
0.32685276796588414
0.32685276796588414
0.3268533902680544
0.3278401803164842
0.3268526932079997
0.3297733210527992
0.3268533902680544
0.32693566102992744
1.4414405447400374
0.3268533902680544
0.3268533902680544
0.3268526932079997
0.3268533902680544
0.32685276796588414
0.35472295119957886
0.7960346074965317
0.32685276796588414
0.3268526932079997
0.32685276796588414
1.605141391881056
0.3268533902680544
0.32685276796588414
0.3268533902680544
0.32685276796588414
0.3547228764416944
0.32685276796588414
0.32685276796588414
0.32685276796588414
0.32922477174485354
0.32685276796588414
0.32685276796588414
0.4468490133558735
0.32695321835527574
0.32691096543041476
0.32685276796588414
0.34654913573354695
0.32685276796588414
0.32685276796588414
0.3268526932079997
0.32685276796588414
0.3268526932079997
0.32685276796588414
0.32685276796588414
0.32685276796588414
0.32685276796588414
0.33813072264026245
0.3268774635653968
0.3268533902680544
0.3268526932079997
0.8912329417586258
0.3268533902680544
0.3297915006803177
0.32687102235128707
0.32685276796588414
0.3268533902680544
0.32685276796588414
0.32685276796588414
0.5668293099749976
0.3268533902680544
0.3471101896982126
0.32685276796588414
0.32685276796588414
0.32685276796588414
0.32685276796588414
0.3268526932079997
0.32685276796588414
0.3268709475934026
0.3268533902680544
0.3268526932079997
0.3268526932079997
0.32685276796588414
0.32685276796588414
0.3297733210527992
0.32685276796588414
0.32685276796588414
0.32685331551016994
0.3268526932079997
0.7957372607177207
1.4414405447400374
0.32685276796588414
0.32685276796588414
0.32685276796588414
0.32685276796588414
0.32685276796588414
0.32685276796588414
0.8912319881690218
0.7957372607177207
0.32685276796588414
0.32685331551016994
0.5821310374328834
0.3268526932079997
0.32685276796588414
0.3283985300784361
1.4414395809566978
0.32685276796588414
0.32685276796588414
0.3547235735017491
0.32685276796588414
0.3268526932079997
0.32685276796588414
0.32685276796588414
0.3268704000491168
0.3268526932079997
0.3268533902680544
0.32685276796588414
0.32685276796588414
0.34657383133305963
0.32685276796588414
0.3269108906725303
0.32784025507436865
0.32685276796588414
0.3268774635653968
0.3268526932079997
0.7957641285179022
0.32685276796588414
0.32685276796588414
0.32685276796588414
0.3278401803164842
0.3465684272416519
0.326911587732585
0.3268533902680544
0.3269108906725303
0.3268526932079997
0.32979087837814747
0.3268533902680544
0.3268526932079997
0.3268526932079997
0.32685331551016994
0.3268526932079997
0.3268533902680544
0.8912250209908006
0.3297909531360319
0.33988002219405977
0.3268704000491168
0.3285787369983459
0.32685276796588414
0.32685276796588414
0.32685276796588414
0.5668293099749976
0.3268704000491168
0.3268526932079997
0.3268533902680544
0.5674917638898109
0.32685276796588414
0.3297733210527992
0.32691096543041476
0.32685276796588414
0.797333131723203
0.3268703252912324
0.7957640537600177
0.3268526932079997
0.3268526932079997
0.35472295119957886
0.3268533902680544
0.32685276796588414
0.32693566102992744
0.32685276796588414
0.32685276796588414
0.3268774635653968
0.32685276796588414
0.3268533902680544
0.3274390650743483
0.3268526932079997
0.32685276796588414
0.4242869981129621
0.33853762193752435
0.3297732462949148
0.32685276796588414
0.32685276796588414
0.32685276796588414
0.3268704000491168
0.3381293575620853
0.32685276796588414
0.3268533902680544
0.32685331551016994
0.32685331551016994
0.32687102235128707
0.32685276796588414
0.3268774635653968
0.32689571795079975
0.3268533902680544
0.32687102235128707
0.32685276796588414
0.3268774635653968
0.3268526932079997
0.32685276796588414
0.32685276796588414
0.32685276796588414
0.3268704000491168
0.3268533902680544
0.3268526932079997
0.32685276796588414
0.3268533902680544
0.3268703252912324
0.3268526932079997
0.32685276796588414
0.3268533902680544
0.32685276796588414
0.32685276796588414
0.7958599761610816
0.3297733210527992
0.32685276796588414
0.32685331551016994
0.32979087837814747
0.32685276796588414
0.32685276796588414
0.9504594396517244
0.3268703252912324
0.3268533902680544
0.32685276796588414
0.32685276796588414
0.32685276796588414
0.3268704000491168
0.32685276796588414
0.3268533902680544
0.32685276796588414
0.5668283563853936
0.32685276796588414
0.32685276796588414
0.3268703252912324
0.32685276796588414
0.33853762193752435
0.3268526932079997
0.3268703252912324
0.32685276796588414
0.3268709475934026
0.3274138219305498
0.5238745103502453
0.3268526932079997
0.32685276796588414
0.32685331551016994
0.32685276796588414
0.32685276796588414
0.32685276796588414
0.3268704000491168
0.32685276796588414
0.32685276796588414
0.3268526932079997
0.32685276796588414
0.35472295119957886
1.4414405447400374
0.32685276796588414
0.32685276796588414
0.7891175280268861
0.3465684272416519
0.32685276796588414
0.32685276796588414
0.34654913573354695
0.32685276796588414
0.4245057700174201
0.32685276796588414
0.3268526932079997
0.32685276796588414
0.3471930827622559
0.32685276796588414
0.8665773330363704
0.338130647882378
0.3268533902680544
0.4242862872293302
0.32691151297470056
0.32685276796588414
0.3268533902680544
0.32685276796588414
0.32685276796588414
0.32691096543041476
0.32685276796588414
0.3268703252912324
0.3274138219305498
0.3268526932079997
0.3268526932079997
0.32685276796588414
0.32685276796588414
0.32685276796588414
0.32691096543041476
0.3283985300784361
0.8912329417586258
0.32685276796588414
0.3268533902680544
0.3278401803164842
0.32685276796588414
0.32685276796588414
0.3268526932079997
0.32685276796588414
0.326935586272043
0.32685276796588414
0.3268703252912324
0.32685276796588414
0.3268533902680544
0.5239049676172
