0.32685276796588414
0.32685276796588414
0.3268526932079997
0.3268533902680544
0.32685276796588414
0.3268533902680544
0.32685276796588414
0.32685331551016994
0.3268533902680544
0.3268526932079997
0.32685276796588414
0.32685276796588414
0.3268526932079997
0.3268526932079997
0.3268533902680544
0.32685276796588414
0.32685276796588414
0.32685276796588414
0.32685276796588414
0.32685276796588414
0.3268533902680544
0.32685276796588414
0.32685276796588414
0.32685276796588414
0.32685276796588414
0.32685276796588414
0.32685276796588414
0.3268533902680544
0.3268526932079997
0.32685276796588414
0.32685276796588414
0.3268526932079997
0.32685276796588414
0.32685276796588414
0.32685276796588414
0.3268533902680544
0.32685276796588414
0.3268526932079997
0.32685276796588414
0.32685276796588414
0.32685276796588414
0.32685331551016994
0.32685276796588414
0.32685276796588414
0.32922477174485354
0.3268533902680544
0.3268526932079997
1.4421973012119997
0.32693628333209773
0.3268533902680544
0.3268533902680544
0.3268533902680544
0.32687102235128707
0.3268533902680544
0.3268526932079997
0.3268526932079997
0.32685276796588414
0.32685331551016994
0.32685276796588414
0.4229364363694114
0.3278408773765389
0.32685276796588414
0.3268533902680544
0.3471107372424984
0.32685276796588414
0.3268533902680544
0.3268533902680544
0.32685276796588414
0.3268533902680544
0.3297733210527992
0.32685331551016994
0.3268533902680544
0.32895679859648314
0.32685276796588414
0.3268526932079997
0.32685276796588414
0.32685331551016994
0.32685276796588414
0.32685276796588414
0.32685276796588414
0.32685276796588414
0.951026691611804
0.32685276796588414
0.32685331551016994
0.3268526932079997
0.3268526932079997
0.32685276796588414
0.32685276796588414
0.32685276796588414
0.3268533902680544
0.3268526932079997
0.3268533902680544
0.3268526932079997
0.3268533902680544
0.32685276796588414
0.5542258588197883
0.32685276796588414
0.3268533902680544
0.32685276796588414
0.3268533902680544
0.3268526932079997
0.32685331551016994
0.32922477174485354
0.32685276796588414
0.32685276796588414
0.32685276796588414
0.3268533902680544
0.32685276796588414
0.3268533902680544
0.32685331551016994
0.3268533902680544
0.32685276796588414
0.32839915238060635
0.32685276796588414
0.34654913573354695
0.32685331551016994
0.32685276796588414
0.3268526932079997
0.32685276796588414
0.5239049676172
0.32685276796588414
0.32685276796588414
0.3268533902680544
0.3268533902680544
0.32685331551016994
0.32685276796588414
0.3268526932079997
0.32685276796588414
0.32685276796588414
0.32685276796588414
0.32685276796588414
0.32685276796588414
0.32685276796588414
0.4242565408460075
0.32685276796588414
0.32685276796588414
0.32685276796588414
0.3268526932079997
0.32685276796588414
0.3268533902680544
0.3268533902680544
0.3268526932079997
0.32685276796588414
0.3268533902680544
0.3268533902680544
0.32685276796588414
0.32685276796588414
0.32685276796588414
0.3471101896982126
0.32685276796588414
0.3268526932079997
0.32685276796588414
0.32685276796588414
0.3268526932079997
0.3297732462949148
0.32685276796588414
0.32685276796588414
0.32685276796588414
0.3268526932079997
0.32685276796588414
0.3268533902680544
0.3268533902680544
0.32685276796588414
0.32685276796588414
0.3268533902680544
0.3268533902680544
1.4414405447400374
0.32685331551016994
0.32685276796588414
0.32685276796588414
0.32685276796588414
0.32685276796588414
0.32687102235128707
0.3268533902680544
0.3268533902680544
0.3268526932079997
0.32685276796588414
0.32685276796588414
0.3268533902680544
0.3268533902680544
0.32922477174485354
0.32685331551016994
0.3285787369983459
0.32685276796588414
0.3268533902680544
0.3268526932079997
0.32685276796588414
0.3268526932079997
0.32685276796588414
0.3268533902680544
0.3268533902680544
0.3268533902680544
0.3268709475934026
0.3268533902680544
0.32685331551016994
0.32685276796588414
0.32685276796588414
0.3268526932079997
0.32685276796588414
0.32685331551016994
0.32922477174485354
0.3268526932079997
0.3268533902680544
0.3268533902680544
0.32685276796588414
0.32685276796588414
0.3268533902680544
0.3547228764416944
0.32685276796588414
0.32685331551016994
0.34654913573354695
0.3547228764416944
0.32685276796588414
0.32691096543041476
0.3268533902680544
0.3268533902680544
0.3268526932079997
0.3268533902680544
0.32685276796588414
0.3268526932079997
0.3268526932079997
0.32685276796588414
0.328957509480115
0.32685276796588414
0.32685276796588414
0.32685276796588414
0.32685276796588414
0.3268533902680544
0.32685276796588414
0.4468497242395054
0.32685276796588414
0.32685331551016994
0.32685276796588414
0.3268533902680544
1.4414501097169305
0.3268774635653968
0.32685276796588414
0.32685276796588414
0.32685331551016994
0.3268533902680544
0.32685276796588414
0.3278401803164842
0.3268526932079997
0.35472295119957886
0.32685276796588414
0.32685276796588414
0.32685276796588414
0.3268526932079997
0.32685276796588414
0.32685276796588414
0.32685276796588414
0.3268526932079997
0.32685276796588414
0.32685276796588414
0.3292347827486515
0.3268533902680544
0.32685276796588414
0.32685276796588414
0.32685276796588414
0.32685276796588414
0.32685276796588414
0.3268533902680544
0.3268533902680544
0.32685276796588414
0.32685276796588414
0.32685276796588414
0.3268533902680544
0.3268533902680544
0.32685276796588414
0.32685276796588414
0.32685276796588414
0.3268526932079997
0.32685276796588414
0.32685276796588414
0.32685276796588414
0.3268526932079997
0.32685276796588414
0.32685276796588414
0.3268533902680544
0.32685276796588414
0.3268533902680544
0.3268526932079997
0.32685276796588414
0.32685276796588414
0.32685276796588414
0.32685276796588414
0.32685276796588414
0.3268774635653968
0.3268533902680544
0.3381294323199697
0.3268533902680544
0.32685276796588414
0.3268526932079997
0.32685276796588414
0.32685276796588414
0.3268533902680544
0.3297909531360319
0.32685331551016994
0.3268533902680544
0.553522817810951
0.3268526932079997
0.3268533902680544
0.32685276796588414
0.3297732462949148
0.32685276796588414
0.3268533902680544
0.3268526932079997
0.32685276796588414
0.3561054071750947
0.3268533902680544
0.3268533902680544
0.32685276796588414
0.32685276796588414
0.32685276796588414
0.32685276796588414
0.32685276796588414
0.3268526932079997
0.3268533902680544
0.3268533902680544
0.3292347827486515
0.5668544694152513
0.5542563160867429
0.32685331551016994
0.3471101896982126
0.3268533902680544
0.3268533902680544
0.3268526932079997
0.3268533902680544
0.32685276796588414
0.32685276796588414
0.32685276796588414
0.3268533902680544
0.3268526932079997
0.32922477174485354
0.3268533902680544
0.32685331551016994
0.32685276796588414
0.32685331551016994
0.32685276796588414
0.3268526932079997
0.32685276796588414
0.3268533902680544
0.32685276796588414
0.3268533902680544
0.32685331551016994
0.32685276796588414
0.3268703252912324
0.32685276796588414
0.32685331551016994
0.32685276796588414
0.32685276796588414
0.35472295119957886
0.3268526932079997
0.32685331551016994
0.32685276796588414
0.32685276796588414
0.3268533902680544
0.32685276796588414
0.3268533902680544
0.7957640537600177
0.3268526932079997
0.32685276796588414
0.32685276796588414
0.3547228764416944
0.33853762193752435
0.32685276796588414
0.32685276796588414
0.32685276796588414
0.3268526932079997
0.3268533902680544
0.32685276796588414
0.3268526932079997
0.3268533902680544
0.3268526932079997
0.32685276796588414
0.32685276796588414
0.3667760368601213
0.32784025507436865
0.32685276796588414
0.3268526932079997
0.32685276796588414
0.32685276796588414
0.32685276796588414
0.32685276796588414
0.32685276796588414
0.3268533902680544
0.3381294323199697
0.32685276796588414
0.32685276796588414
0.32685331551016994
0.32685276796588414
0.3268526932079997
0.32685276796588414
0.32685276796588414
0.32685276796588414
0.3268533902680544
0.32685276796588414
0.3268533902680544
0.32685276796588414
0.32685276796588414
0.3268533902680544
0.32685276796588414
0.3268533902680544
0.3268533902680544
0.32685276796588414
0.32685276796588414
0.3268533902680544
0.3268533902680544
0.3268526932079997
0.7957619563172333
0.3268533902680544
0.32685276796588414
0.32685276796588414
0.3274138219305498
0.35472295119957886
0.32685276796588414
0.3268526932079997
0.3268533902680544
0.32685276796588414
0.3268773888075124
0.32685276796588414
0.32685331551016994
0.3268533902680544
0.32685276796588414
0.326935586272043
0.3268533902680544
0.32685276796588414
0.3268526932079997
0.3268526932079997
0.32685276796588414
0.32685276796588414
0.32685276796588414
0.32685276796588414
0.32685276796588414
0.32685276796588414
0.32685276796588414
0.32685276796588414
0.3268533902680544
0.32685276796588414
1.4528187232667171
0.32685276796588414
0.32685276796588414
0.33853762193752435
0.32685276796588414
0.32685276796588414
0.3268533902680544
0.32685276796588414
0.32685276796588414
0.3570425681049686
0.32685276796588414
0.3268526932079997
0.3268773888075124
0.3268533902680544
0.4808297986822323
0.32693566102992744
0.32685276796588414
0.32685331551016994
0.3268526932079997
0.3268526932079997
0.32685276796588414
0.3278401803164842
0.8185426171988166
0.3268533902680544
0.32685276796588414
0.3381294323199697
0.3268533902680544
0.32685276796588414
0.3268533902680544
0.32685276796588414
0.3268526932079997
0.32685276796588414
0.32685331551016994
0.32685276796588414
0.3268526932079997
0.32685276796588414
0.3268533902680544
0.32685276796588414
0.5668814184865086
0.32685276796588414
0.3268533902680544
0.32685276796588414
0.32685331551016994
0.32693566102992744
0.32685276796588414
0.3268533902680544
0.32685276796588414
0.32685276796588414
0.3268533902680544
0.3268533902680544
0.3268526932079997
0.32685276796588414
0.4242565408460075
0.3667754145579511
0.32685276796588414
0.3268526932079997
0.3268533902680544
0.32685276796588414
0.32687808586756706
0.3268526932079997
0.32685276796588414
0.326935586272043
0.35472349874386466
0.32685276796588414
0.32685276796588414
0.32784080261865445
0.3268533902680544
0.3268526932079997
0.32685276796588414
0.32685276796588414
0.32685276796588414
0.3547228764416944
0.32685276796588414
0.3268533902680544
0.32685276796588414
0.32685276796588414
0.3268533902680544
0.3268526932079997
0.32685276796588414
0.3268533902680544
0.32685331551016994
0.32685276796588414
0.3268526932079997
0.3268526932079997
0.32685276796588414
0.3268526932079997
0.3268533902680544
0.32685276796588414
0.3268533902680544
0.32685276796588414
0.5238745103502453
0.7957619563172333
0.3268533902680544
0.32685276796588414
0.32685276796588414
0.32685276796588414
0.32685276796588414
0.3471101896982126
0.32685276796588414
0.32685276796588414
0.32685276796588414
0.32685276796588414
0.32685276796588414
0.32685331551016994
0.32685276796588414
0.32685276796588414
0.32685276796588414
0.3268533902680544
0.3268526932079997
0.3268533902680544
0.32685276796588414
0.32685276796588414
0.3667754145579511
0.32685276796588414
0.32685276796588414
0.32685276796588414
0.32685276796588414
0.3268533902680544
0.3268533902680544
0.3268533902680544
0.32685276796588414
0.32685276796588414
0.3268533902680544
0.32687102235128707
0.32685276796588414
0.3268533902680544
0.32685331551016994
0.32685276796588414
0.3268526932079997
0.32685276796588414
0.35472295119957886
0.3268533902680544
0.3268526932079997
0.32685276796588414
0.32685276796588414
0.32685276796588414
0.32693566102992744
0.32685276796588414
0.32685276796588414
0.32685331551016994
1.4414391584149269
0.3268526932079997
0.328957509480115
0.32685276796588414
0.32685276796588414
0.3268533902680544
0.3268526932079997
0.3268526932079997
0.3268526932079997
0.3268533902680544
0.3268533902680544
0.32685331551016994
0.32685276796588414
0.32685276796588414
0.3268533902680544
0.32685276796588414
0.3268533902680544
0.3268533902680544
0.3268526932079997
0.32685276796588414
0.32685276796588414
0.3268533902680544
0.3268533902680544
0.32685276796588414
0.3268533902680544
0.32685276796588414
0.3268533902680544
0.32685276796588414
0.3268533902680544
0.32685331551016994
0.3292347827486515
0.32685331551016994
0.32685276796588414
0.3547228764416944
0.32685276796588414
0.32685276796588414
0.32685276796588414
0.32685276796588414
0.3289581317822853
0.32685276796588414
0.3268526932079997
0.32685276796588414
0.3268526932079997
0.3268533902680544
0.32685276796588414
0.32685276796588414
0.33853762193752435
0.32685276796588414
0.32685276796588414
0.3268533902680544
0.3381294323199697
0.3278408773765389
0.32685276796588414
0.32685276796588414
0.3268533902680544
0.3269362085742133
0.32685276796588414
0.3268533902680544
0.3268526932079997
0.3268526932079997
0.32685276796588414
0.32685276796588414
0.3268526932079997
0.32685276796588414
0.326911587732585
0.3292246969869691
0.3471101149403282
0.3268533902680544
0.3268533902680544
0.32685276796588414
0.32685276796588414
0.32685276796588414
0.32685276796588414
0.553522817810951
0.3292494673443662
0.3268533902680544
0.32685276796588414
0.32685276796588414
0.7960077396963502
0.32685276796588414
0.32685276796588414
0.32685276796588414
0.3268533902680544
0.3268526932079997
0.3268533902680544
0.32685276796588414
0.32685276796588414
0.3268533902680544
0.32685276796588414
0.32685276796588414
0.3268533902680544
0.32685276796588414
0.32685276796588414
0.32685276796588414
0.3268533902680544
0.32685276796588414
0.32685276796588414
0.32685276796588414
0.3268533902680544
0.32685276796588414
0.32685276796588414
0.32685276796588414
0.32685276796588414
0.32685276796588414
0.3268774635653968
0.3269108906725303
0.32685276796588414
0.32685276796588414
0.3285887480021438
0.32685276796588414
0.3268533902680544
0.3268526932079997
0.3268533902680544
0.32685276796588414
0.3268526932079997
0.3268533902680544
0.32685331551016994
0.32685276796588414
0.32685331551016994
0.3268533902680544
0.32685276796588414
0.3268526932079997
1.4414401221982664
0.32693628333209773
0.3268533902680544
0.3268533902680544
0.3268526932079997
0.3268533902680544
0.3278401803164842
0.32685276796588414
0.3268526932079997
0.32685276796588414
0.32685276796588414
0.32685276796588414
0.32685276796588414
0.32685276796588414
0.32685276796588414
0.32685331551016994
0.32685276796588414
0.3268533902680544
0.32685331551016994
0.32685331551016994
0.3268533902680544
0.32685276796588414
0.3268526932079997
0.3268774635653968
0.32685276796588414
0.3268533902680544
0.32685276796588414
0.32685276796588414
0.3268533902680544
0.3268526932079997
0.3268526932079997
0.32685276796588414
0.3268526932079997
0.3268526932079997
0.32685276796588414
0.32685276796588414
0.32685276796588414
0.32685276796588414
0.3268533902680544
0.32685276796588414
0.3268526932079997
0.326911587732585
0.34654913573354695
0.32685276796588414
0.3268533902680544
0.3268533902680544
0.32685276796588414
0.3268526932079997
0.32685276796588414
0.32685276796588414
0.3297733210527992
0.3268533902680544
0.32685276796588414
0.3268533902680544
0.32685276796588414
0.3278408773765389
0.32685276796588414
0.32685276796588414
0.5238745103502453
0.32685276796588414
0.3268533902680544
0.3268533902680544
0.32685276796588414
0.3297732462949148
0.32685276796588414
0.3268526932079997
0.32685276796588414
0.3268526932079997
0.32685276796588414
0.32685276796588414
0.3471101896982126
0.32685276796588414
0.32685276796588414
0.32685276796588414
0.32685276796588414
0.32685276796588414
0.3268533902680544
0.32685276796588414
0.32685276796588414
0.32685276796588414
0.32685276796588414
0.3268526932079997
0.3268526932079997
0.32685276796588414
0.3268533902680544
0.32685276796588414
0.32685276796588414
0.32685276796588414
0.3268533902680544
0.32685331551016994
0.32685276796588414
0.3297909531360319
0.32685276796588414
0.3268526932079997
0.3268533902680544
0.3278408773765389
0.3268533902680544
0.32784025507436865
0.32685276796588414
0.32685276796588414
0.3268533902680544
0.3268533902680544
0.3268533902680544
0.32685276796588414
0.3268533902680544
0.32685276796588414
0.32685331551016994
0.3268533902680544
0.3268533902680544
0.32685276796588414
0.32685276796588414
0.32685331551016994
0.3268533902680544
0.3268533902680544
0.3278408773765389
0.32685331551016994
0.3268533902680544
0.32685276796588414
0.32922477174485354
0.32685276796588414
0.32685276796588414
0.3268533902680544
0.32685276796588414
0.32685276796588414
0.3297733210527992
0.32685276796588414
0.3268533902680544
0.3268526932079997
0.32685276796588414
0.3268533902680544
0.33813005462214
0.3268526932079997
0.3268526932079997
0.3268526932079997
0.32685331551016994
0.32685276796588414
0.32685276796588414
0.32685276796588414
0.32685276796588414
0.32685276796588414
0.3268526932079997
0.32685276796588414
0.3268533902680544
0.3268533902680544
0.3268526932079997
0.32685276796588414
0.3268533902680544
0.32685276796588414
0.32685276796588414
0.32685276796588414
0.32685276796588414
0.32685276796588414
0.32685276796588414
0.32685331551016994
0.32685276796588414
0.3471101149403282
0.3268526932079997
0.3268533902680544
0.32685276796588414
0.32685276796588414
0.32685276796588414
0.3268526932079997
0.32685276796588414
0.32685276796588414
0.32685276796588414
0.32685276796588414
0.32685276796588414
0.3268533902680544
0.32685276796588414
0.32685276796588414
0.32685331551016994
0.3268533902680544
0.32685276796588414
0.32685276796588414
0.33813005462214
0.32685276796588414
0.32685276796588414
0.32685331551016994
0.32685276796588414
0.32685276796588414
0.32685276796588414
0.3268533902680544
0.32685276796588414
0.32685276796588414
0.32685276796588414
0.3268533902680544
0.32685331551016994
0.32685276796588414
0.32685276796588414
0.32685276796588414
0.3268533902680544
0.32685331551016994
0.3268533902680544
0.32685276796588414
1.4414401221982664
0.7957372607177207
0.32685276796588414
0.3274138219305498
0.3268533902680544
0.32685276796588414
0.32979157543820214
0.32685276796588414
0.32685276796588414
0.32685276796588414
0.32685276796588414
0.3289574208986534
0.32685276796588414
0.32685276796588414
0.32685276796588414
0.3547228764416944
0.3268533902680544
0.3268526932079997
0.32685276796588414
0.32685276796588414
0.32685276796588414
0.32685331551016994
0.3471107372424984
0.32685276796588414
0.32685276796588414
0.34711081200038285
0.3268526932079997
0.32687102235128707
0.3268526932079997
0.34711081200038285
0.32685276796588414
0.32685276796588414
0.32685276796588414
0.32685276796588414
0.32839844149697445
0.32685276796588414
0.32685276796588414
0.3268533902680544
0.7960346074965317
0.32685276796588414
0.32685276796588414
0.32685276796588414
0.32685276796588414
0.7960346074965317
0.3268533902680544
0.3547235735017491
0.3268533902680544
0.32685276796588414
0.32685276796588414
0.32685276796588414
0.3268533902680544
0.3268533902680544
0.3268526932079997
0.32685331551016994
0.32685276796588414
0.3268533902680544
0.32685276796588414
0.8912250209908006
1.4414395809566978
0.3268533902680544
1.4414534140642214
0.32685276796588414
0.571952606309425
0.32685276796588414
0.32685276796588414
0.32685276796588414
0.32685331551016994
0.3268533902680544
0.32685276796588414
0.32685276796588414
0.32685331551016994
0.32685276796588414
0.34654913573354695
0.32685276796588414
0.3268704000491168
0.32685276796588414
0.32685276796588414
0.32685276796588414
0.32985613935895813
0.32685276796588414
0.32685276796588414
0.32685276796588414
0.8912329417586258
0.3268526932079997
0.32685276796588414
0.32685276796588414
0.32685276796588414
0.32685276796588414
0.32685276796588414
0.3268533902680544
0.3268526932079997
0.3268533902680544
0.32685276796588414
0.32685276796588414
0.3278408773765389
0.3268533902680544
0.32685276796588414
0.3268533902680544
0.32685276796588414
0.3268533902680544
0.32685276796588414
0.3268526932079997
0.3268526932079997
0.32685276796588414
0.32685276796588414
