0.3391169194284543
0.32685331551016994
0.3269108906725303
0.32685331551016994
0.3465490609756625
0.32685276796588414
0.3268533902680544
0.32685331551016994
0.3268526932079997
0.3552839304063601
0.35472295119957886
0.3268526932079997
0.3547235735017491
0.32685331551016994
0.44391234380376454
0.32685331551016994
0.3268526932079997
0.32685331551016994
0.3268526932079997
0.32685331551016994
0.3646408790969924
0.3268526932079997
0.32685331551016994
0.32685331551016994
0.32685331551016994
0.3471101149403282
0.32685331551016994
0.3268774635653968
0.32685331551016994
0.3268526932079997
0.32895679859648314
0.3268526932079997
0.32685331551016994
0.32685331551016994
0.32685276796588414
0.32685331551016994
0.32685331551016994
0.32685331551016994
0.3268526932079997
0.32685276796588414
0.3268526932079997
0.3268526932079997
0.3268526932079997
0.3268526932079997
0.32685331551016994
0.3268533902680544
0.32685331551016994
0.3547235735017491
0.3268526932079997
0.3268526932079997
0.3268526932079997
0.3268526932079997
0.3268526932079997
0.3268526932079997
0.32685331551016994
0.32685331551016994
0.3268709475934026
0.3268526932079997
0.3297732462949148
0.3268526932079997
0.3268526932079997
0.3268703252912324
0.32685276796588414
0.3268533902680544
0.32685331551016994
0.35472295119957886
0.9504664068299455
0.3278401803164842
0.32685276796588414
0.32685276796588414
0.3268526932079997
0.3471107372424984
0.3268533902680544
0.3268526932079997
0.32687102235128707
0.3268526932079997
0.3268526932079997
0.3385382442396946
0.3268526932079997
0.32685276796588414
0.3268526932079997
0.32685331551016994
0.3268526932079997
0.3268526932079997
0.3268533902680544
0.32685331551016994
0.3268526932079997
1.5571373969409021
0.3268780111096826
0.32685276796588414
0.3297733210527992
0.3274138219305498
0.5239514266525853
0.3268526932079997
0.32685331551016994
0.5239209693856308
0.32685331551016994
0.32685331551016994
0.32685331551016994
0.3268526932079997
0.3268773888075124
0.3547228764416944
0.32685331551016994
0.3268526932079997
0.32685331551016994
0.32685331551016994
0.3268533902680544
0.32685276796588414
0.3268526932079997
0.32685276796588414
0.32685331551016994
0.3268526932079997
0.35472295119957886
0.3268526932079997
0.3268526932079997
0.32685276796588414
0.3268526932079997
0.5668293099749976
0.5845870417712208
0.3268526932079997
0.3268533902680544
0.3268526932079997
0.3268526932079997
0.3268526932079997
0.329773868597085
0.3268526932079997
0.7957640537600177
0.3268526932079997
0.3385375471796399
0.33853762193752435
0.3292246969869691
0.3268526932079997
0.3268526932079997
0.3268526932079997
0.3268533902680544
0.3268526932079997
0.3268526932079997
0.3268526932079997
0.3471101149403282
0.32685331551016994
0.3268533902680544
0.3268526932079997
0.32983144375944545
0.3268533902680544
0.32895679859648314
0.32685331551016994
0.3268526932079997
0.3297732462949148
0.32784025507436865
0.7957640537600177
0.32685276796588414
0.32685331551016994
0.32685276796588414
0.3268526932079997
0.3268526932079997
0.3268526932079997
0.3284153830245242
0.3268533902680544
0.3268526932079997
0.3268526932079997
0.3268526932079997
0.32685276796588414
0.3274143694748356
0.3465490609756625
0.32685276796588414
0.32685276796588414
0.3547412055849818
0.932203543176819
0.3268526932079997
1.4414501097169305
2.1626211669050384
0.32685276796588414
0.3268526932079997
0.326935586272043
0.33853762193752435
0.32685331551016994
0.3268526932079997
0.6464640903991814
0.32685331551016994
0.3268526932079997
1.4414505322587012
0.3268533902680544
0.3292246969869691
0.3268526932079997
0.3547228764416944
0.5239048928593155
0.3268773888075124
0.32685276796588414
0.5246383911351074
0.3465490609756625
0.3268526932079997
0.3268526932079997
0.32685276796588414
0.3268526932079997
0.3268526932079997
0.44687947062282807
0.3268526932079997
0.3268526932079997
0.3268526932079997
0.3268533902680544
0.3269108906725303
0.3268526932079997
0.32685331551016994
0.3268526932079997
0.32685276796588414
0.32685331551016994
0.44687947062282807
0.3268526932079997
0.3268526932079997
0.5668283563853936
0.32685331551016994
0.3268526932079997
0.32685331551016994
0.3385375471796399
0.326911587732585
0.34656780493948164
0.3268703252912324
0.3268526932079997
0.3268526932079997
0.3268526932079997
0.3471101149403282
0.3395257313481791
0.3283978191948042
0.329773868597085
0.3268526932079997
0.3268526932079997
0.3268526932079997
0.3268526932079997
0.32685331551016994
0.3385382442396946
0.3292246969869691
0.32685331551016994
0.3268526932079997
0.32685276796588414
0.3268526932079997
0.566879165014764
0.3283978191948042
0.3268526932079997
0.3268526932079997
0.3268526932079997
0.3268526932079997
0.3268780111096826
0.32685276796588414
0.7957641285179022
0.32685331551016994
0.32685331551016994
0.3268526932079997
0.32685276796588414
0.32685276796588414
0.3268533902680544
0.3268533902680544
0.32685276796588414
0.32839915238060635
0.3283978191948042
0.3268526932079997
0.3268526932079997
0.3289574208986534
0.32685331551016994
0.3268526932079997
0.32685331551016994
0.7957641285179022
0.3268526932079997
0.3268526932079997
0.3268526932079997
0.3268526932079997
0.3601969788385938
0.32685331551016994
0.3547235735017491
0.32895679859648314
0.3268526932079997
0.3385382442396946
0.3268526932079997
0.3268526932079997
0.32685331551016994
0.33853762193752435
0.32685331551016994
1.4511119450183587
0.32839844149697445
0.3268773888075124
0.32685331551016994
0.32685331551016994
0.32784080261865445
0.3268526932079997
0.32685331551016994
0.3268526932079997
0.3268526932079997
0.3268526932079997
0.3274143694748356
0.3268526932079997
0.32685276796588414
0.3268526932079997
0.32839985816942024
0.32685331551016994
0.32685276796588414
0.3268526932079997
0.32685276796588414
0.3268526932079997
0.32685276796588414
0.3268526932079997
0.3268526932079997
0.3268526932079997
0.3268526932079997
0.5246384658929918
0.3547228764416944
0.32685331551016994
0.3471101149403282
0.32685276796588414
0.3268526932079997
0.33853762193752435
0.32685276796588414
0.8912319881690218
0.3547811486641095
0.3268526932079997
0.3278408773765389
0.3268526932079997
0.7957371859598362
0.32685331551016994
0.3268526932079997
0.3471101149403282
0.5668283563853936
0.3268526932079997
0.7957641285179022
0.3268703252912324
2.1572451540722715
0.3268526932079997
0.3268526932079997
0.32685276796588414
0.3268526932079997
0.34656709405584973
0.32685331551016994
0.3268780111096826
0.3268526932079997
0.3268526932079997
1.1763572540262464
0.32685331551016994
0.4468497242395054
0.3268526932079997
0.32685331551016994
0.3268526932079997
0.3285787369983459
0.3285787369983459
0.3385375471796399
0.32685331551016994
0.32685331551016994
0.3268526932079997
0.3268526932079997
0.33853816948181015
0.32685276796588414
0.3268526932079997
0.32685276796588414
0.8912329417586258
0.32685276796588414
0.3268526932079997
0.32685331551016994
0.7960323605379784
0.3268533902680544
0.5669675786348868
0.32685331551016994
0.7936399552075806
0.4242862872293302
0.3268526932079997
0.32685276796588414
0.32685276796588414
0.32685331551016994
0.34656780493948164
0.3471107372424984
0.3268526932079997
0.3268704000491168
0.3268533902680544
0.3268526932079997
0.3292246969869691
0.3268526932079997
0.329773868597085
0.32895679859648314
0.4468801815064599
0.3268526932079997
0.3268526932079997
0.3268773888075124
0.3385375471796399
0.3268526932079997
0.3268526932079997
0.3268526932079997
0.32685331551016994
0.7891000489283322
0.3268526932079997
0.3268526932079997
0.3268526932079997
0.3268526932079997
0.3268526932079997
0.3268773888075124
0.3385375471796399
0.8917833985934511
0.3268526932079997
0.32857866224046145
0.3268526932079997
0.32922477174485354
0.3268526932079997
0.3268709475934026
0.326935586272043
0.3268526932079997
0.32685276796588414
0.32685331551016994
0.32685276796588414
0.32741374717266536
0.3268526932079997
0.3268526932079997
0.32685276796588414
0.3268526932079997
0.3268526932079997
0.32685331551016994
0.32685331551016994
0.3465497580357172
0.3268526932079997
0.3268526932079997
0.3268526932079997
0.7957371859598362
0.3286133688437721
0.3471107372424984
0.3547235735017491
0.32685331551016994
0.3268526932079997
0.32685276796588414
0.33853762193752435
0.3268526932079997
0.3268526932079997
0.3268526932079997
0.32839844149697445
0.32685276796588414
0.3268526932079997
0.32857866224046145
0.3268533902680544
0.3268526932079997
0.3268526932079997
0.3268526932079997
0.32685331551016994
0.3381293575620853
0.3268773888075124
0.3268526932079997
0.32685331551016994
0.33853762193752435
0.3268526932079997
0.3269108906725303
0.32784080261865445
0.3268526932079997
0.5239048928593155
0.3268526932079997
0.3285962943236942
0.3268526932079997
0.3268533902680544
0.32685276796588414
0.3471107372424984
0.32685276796588414
0.3268526932079997
0.3268526932079997
0.3268526932079997
0.3283978191948042
0.3269108906725303
0.3327660735647003
1.4204242558661317
0.32685276796588414
0.7957371859598362
0.3381294323199697
0.3268533902680544
0.3268526932079997
0.32685331551016994
0.3268526932079997
0.32685276796588414
0.3268526932079997
0.32685276796588414
0.3268533902680544
0.3268526932079997
0.32685276796588414
0.32685331551016994
0.3268526932079997
1.1179498432462236
0.3268526932079997
0.32685331551016994
0.32685331551016994
0.3268526932079997
0.32685276796588414
0.32685331551016994
0.3268526932079997
0.32685331551016994
0.32685331551016994
0.34654913573354695
0.3268526932079997
0.32685331551016994
0.3269362085742133
0.32922477174485354
0.32685276796588414
0.3268526932079997
1.451110026996178
0.32685276796588414
0.3268526932079997
0.3268526932079997
0.32789845253889927
0.32685331551016994
0.3268533902680544
0.5239048928593155
0.32685276796588414
0.3268526932079997
0.3268526932079997
0.32685331551016994
0.3268526932079997
0.32685276796588414
0.3278401803164842
0.3268774635653968
0.32685331551016994
0.32895679859648314
0.3268526932079997
0.3268956431929153
0.3268526932079997
0.3268526932079997
0.3268526932079997
0.32685276796588414
0.3268533902680544
0.3268526932079997
0.3268774635653968
0.3268533902680544
0.3268526932079997
0.3268533902680544
0.33853762193752435
0.3268526932079997
0.3268526932079997
0.32685331551016994
0.32685331551016994
0.3268526932079997
0.3268526932079997
0.32685331551016994
0.3268526932079997
0.3268526932079997
0.3268526932079997
0.32685331551016994
0.32685276796588414
0.3268526932079997
0.3268526932079997
0.3268526932079997
0.32685331551016994
0.32685331551016994
0.3268526932079997
0.32685331551016994
0.3268526932079997
0.3268526932079997
0.32685331551016994
0.7957640537600177
0.3268526932079997
0.7957641285179022
0.3268526932079997
0.3292493925864818
0.3268526932079997
0.3268526932079997
0.3268526932079997
0.32685331551016994
0.3268526932079997
0.32685331551016994
0.328957509480115
0.3268526932079997
0.3268526932079997
0.32685331551016994
0.3268533902680544
0.44687947062282807
0.34656780493948164
0.3268526932079997
0.3268526932079997
0.3268526932079997
0.3471101149403282
0.32685276796588414
0.3278401803164842
0.3268526932079997
0.3268526932079997
0.3268526932079997
0.8917843521830551
0.3268526932079997
0.32685276796588414
0.3465490609756625
0.32685276796588414
0.32685276796588414
0.32685276796588414
0.32685276796588414
0.3268526932079997
0.32979087837814747
0.32685276796588414
0.32685331551016994
0.3268533902680544
0.32685276796588414
0.326935586272043
0.3268526932079997
0.32685331551016994
0.3268526932079997
0.3268526932079997
0.3283978191948042
0.32685331551016994
0.32895679859648314
0.3268533902680544
0.3268526932079997
0.5596597699881956
0.32685331551016994
0.32685276796588414
0.3268526932079997
0.3268703252912324
0.32685331551016994
0.3268526932079997
0.32685331551016994
0.32685331551016994
0.32685276796588414
0.3285787369983459
0.32685276796588414
0.3268526932079997
0.3268526932079997
0.32685331551016994
1.4414391584149269
0.3268526932079997
0.32685276796588414
0.3268533902680544
0.3268703252912324
0.3268526932079997
0.3268526932079997
0.3268526932079997
0.3278401803164842
0.3268526932079997
0.3268526932079997
0.326935586272043
0.3285886732442594
0.3268526932079997
0.32685276796588414
0.3268704000491168
0.3268526932079997
0.3268526932079997
0.32685331551016994
0.3268704000491168
0.3268533902680544
0.32691151297470056
0.3268526932079997
0.3268526932079997
0.3268526932079997
0.3471101149403282
0.3268703252912324
1.4414405447400374
0.5542562413288584
0.32685331551016994
0.32685331551016994
0.32857866224046145
0.32685331551016994
0.3268526932079997
0.3278401803164842
0.3268526932079997
0.32857866224046145
0.3268526932079997
0.3268526932079997
0.35472295119957886
0.32685331551016994
0.3268526932079997
0.33853816948181015
0.3283978191948042
0.32685276796588414
0.3268526932079997
0.3268526932079997
0.32685331551016994
0.3268703252912324
0.32685276796588414
0.3269108906725303
0.3268526932079997
0.32685331551016994
0.32685276796588414
0.32685276796588414
0.4468497242395054
0.44687947062282807
0.32685331551016994
0.32685276796588414
0.5668283563853936
0.3268533902680544
0.3292523400739998
0.32685331551016994
0.3268526932079997
0.32685331551016994
0.3268526932079997
0.3292246969869691
0.3268526932079997
0.32685331551016994
0.3268526932079997
0.32685276796588414
0.3268526932079997
0.3268526932079997
0.3268709475934026
0.3268526932079997
0.34656709405584973
0.5544717927730654
0.3278401803164842
0.3268533902680544
0.3268526932079997
0.32685331551016994
0.3471683124048588
0.3268526932079997
0.3268526932079997
0.3268526932079997
0.3268526932079997
0.3268526932079997
0.3268526932079997
0.8917913193612763
0.3268526932079997
0.3268526932079997
0.32685276796588414
0.3268526932079997
0.3268526932079997
0.32685276796588414
0.32685276796588414
0.3268533902680544
0.32685331551016994
0.32685276796588414
0.3268526932079997
0.32685331551016994
0.3285887480021438
0.3268526932079997
0.32685331551016994
0.35472349874386466
0.3268773888075124
0.32685331551016994
0.32685276796588414
0.3547235735017491
0.3292246969869691
0.5668293099749976
0.3268526932079997
0.3283978191948042
0.32685331551016994
0.32685331551016994
0.3268526932079997
0.3268526932079997
0.3268526932079997
0.3465490609756625
0.34656771635802
0.3274143694748356
0.3268526932079997
0.3268526932079997
0.3268526932079997
0.34656771635802
0.3268526932079997
0.3268526932079997
0.3268526932079997
0.3268526932079997
0.32685276796588414
0.32685276796588414
0.3268533902680544
0.32685331551016994
0.32685276796588414
0.3268526932079997
0.32685331551016994
0.32685331551016994
0.3460081146541708
0.3268526932079997
0.3268526932079997
0.32857866224046145
0.3268526932079997
0.33813072264026245
0.32685331551016994
0.5822683525031688
0.3269108906725303
0.32685276796588414
0.3274143694748356
0.3268526932079997
0.32685331551016994
0.3268526932079997
0.3268526932079997
0.3268780111096826
0.3268526932079997
0.3268526932079997
0.32685331551016994
0.3268533902680544
1.4414401221982664
0.3268526932079997
0.32685331551016994
0.32922477174485354
0.3268533902680544
0.32685331551016994
0.32860335783997413
0.3268526932079997
0.3268526932079997
0.3268526932079997
0.3268533902680544
0.32685331551016994
0.32685331551016994
0.3268526932079997
0.33853816948181015
0.3385375471796399
0.3268526932079997
0.3268526932079997
0.3268526932079997
0.3268533902680544
0.3268526932079997
0.3268526932079997
0.32685276796588414
0.3268526932079997
0.3268526932079997
0.3268526932079997
0.32685276796588414
0.3268526932079997
0.5668283563853936
0.3292494673443662
0.3268526932079997
1.4414391584149269
0.3268526932079997
0.3268526932079997
0.3268526932079997
0.7888049491080744
0.3268526932079997
0.32685276796588414
0.32685331551016994
0.3268526932079997
0.3268526932079997
0.6755902703967003
0.32685331551016994
0.32685331551016994
0.32741374717266536
0.32687102235128707
0.32685331551016994
0.32685276796588414
0.42425582996237565
0.32685331551016994
0.3268526932079997
0.32685276796588414
0.32685331551016994
0.3283978191948042
0.3268526932079997
0.3268526932079997
0.3268526932079997
0.3268526932079997
0.32741374717266536
0.32685276796588414
0.32685276796588414
0.32685276796588414
0.3268526932079997
0.5542257840619038
0.32685331551016994
0.32685276796588414
0.3471101149403282
0.32685331551016994
0.3471101149403282
0.3268526932079997
0.7960077396963502
0.7960076649384658
0.3268533902680544
0.3268533902680544
0.32741374717266536
0.3268703252912324
0.32685331551016994
0.33853762193752435
0.32685331551016994
0.3268533902680544
0.32685331551016994
0.32895679859648314
0.3268526932079997
0.3268526932079997
0.3268526932079997
0.32685331551016994
0.32685276796588414
0.3268526932079997
0.32685276796588414
0.3268526932079997
0.3268526932079997
0.3268526932079997
0.3274138219305498
0.32685276796588414
0.3283978191948042
0.3268526932079997
0.32685276796588414
0.3268533902680544
0.32685331551016994
0.3289742738447415
0.3268526932079997
0.4468801815064599
0.3268526932079997
0.3547228764416944
0.3268703252912324
0.32685331551016994
0.3268526932079997
0.32685276796588414
0.32685276796588414
0.3283978191948042
0.32685331551016994
0.32685331551016994
0.34654913573354695
0.32898211649816606
0.32685331551016994
0.33986670267652214
0.32685331551016994
0.32685276796588414
0.32685331551016994
0.8917913193612763
0.32685331551016994
0.32685331551016994
0.3268526932079997
0.3268526932079997
0.3465490609756625
0.3268533902680544
0.3268526932079997
1.5571373730854747
0.3268526932079997
0.32685276796588414
0.8665504652361888
0.32685331551016994
0.3268526932079997
0.3381293575620853
0.3268533902680544
0.3547228764416944
0.32685331551016994
0.32685331551016994
0.3268526932079997
0.3268526932079997
0.32685276796588414
0.3268526932079997
0.8912319881690218
0.3268526932079997
0.3268703252912324
0.3268709475934026
0.32685276796588414
0.3268526932079997
0.3268526932079997
0.3268526932079997
0.4242862872293302
0.3268526932079997
0.3268533902680544
0.3268526932079997
0.3268526932079997
0.32685331551016994
0.79605922833816
0.3268526932079997
1.4414391584149269
0.3268526932079997
0.32895679859648314
0.3278401803164842
0.3268526932079997
0.3268526932079997
0.3268526932079997
0.3268533902680544
0.32685276796588414
0.3268526932079997
0.3297732462949148
0.3385382442396946
0.3268526932079997
0.3268526932079997
0.35472295119957886
0.3268703252912324
0.32685331551016994
0.32685331551016994
0.32685331551016994
0.32685276796588414
0.3465490609756625
0.32685276796588414
0.326935586272043
0.5246079338681527
0.3268526932079997
0.3268526932079997
0.32741374717266536
0.3268526932079997
0.3268526932079997
0.3268526932079997
0.32685276796588414
0.3268526932079997
1.4196435739091426
0.3268526932079997
0.32940269293992225
0.3285886732442594
1.4414395809566978
0.32685276796588414
0.3268526932079997
0.3268526932079997
0.5239048928593155
0.3552840051642445
0.3268526932079997
0.32685331551016994
0.32685276796588414
0.32685331551016994
0.32685276796588414
0.3268526932079997
0.32685276796588414
0.32685331551016994
0.3268526932079997
0.3268526932079997
0.3547228764416944
0.3268526932079997
0.32685331551016994
0.3268526932079997
0.3773279269229113
0.3268526932079997
0.3268526932079997
0.3268533902680544
0.3268526932079997
0.35472295119957886
0.32685331551016994
0.3268526932079997
0.3268533902680544
0.32685331551016994
0.3268526932079997
0.32685276796588414
0.32685276796588414
0.3268526932079997
0.32685276796588414
0.32857866224046145
0.32685331551016994
0.3268526932079997
1.4414391584149269
