0.32685331551016994
0.32685276796588414
0.32685276796588414
0.3268526932079997
0.32685276796588414
0.5239049676172
0.32685276796588414
0.3268526932079997
0.32685276796588414
0.32685276796588414
0.32685276796588414
0.33853762193752435
0.32685276796588414
0.32685276796588414
0.32685276796588414
0.3268526932079997
0.34654913573354695
0.32685276796588414
0.3297733210527992
0.3268526932079997
0.7957888241174149
0.3268533902680544
1.4414395809566978
0.3268533902680544
0.3547228764416944
0.3268533902680544
0.5239048928593155
0.7957371859598362
0.32685276796588414
0.32685276796588414
0.3268526932079997
0.32685276796588414
0.32685276796588414
0.32685276796588414
0.3292246969869691
0.32685331551016994
0.3268774635653968
0.32685276796588414
0.3268526932079997
0.3268533902680544
1.4414510735002701
0.32685276796588414
0.32685276796588414
0.3268533902680544
0.32685276796588414
0.3283978191948042
0.32685276796588414
0.32685331551016994
0.8912329417586258
0.3547228764416944
0.5111595313612706
0.3268533902680544
0.32685331551016994
0.3268533902680544
0.3268526932079997
0.951026691611804
0.32685276796588414
0.3268533902680544
0.32685276796588414
0.32685276796588414
0.3268533902680544
0.326935586272043
0.3268526932079997
0.3268526932079997
0.35472295119957886
0.32685276796588414
0.328957509480115
0.32685276796588414
0.5246079338681527
0.3268526932079997
0.3268526932079997
0.3268533902680544
0.32685276796588414
0.32685276796588414
0.32685276796588414
0.3268533902680544
0.32685276796588414
0.3268526932079997
0.3268533902680544
0.3268533902680544
0.3268533902680544
0.32685276796588414
0.32685276796588414
0.32685331551016994
0.32977394335496946
0.32685276796588414
0.3268533902680544
0.32685276796588414
0.3268526932079997
0.3268533902680544
0.3268526932079997
0.32685276796588414
0.32685276796588414
0.32685276796588414
0.3268533902680544
0.3268533902680544
0.3268533902680544
0.32685276796588414
0.32685276796588414
0.32685276796588414
0.3268526932079997
0.32685331551016994
0.3268533902680544
0.3268526932079997
0.32685276796588414
0.3268526932079997
0.3268950956486295
0.32685276796588414
0.3268533902680544
0.3268774635653968
0.3268526932079997
0.32685276796588414
0.32687102235128707
0.5668540055745103
0.32685276796588414
0.32685276796588414
0.32685276796588414
0.32685276796588414
0.32685276796588414
0.32685276796588414
0.32685331551016994
0.32685276796588414
0.32685276796588414
0.8912329417586258
0.3268533902680544
0.32922477174485354
0.3268533902680544
0.32685276796588414
0.3268533902680544
0.3547228764416944
0.3268533902680544
1.4196445376924822
0.32685276796588414
0.3268526932079997
0.7957641285179022
0.32685276796588414
1.4414410775740913
0.3268533902680544
0.32685276796588414
0.3268526932079997
0.3471101896982126
0.3268533902680544
0.32685276796588414
0.3268774635653968
0.32685331551016994
0.32685276796588414
0.3268533902680544
0.32685276796588414
0.32685276796588414
0.3274143694748356
0.4242862872293302
0.32685276796588414
0.32685276796588414
0.32685276796588414
0.3268526932079997
0.32685276796588414
0.32685276796588414
0.3268533902680544
0.3268533902680544
0.3268533902680544
0.32685276796588414
0.3268533902680544
0.34654913573354695
0.32685276796588414
0.3268533902680544
0.3268526932079997
0.3268526932079997
0.3268533902680544
0.32685276796588414
0.3268533902680544
0.32685276796588414
0.32685276796588414
0.3531429715472635
0.32685276796588414
0.32685276796588414
0.32685276796588414
0.32685276796588414
0.3268533902680544
0.32685276796588414
0.32685276796588414
0.32685276796588414
0.32685276796588414
0.32685276796588414
0.328957509480115
0.32685276796588414
0.32685276796588414
0.32685276796588414
0.3547235735017491
0.3278401803164842
0.3268533902680544
0.32930766480889695
0.3268526932079997
0.3268533902680544
0.3268533902680544
0.3268533902680544
0.32685276796588414
0.3268526932079997
0.32685331551016994
0.3268533902680544
0.32691096543041476
0.8912250209908006
0.3268533902680544
0.32685331551016994
0.3268533902680544
0.3268533902680544
0.32685276796588414
0.32685276796588414
0.35472295119957886
0.3268533902680544
0.32685276796588414
0.3278408773765389
0.32685276796588414
0.32685276796588414
0.32685276796588414
0.32685276796588414
0.32685276796588414
0.3268526932079997
0.32685276796588414
0.3268526932079997
0.8912250209908006
0.32685276796588414
0.3268526932079997
0.3268533902680544
0.32784025507436865
0.3385382442396946
0.3268533902680544
0.3268533902680544
0.32687808586756706
0.32685276796588414
0.32685276796588414
0.35472349874386466
0.3268526932079997
0.32685276796588414
0.3268533902680544
0.3268533902680544
0.7960346074965317
0.3268533902680544
0.3292594783481642
0.32685276796588414
0.33813005462214
0.3268774635653968
0.328957509480115
0.3268526932079997
0.3269108906725303
0.32685276796588414
0.32685331551016994
0.32685276796588414
0.32685276796588414
0.32685276796588414
0.3268533902680544
0.32685276796588414
0.32685276796588414
0.32685276796588414
0.32685276796588414
0.3268533902680544
0.32685331551016994
0.3268526932079997
0.32685276796588414
0.32685276796588414
0.3268703252912324
0.32685331551016994
0.32685276796588414
0.32685276796588414
0.5542563160867429
0.8912329417586258
0.3471101896982126
0.3268526932079997
0.32685276796588414
0.32685276796588414
0.32685276796588414
0.3268533902680544
0.32685276796588414
0.32685276796588414
0.32685276796588414
0.32685276796588414
0.3278408773765389
0.6740589899473814
0.32685276796588414
0.3268533902680544
0.3268526932079997
0.32685276796588414
0.3268533902680544
0.32685276796588414
0.3268526932079997
0.32685276796588414
0.32685276796588414
0.32685276796588414
0.32685276796588414
0.32685276796588414
0.3268526932079997
0.3268526932079997
0.3268533902680544
0.32685276796588414
0.32685276796588414
0.3269108906725303
0.32685276796588414
0.3283985300784361
0.3292829692093842
0.3268526932079997
0.32685276796588414
0.3268533902680544
0.32685276796588414
0.32685276796588414
0.32691096543041476
0.32685276796588414
0.3268533902680544
0.3268533902680544
0.3268526932079997
0.32685276796588414
0.5668540055745103
0.32685276796588414
0.3268526932079997
0.3268533902680544
0.32685276796588414
0.32895679859648314
0.3268526932079997
0.3667761116180057
0.32685331551016994
0.3268533902680544
0.3268526932079997
0.32685331551016994
0.3268526932079997
0.3268533902680544
0.32693566102992744
0.3268526932079997
0.3268526932079997
0.3268533902680544
0.3268533902680544
0.4468801815064599
0.32685276796588414
0.35472295119957886
0.326911587732585
0.32685276796588414
0.32685276796588414
0.32685276796588414
0.32687808586756706
0.32685276796588414
0.32685276796588414
0.32685276796588414
0.32685276796588414
0.32685276796588414
0.3297909531360319
0.32685331551016994
0.32685276796588414
0.32687808586756706
0.3268533902680544
0.3268533902680544
0.35472295119957886
0.4242869981129621
0.3268533902680544
0.3268526932079997
0.3268526932079997
0.32685276796588414
0.3268533902680544
0.3268526932079997
0.32685331551016994
0.32685331551016994
0.32685276796588414
0.328957509480115
0.32685276796588414
0.35472295119957886
0.3268526932079997
0.3268533902680544
0.3268526932079997
0.32685276796588414
0.3307608081612837
0.32685276796588414
0.32685276796588414
0.32685276796588414
0.3292594035902798
0.3268774635653968
0.3268533902680544
0.32685276796588414
0.32685276796588414
0.32685276796588414
0.3570672637044813
0.3268526932079997
0.3285787369983459
0.32685276796588414
0.3268526932079997
0.32685276796588414
0.32685331551016994
0.3292493925864818
0.32685276796588414
0.32685276796588414
0.42450648090105203
0.3268526932079997
0.3268526932079997
0.3268533902680544
0.3268526932079997
0.32685276796588414
0.32741444423272004
0.32685276796588414
0.3268526932079997
0.32685276796588414
0.3268533902680544
0.3268703252912324
0.3274138219305498
0.3268526932079997
0.3465497580357172
0.328957509480115
0.32691151297470056
0.32685331551016994
0.32685276796588414
0.7960345327386473
0.3268526932079997
0.32685276796588414
0.32685276796588414
0.3268533902680544
0.32685276796588414
0.32685276796588414
0.3471101149403282
0.3268533902680544
0.32685276796588414
0.3268526932079997
0.4242869981129621
2.140361468065693
1.419643151367372
0.3268526932079997
0.3268526932079997
0.32685331551016994
0.3268526932079997
0.3268533902680544
0.3268533902680544
0.3268526932079997
0.32691096543041476
0.3268704000491168
0.32685276796588414
0.32685276796588414
0.32685276796588414
0.32685276796588414
0.8912250209908006
0.3268533902680544
0.32693566102992744
0.3268533902680544
0.3268526932079997
0.3268526932079997
0.32685331551016994
0.32685276796588414
0.3268533902680544
0.3268533902680544
0.32685331551016994
0.32685276796588414
0.3268774635653968
0.3268533902680544
0.32685276796588414
0.3297733210527992
0.3268526932079997
0.3268526932079997
0.3268533902680544
0.3268533902680544
0.3268533902680544
0.3268526932079997
0.32685276796588414
0.33813005462214
0.32685276796588414
0.3268533902680544
0.3268526932079997
0.3268526932079997
0.3268533902680544
0.32685276796588414
0.32685276796588414
0.32784025507436865
0.32685276796588414
0.32685276796588414
0.32685276796588414
0.32685276796588414
0.32685276796588414
0.32977394335496946
0.32685276796588414
0.32685276796588414
0.3268533902680544
0.32685276796588414
0.32685276796588414
0.32685276796588414
0.32685276796588414
0.32685276796588414
0.32685276796588414
0.32685276796588414
0.3269362085742133
0.32685331551016994
0.32685276796588414
0.32685276796588414
0.3278408773765389
0.32685276796588414
0.3268533902680544
0.3268533902680544
0.3268533902680544
0.3289574208986534
0.32685276796588414
0.32784025507436865
0.32685276796588414
0.32685276796588414
0.32685331551016994
0.3268526932079997
0.32685276796588414
0.32685276796588414
0.3268533902680544
0.32685276796588414
0.32685331551016994
0.3268526932079997
1.4414405447400374
0.32685276796588414
0.3268533902680544
0.32685276796588414
0.350332429668062
0.3268533902680544
0.32685276796588414
0.32685276796588414
0.32784080261865445
0.32685276796588414
0.32693566102992744
0.32685276796588414
0.32685331551016994
0.32685276796588414
0.3268533902680544
0.3268703252912324
0.32685276796588414
0.32685276796588414
0.32685276796588414
0.3268533902680544
0.32685276796588414
0.32685276796588414
0.32685331551016994
0.32685331551016994
0.35472295119957886
0.3268533902680544
0.32685276796588414
0.32685276796588414
0.3268526932079997
0.32685276796588414
0.3268526932079997
0.32685331551016994
0.3268526932079997
0.32685276796588414
0.3278408773765389
0.32685276796588414
0.7957371859598362
0.3297909531360319
0.32685276796588414
0.32685276796588414
0.35472295119957886
0.8912329417586258
0.3667754145579511
0.328957509480115
0.32685331551016994
0.32685276796588414
0.32685276796588414
0.32685276796588414
0.32685276796588414
0.8912329417586258
0.32685276796588414
0.32685276796588414
0.32861344360165656
0.32691096543041476
0.32685276796588414
0.32784080261865445
0.32685276796588414
0.3268526932079997
0.32685276796588414
0.32685276796588414
0.8912250209908006
0.32685276796588414
0.3292493925864818
0.32784025507436865
0.32685276796588414
0.5542562413288584
0.3268533902680544
0.3268533902680544
0.32685276796588414
0.32685276796588414
0.3268526932079997
0.32685276796588414
0.5542563160867429
0.32685331551016994
0.3268533902680544
0.32685276796588414
0.32685276796588414
0.32685276796588414
0.3268526932079997
0.32685276796588414
0.32685276796588414
0.32685276796588414
0.32685276796588414
0.32685276796588414
0.3268533902680544
0.32691096543041476
0.32685276796588414
0.3268533902680544
0.32685276796588414
0.32685276796588414
0.7960346074965317
0.32685276796588414
0.32685276796588414
0.5668293099749976
0.3268533902680544
0.3268526932079997
0.35472295119957886
0.3297733210527992
0.32685276796588414
0.8912329417586258
0.4468801815064599
0.4242869981129621
0.3268533902680544
0.32685276796588414
0.32685276796588414
0.3268533902680544
0.3268533902680544
0.32691096543041476
0.3292494673443662
0.32685276796588414
0.32685276796588414
0.3268533902680544
0.32685276796588414
0.32922477174485354
0.3297733210527992
0.32685276796588414
0.3292594783481642
1.4414395809566978
0.3268533902680544
0.32685331551016994
0.32685276796588414
0.32685276796588414
0.32685276796588414
0.3268533902680544
0.32685276796588414
0.32685276796588414
0.3268533902680544
0.8912250209908006
0.3268533902680544
0.32685276796588414
0.3268533902680544
0.3268533902680544
0.3465497580357172
0.3268533902680544
0.3268533902680544
0.32685276796588414
0.3268533902680544
0.326911587732585
0.32685276796588414
0.3268533902680544
0.32685276796588414
0.32685276796588414
0.3381294323199697
0.32841600532669446
0.32923470799076704
0.3268533902680544
0.32685276796588414
0.4242862872293302
0.32685331551016994
0.32687808586756706
0.32685276796588414
0.32685276796588414
0.32922477174485354
1.4414501097169305
0.32685276796588414
0.3268533902680544
0.32687808586756706
0.3268533902680544
0.3268526932079997
0.32685276796588414
0.32685276796588414
0.3268533902680544
0.32685276796588414
0.32741374717266536
0.32685331551016994
0.32685276796588414
0.32685276796588414
0.32685331551016994
0.32685276796588414
0.32685276796588414
0.32685276796588414
0.3268533902680544
0.3268526932079997
0.3381293575620853
0.32685331551016994
0.32685331551016994
0.32685331551016994
0.7957641285179022
0.32685276796588414
0.32685276796588414
0.3268533902680544
0.3269108906725303
1.6201714162358731
0.3268533902680544
0.3268533902680544
0.32685276796588414
0.7957641285179022
0.32685276796588414
0.3268526932079997
0.32685331551016994
0.32685331551016994
0.32685331551016994
0.32685331551016994
0.32685276796588414
0.3268526932079997
0.3547235735017491
0.3268533902680544
0.3268533902680544
0.3268526932079997
0.3268533902680544
0.32685276796588414
0.3268526932079997
0.35472349874386466
0.32685276796588414
0.32693628333209773
0.3268533902680544
0.35472349874386466
0.32685276796588414
0.32685276796588414
0.3268533902680544
0.32685331551016994
0.32685331551016994
0.32685276796588414
0.32685276796588414
0.32685276796588414
0.8912329417586258
0.3268774635653968
0.32685276796588414
0.3268533902680544
0.3268533902680544
0.32685276796588414
0.32685276796588414
0.32693566102992744
0.3268526932079997
0.3268533902680544
0.326911587732585
0.34711081200038285
0.32685276796588414
0.3268533902680544
0.3268526932079997
0.3268533902680544
0.32685276796588414
0.32685276796588414
0.32784025507436865
0.3274138219305498
0.34656676781677964
0.32685276796588414
0.3268526932079997
0.3268774635653968
0.32685276796588414
0.3268526932079997
0.3268533902680544
0.3268526932079997
0.3268533902680544
0.3268526932079997
0.3284013090390343
0.3268526932079997
0.3268526932079997
0.3268526932079997
0.32685276796588414
0.3667761116180057
0.5668814184865086
0.32685331551016994
0.32685276796588414
0.3297733210527992
0.3283985300784361
0.3547228764416944
1.4414405447400374
0.8912250209908006
0.3268533902680544
0.32685276796588414
0.32685276796588414
0.3268533902680544
0.32685331551016994
0.32685276796588414
0.3268533902680544
0.32685331551016994
0.32685276796588414
0.32685276796588414
0.3283978191948042
0.32685276796588414
0.3268533902680544
0.3268526932079997
0.32691151297470056
0.3268533902680544
0.3268703252912324
0.3268526932079997
0.3268533902680544
0.3547228764416944
0.32685331551016994
0.3552840051642445
0.3297733210527992
0.3283978191948042
0.3268526932079997
0.3268533902680544
0.32685276796588414
0.32685276796588414
0.32685276796588414
0.3471101896982126
0.32685276796588414
0.9510187708439789
0.32685276796588414
0.5668283563853936
0.32685276796588414
0.3268526932079997
0.32685276796588414
0.3465490609756625
0.32685276796588414
0.3268533902680544
0.32685331551016994
0.32685276796588414
0.7960077396963502
0.32685276796588414
0.3385382442396946
0.32685276796588414
0.32685276796588414
0.32685276796588414
0.32685276796588414
0.3269532931131602
0.326935586272043
0.3268533902680544
0.32685276796588414
0.32685276796588414
0.32685276796588414
0.3268526932079997
0.32685276796588414
0.3268533902680544
0.3268526932079997
0.32685276796588414
0.32685276796588414
0.326911587732585
0.7960324352958629
0.3268533902680544
0.3268533902680544
1.4414395809566978
0.3268533902680544
0.3268533902680544
0.32685276796588414
0.3268526932079997
0.3268526932079997
0.3297733210527992
0.32685276796588414
0.32685276796588414
0.3268533902680544
0.32685276796588414
0.3268533902680544
0.32685276796588414
0.3268533902680544
0.3268533902680544
0.33853816948181015
0.3667754145579511
0.32685331551016994
0.3268533902680544
0.8912329417586258
0.32685276796588414
0.3268533902680544
0.3268526932079997
0.3268533902680544
0.3268533902680544
0.32685331551016994
0.7960077396963502
0.32685331551016994
0.32685276796588414
0.3292494673443662
0.32685276796588414
0.3283978191948042
0.3268533902680544
0.3381294323199697
0.3268533902680544
0.3268533902680544
1.4414401221982664
0.32685276796588414
0.32685276796588414
0.32685276796588414
0.32687808586756706
0.4242565408460075
0.32685276796588414
0.3268533902680544
0.3268526932079997
0.3268526932079997
0.32784025507436865
0.32685276796588414
0.32685276796588414
0.3268533902680544
0.3268533902680544
0.3268526932079997
0.3268533902680544
0.3268533902680544
0.32685276796588414
0.32839915238060635
0.8912329417586258
0.32685276796588414
0.3268526932079997
0.32685276796588414
0.32685276796588414
0.32685331551016994
0.3268773888075124
0.3268526932079997
0.3268533902680544
0.3268533902680544
0.32685276796588414
0.3268526932079997
0.32685276796588414
0.3274138219305498
0.5239048928593155
0.32685276796588414
0.32685276796588414
0.8912240674011968
0.3268526932079997
0.3547235735017491
0.3268526932079997
0.32685276796588414
0.32685331551016994
0.32685276796588414
0.32685276796588414
0.3285787369983459
0.32685276796588414
0.32685276796588414
0.7957640537600177
0.32685276796588414
0.35472349874386466
0.32685276796588414
0.32685276796588414
0.3283985300784361
0.32685331551016994
0.3268526932079997
0.32685276796588414
0.32685276796588414
0.32685276796588414
0.32857866224046145
0.3268526932079997
0.32685276796588414
0.32930766480889695
0.32685276796588414
0.32685276796588414
0.32685276796588414
0.32784025507436865
0.32685276796588414
0.3268533902680544
0.32685276796588414
0.3268533902680544
0.3268533902680544
0.3292246969869691
0.3268533902680544
0.4242869981129621
0.3268533902680544
0.3268533902680544
0.3268526932079997
0.3268773888075124
0.3268526932079997
0.9510187708439789
0.32685276796588414
0.32685276796588414
0.3268533902680544
0.3268533902680544
0.32685276796588414
0.3268533902680544
0.3381294323199697
0.32685331551016994
0.32685276796588414
0.3268533902680544
0.32685276796588414
0.32685276796588414
0.8912250209908006
0.3268526932079997
0.32685331551016994
0.32685276796588414
0.3547228764416944
0.32784025507436865
0.32685331551016994
0.3268533902680544
0.9504673604195495
0.3268533902680544
0.32685276796588414
0.3268533902680544
0.3297733210527992
0.32685276796588414
0.32685276796588414
0.32685276796588414
0.3471101896982126
0.3268533902680544
0.32685276796588414
0.3284399900425753
0.32685276796588414
0.3547228764416944
0.3297733210527992
0.3268533902680544
0.32685276796588414
0.3381294323199697
0.3268533902680544
0.3292347827486515
0.3268533902680544
0.35472349874386466
0.3278408773765389
0.7957372607177207
0.3268526932079997
0.32784080261865445
0.32685276796588414
0.32685276796588414
0.7960346074965317
0.32685276796588414
0.32685276796588414
0.32685276796588414
0.3268533902680544
0.3268526932079997
0.32685276796588414
0.32685276796588414
0.3268533902680544
0.3268533902680544
