0.35472295119957886
0.33853762193752435
0.32685276796588414
0.32685276796588414
0.32685276796588414
0.32839915238060635
0.32685276796588414
0.32685276796588414
0.32685276796588414
0.32685276796588414
0.3471101896982126
0.32685276796588414
0.32685276796588414
0.33813005462214
0.3268533902680544
0.3268533902680544
0.32685276796588414
0.5668293099749976
0.32685276796588414
0.3268533902680544
0.32685276796588414
0.3268704000491168
0.3471101896982126
0.32685276796588414
0.32685276796588414
0.32685276796588414
0.35472295119957886
0.32687102235128707
0.32685276796588414
0.3268533902680544
0.3268533902680544
0.32685276796588414
0.32693566102992744
0.32685276796588414
0.3268533902680544
0.4242869981129621
0.3667754145579511
1.4414401221982664
0.32685276796588414
0.32685276796588414
0.32685276796588414
0.32685276796588414
0.3268533902680544
0.3297733210527992
0.32685276796588414
0.32685276796588414
0.32685276796588414
0.32685276796588414
0.32685276796588414
0.3268533902680544
0.3268533902680544
0.4242869981129621
0.3268533902680544
0.32685276796588414
0.32685276796588414
0.3381294323199697
0.3268533902680544
0.32685276796588414
0.3268526932079997
0.32685276796588414
0.32685276796588414
0.32685276796588414
0.3268533902680544
0.32685276796588414
0.32685276796588414
0.32685276796588414
1.4414401221982664
0.3268533902680544
0.32685276796588414
0.32685276796588414
0.32685276796588414
0.32685276796588414
0.3283985300784361
0.32685276796588414
0.32685276796588414
0.32685276796588414
0.3268704000491168
0.32685276796588414
0.33853762193752435
0.32685276796588414
0.32685276796588414
0.32685276796588414
0.32693628333209773
0.32685276796588414
0.32685276796588414
0.32685276796588414
0.32685276796588414
0.5821310374328834
0.32693566102992744
0.32685276796588414
0.32685276796588414
0.3268774635653968
0.32685276796588414
0.32687102235128707
0.32685276796588414
0.3471101896982126
0.7320955765029975
0.3268533902680544
0.32685276796588414
0.3268533902680544
0.33813072264026245
0.3268533902680544
0.32685276796588414
0.32685276796588414
0.32685276796588414
0.32685276796588414
0.32685276796588414
0.3268533902680544
0.32685276796588414
0.32685276796588414
0.32693566102992744
0.32685276796588414
0.3268526932079997
0.32685276796588414
0.32691096543041476
0.32685276796588414
0.32685276796588414
0.32685276796588414
0.32685276796588414
0.32685276796588414
0.32685276796588414
0.32685276796588414
0.3268526932079997
0.3381294323199697
0.5668293099749976
0.32685276796588414
0.3268533902680544
0.3297909531360319
0.8912250209908006
0.32685276796588414
0.32685276796588414
0.3268533902680544
0.32685276796588414
0.32685276796588414
0.32685276796588414
0.32685276796588414
0.3268533902680544
0.32685276796588414
0.3268533902680544
0.32685276796588414
0.32685276796588414
0.32685276796588414
0.32685276796588414
0.32685276796588414
0.32685276796588414
0.32685276796588414
0.32685276796588414
0.32685276796588414
0.32685276796588414
0.3268704000491168
0.32685276796588414
0.32685276796588414
0.32687102235128707
0.3268533902680544
0.32687102235128707
0.32685276796588414
0.3268533902680544
0.32685276796588414
1.4414401221982664
0.32685276796588414
0.32685276796588414
0.32685276796588414
0.3268704000491168
0.32691096543041476
0.32685276796588414
0.32685276796588414
0.32685276796588414
0.32693566102992744
0.32784025507436865
0.32685276796588414
0.32685276796588414
0.32685276796588414
0.4242869981129621
0.32685276796588414
0.32685276796588414
0.32685276796588414
0.3268704000491168
0.32685276796588414
0.3268774635653968
0.32685276796588414
0.5668293099749976
0.338595819402055
0.32685276796588414
0.3268533902680544
0.32685276796588414
0.3268533902680544
0.3268533902680544
0.3268533902680544
0.32685276796588414
0.32685276796588414
0.5668554230048553
0.32685276796588414
0.32685276796588414
1.4414401221982664
0.3268533902680544
0.32685276796588414
0.32685276796588414
0.32685276796588414
0.32685276796588414
0.32685276796588414
0.32685276796588414
0.32691096543041476
0.3285787369983459
0.3278408773765389
0.32685276796588414
0.32687808586756706
0.3268774635653968
0.5668554230048553
0.4242869981129621
0.32691096543041476
0.3268533902680544
0.3268533902680544
0.3268533902680544
0.32685276796588414
0.3268533902680544
0.3268533902680544
0.32685276796588414
0.32922477174485354
0.32685276796588414
0.8912250209908006
0.3268533902680544
0.3268533902680544
0.32685276796588414
0.32685276796588414
0.32685276796588414
0.3268533902680544
0.32685276796588414
1.4414510735002701
0.3268533902680544
0.32693628333209773
0.32685276796588414
0.32685276796588414
0.32685276796588414
0.32685276796588414
0.32685276796588414
0.3268533902680544
0.3268533902680544
0.32685276796588414
0.3268533902680544
0.3268533902680544
0.32685276796588414
0.33813005462214
0.3268704000491168
0.32979157543820214
0.32685276796588414
0.3268533902680544
0.32685276796588414
0.32685276796588414
0.32685276796588414
0.32687808586756706
0.32685276796588414
0.32685276796588414
0.32685276796588414
0.32685276796588414
0.32685276796588414
0.519047808676795
0.326911587732585
0.32685276796588414
0.32685276796588414
0.3268533902680544
0.3268533902680544
0.5669688785170275
0.3268704000491168
0.32685276796588414
0.32685276796588414
0.32685276796588414
0.3268533902680544
0.34809838699336293
0.32685276796588414
0.5596293874791254
0.32685276796588414
0.3268774635653968
0.3268533902680544
0.3268704000491168
0.3268533902680544
0.3268704000491168
0.32685276796588414
0.3268533902680544
0.32685276796588414
0.32685276796588414
0.32685276796588414
0.32693628333209773
0.32685276796588414
0.32685276796588414
0.32685276796588414
0.32685276796588414
0.5668801186043679
0.32685276796588414
0.32685276796588414
0.32685276796588414
0.32685276796588414
0.32685276796588414
0.3268533902680544
0.32685276796588414
0.32685276796588414
0.32685276796588414
0.35472295119957886
0.32685276796588414
0.3381294323199697
0.32685276796588414
0.3268533902680544
0.3268533902680544
0.3268533902680544
0.3268533902680544
0.3268533902680544
0.3268533902680544
0.32685276796588414
0.3268533902680544
0.3268533902680544
0.32685276796588414
0.32685276796588414
0.32685276796588414
0.32687102235128707
0.32685276796588414
0.5821310374328834
0.32685276796588414
0.5668801186043679
0.32685276796588414
0.3285787369983459
0.3268533902680544
0.3268533902680544
0.32685276796588414
0.32685276796588414
0.32685276796588414
0.32685276796588414
0.32685276796588414
0.32685276796588414
0.32685276796588414
0.32685276796588414
0.32685276796588414
0.3268533902680544
0.3283985300784361
0.3465684272416519
0.3268533902680544
0.3268533902680544
0.32685276796588414
0.32685276796588414
0.32685276796588414
0.32685276796588414
0.32685276796588414
0.3268533902680544
0.32685276796588414
0.32685276796588414
0.32685276796588414
0.32685276796588414
0.3268774635653968
0.32685276796588414
0.32685276796588414
0.32685276796588414
0.34711081200038285
0.32685276796588414
0.32685276796588414
0.32685276796588414
0.32685276796588414
0.32685276796588414
0.3268704000491168
0.3268533902680544
0.32685276796588414
0.32922477174485354
0.3268533902680544
0.3268533902680544
0.32685276796588414
0.32685276796588414
0.3283999467508819
0.32685276796588414
0.32685276796588414
0.5668293099749976
0.7957641285179022
0.32685276796588414
0.32685276796588414
0.32685276796588414
0.34711081200038285
0.32685276796588414
0.3268533902680544
0.3268774635653968
0.3268533902680544
0.32685276796588414
0.32693566102992744
0.32685276796588414
0.941850930510481
0.3268533902680544
0.32685276796588414
0.32685276796588414
0.32685276796588414
0.32685276796588414
0.3268704000491168
0.32685276796588414
0.32685276796588414
0.32685276796588414
0.35472295119957886
0.32685276796588414
0.32685276796588414
1.4414405447400374
0.32685276796588414
0.3268533902680544
0.32685276796588414
0.32685276796588414
0.32685276796588414
0.3381294323199697
0.32685276796588414
0.3268533902680544
0.5668554230048553
0.32685276796588414
0.32685276796588414
0.3268533902680544
0.3268533902680544
0.32685276796588414
0.5668293099749976
0.4242869981129621
0.32685276796588414
0.32685276796588414
0.32685276796588414
0.3268704000491168
0.4468801815064599
0.32685276796588414
0.3268533902680544
0.55965984474608
0.3268533902680544
0.32685276796588414
0.32685276796588414
0.7957641285179022
0.32685276796588414
0.3268704000491168
0.3268533902680544
0.32685276796588414
0.3268533902680544
0.32685276796588414
0.32687102235128707
0.32685276796588414
0.32685276796588414
0.32685276796588414
0.32685276796588414
0.3268533902680544
0.3268533902680544
0.32685276796588414
0.3674193615866601
0.32685276796588414
0.35472295119957886
0.32685276796588414
0.32685276796588414
0.32685276796588414
0.3268533902680544
0.3268774635653968
0.3268704000491168
0.32687808586756706
0.32685276796588414
0.32685276796588414
0.32685276796588414
0.32685276796588414
0.32685276796588414
0.32685276796588414
0.32685276796588414
0.32685276796588414
0.32685276796588414
0.32685276796588414
0.32685276796588414
0.3268533902680544
0.3268533902680544
0.32685276796588414
0.32685276796588414
0.32685276796588414
0.32685276796588414
0.32685276796588414
0.32685276796588414
0.32685276796588414
0.5668540055745103
0.32685276796588414
0.32685276796588414
0.5821323373150242
0.32685276796588414
0.32685276796588414
0.32685276796588414
0.32685276796588414
0.3268774635653968
0.35472295119957886
0.32685276796588414
0.32685276796588414
0.32922477174485354
0.32685276796588414
0.3268533902680544
0.3268533902680544
0.32685276796588414
0.3268533902680544
0.32685276796588414
0.3268533902680544
0.32685276796588414
0.326911587732585
0.32784025507436865
0.3268533902680544
0.3268533902680544
0.32685276796588414
0.32685276796588414
0.3268533902680544
0.32685276796588414
0.32685276796588414
0.3268533902680544
0.32685276796588414
0.33909929820436024
0.32685276796588414
0.32685276796588414
0.32685276796588414
0.32685276796588414
0.32685276796588414
0.3283985300784361
0.3268533902680544
0.3268533902680544
0.3268533902680544
0.32685276796588414
0.3381294323199697
0.32685276796588414
0.32685276796588414
0.32685276796588414
0.32685276796588414
0.32784025507436865
0.32685276796588414
0.32685276796588414
0.32685276796588414
0.3268533902680544
0.32685276796588414
0.32685276796588414
0.32685276796588414
0.33853762193752435
0.32685276796588414
0.32685276796588414
0.5668554230048553
0.32685276796588414
0.32685276796588414
0.32685276796588414
0.32685276796588414
0.32685276796588414
0.3268533902680544
0.3268533902680544
0.32685276796588414
0.32685276796588414
0.32685276796588414
0.35472295119957886
0.3268533902680544
1.4414391584149269
0.32685276796588414
0.32685276796588414
0.32685276796588414
0.32685276796588414
0.32685276796588414
0.32685276796588414
0.3268533902680544
0.32685276796588414
0.33853762193752435
0.3268533902680544
0.32685331551016994
0.32685276796588414
0.32685276796588414
0.35474113082709735
0.3268533902680544
0.32685276796588414
0.32685331551016994
0.3268533902680544
0.32685276796588414
0.3268533902680544
0.3268533902680544
0.3268533902680544
0.32685276796588414
0.32685276796588414
0.32685276796588414
0.32685276796588414
0.32685276796588414
0.5668293099749976
0.3268533902680544
0.32685276796588414
0.32784025507436865
0.32685276796588414
0.3268704000491168
0.32685276796588414
0.326911587732585
0.32685276796588414
0.32685276796588414
0.32685276796588414
0.32685276796588414
0.32685276796588414
0.3268533902680544
0.32685276796588414
0.32685276796588414
0.3268533902680544
0.3268533902680544
0.3268774635653968
0.32685276796588414
0.3268533902680544
0.32685276796588414
0.3268533902680544
0.3471101896982126
0.32685276796588414
0.3268533902680544
0.32685276796588414
0.32685276796588414
0.3268533902680544
0.32685276796588414
0.3268704000491168
0.32685276796588414
0.3268704000491168
0.32977394335496946
0.3268704000491168
0.32685276796588414
0.32685276796588414
0.32685276796588414
1.4172747388096796
0.3268533902680544
0.32685276796588414
0.32685276796588414
0.3268533902680544
0.3268533902680544
0.3268533902680544
0.32685276796588414
0.32922477174485354
0.8913204808390547
0.5668801186043679
0.3268704000491168
0.32839915238060635
0.3268533902680544
0.32685276796588414
0.3268533902680544
1.4414401221982664
0.3268774635653968
0.32685276796588414
0.32685276796588414
0.32685276796588414
0.3268533902680544
0.3268704000491168
0.32685276796588414
0.32685276796588414
0.3381294323199697
0.3268533902680544
0.32685276796588414
0.32685276796588414
0.3278408773765389
0.32685276796588414
0.32685276796588414
0.3268533902680544
0.32839915238060635
0.32685276796588414
0.32685276796588414
0.32685276796588414
0.42429092945684516
0.32685276796588414
0.32685276796588414
0.32685276796588414
0.5668814184865086
0.32685276796588414
0.32685276796588414
0.3268533902680544
0.3268774635653968
0.32685276796588414
0.5668801186043679
0.32685276796588414
0.32685276796588414
0.3268533902680544
0.32685276796588414
0.32685276796588414
0.32685276796588414
0.3268533902680544
0.32685276796588414
0.4242565408460075
0.4242869981129621
0.3268533902680544
0.3268533902680544
0.3278408773765389
0.32685276796588414
0.32685276796588414
0.32685276796588414
0.3268533902680544
0.32685276796588414
0.32685276796588414
0.32685276796588414
0.5239049676172
0.3268533902680544
0.3268533902680544
0.3268533902680544
0.32685276796588414
0.32685276796588414
0.32685276796588414
0.32685276796588414
0.5668293099749976
0.32685276796588414
0.8912329417586258
0.5668801186043679
0.35472295119957886
0.5668293099749976
0.4242869981129621
0.32685276796588414
0.32685276796588414
0.32685276796588414
0.3268533902680544
0.7957372607177207
0.5668554230048553
0.32685276796588414
0.3268533902680544
0.32685276796588414
0.3268533902680544
0.3268533902680544
0.3268533902680544
0.32685276796588414
0.32685276796588414
0.32685276796588414
0.3268533902680544
0.32685276796588414
0.5239049676172
0.32687102235128707
0.32685276796588414
0.32685276796588414
0.32685276796588414
0.3268533902680544
0.32685276796588414
0.32685276796588414
0.3268533902680544
0.3471101896982126
0.3268533902680544
0.8665774077942549
0.3268704000491168
0.32685276796588414
0.3268533902680544
0.3268533902680544
0.3381293575620853
0.3268533902680544
0.32685276796588414
0.32685276796588414
0.32685276796588414
0.5821475096057286
0.32685276796588414
0.32685276796588414
0.32685276796588414
0.5821323373150242
0.3268533902680544
0.32685276796588414
0.3268950956486295
0.32685276796588414
0.35472295119957886
0.32685276796588414
0.3268533902680544
0.32685276796588414
0.32685276796588414
0.3268533902680544
0.3268533902680544
0.3268533902680544
0.8914199583866437
0.32685276796588414
0.32685276796588414
0.3268533902680544
0.32685276796588414
0.5238745103502453
0.32685276796588414
0.4242869981129621
0.32685276796588414
0.7957641285179022
0.32922477174485354
0.32685276796588414
0.3268533902680544
0.32687102235128707
0.3268704000491168
0.32685276796588414
0.3298156487355446
0.32685276796588414
0.32685276796588414
0.32685276796588414
0.32685276796588414
0.32685276796588414
0.3268533902680544
0.3297733210527992
0.3285787369983459
0.8912250209908006
0.3268533902680544
0.3268533902680544
0.3268533902680544
0.32685276796588414
0.32685276796588414
0.32685276796588414
0.3268533902680544
0.3268533902680544
0.3268533902680544
0.32685276796588414
0.32685276796588414
0.3268533902680544
0.3385382442396946
0.32685276796588414
0.4242869981129621
0.3268533902680544
0.7957641285179022
0.3381294323199697
0.32685276796588414
0.32685276796588414
0.35472295119957886
0.32685276796588414
0.326911587732585
0.32685276796588414
0.3268533902680544
0.3268533902680544
0.32685276796588414
0.3268704000491168
0.32685276796588414
0.3268704000491168
0.32685276796588414
0.32685276796588414
0.32685276796588414
0.3268533902680544
0.5821584503448819
0.32685276796588414
0.32685276796588414
0.32685276796588414
0.32685276796588414
0.32685276796588414
0.32685276796588414
0.32685276796588414
0.32685276796588414
0.32685276796588414
0.5821323373150242
0.4242869981129621
0.32685276796588414
0.32685276796588414
0.32685276796588414
0.32691096543041476
0.3268704000491168
0.32685276796588414
0.32685276796588414
0.3268533902680544
0.32685276796588414
0.32685276796588414
0.32685276796588414
0.32685276796588414
0.32685276796588414
0.32685276796588414
0.32685276796588414
0.3268533902680544
0.3268533902680544
0.3268533902680544
0.32685276796588414
0.32685276796588414
0.3268533902680544
0.32685276796588414
0.5668306098571383
0.32685276796588414
0.32693628333209773
0.32685276796588414
0.3268533902680544
0.32685276796588414
0.32685276796588414
0.32685276796588414
0.3268533902680544
0.32685276796588414
0.32685276796588414
0.32685276796588414
0.32685276796588414
0.32685276796588414
0.32685276796588414
0.32685276796588414
0.32685276796588414
0.32685276796588414
0.32685276796588414
0.3268533902680544
0.3268533902680544
0.3268533902680544
0.32685276796588414
0.3268533902680544
0.32685276796588414
0.3268533902680544
0.32685276796588414
0.32685276796588414
0.32685276796588414
0.32685276796588414
0.32685276796588414
0.32685276796588414
0.32685276796588414
0.32685276796588414
0.32685276796588414
0.32685276796588414
0.32685276796588414
0.32685276796588414
0.32685276796588414
0.3268533902680544
0.35472349874386466
0.32685276796588414
0.32685276796588414
0.3268533902680544
0.32685276796588414
0.32685276796588414
0.3268774635653968
0.32687808586756706
0.35472295119957886
0.3268533902680544
0.32685276796588414
0.3268533902680544
0.32687808586756706
0.32685276796588414
0.32685276796588414
0.32685276796588414
0.32685276796588414
0.32685276796588414
0.32685276796588414
0.32685276796588414
0.32685276796588414
0.32685276796588414
0.32693566102992744
0.32685276796588414
0.3268533902680544
0.32691096543041476
0.32685276796588414
0.32685276796588414
0.32685276796588414
0.32685276796588414
0.32685276796588414
0.34711081200038285
0.32685276796588414
0.32691096543041476
0.32685276796588414
0.3268533902680544
0.3268533902680544
0.32685276796588414
0.32685276796588414
0.3268533902680544
0.32685276796588414
0.32685276796588414
0.32685276796588414
0.3268533902680544
0.32685276796588414
0.32685276796588414
0.32685276796588414
0.32685276796588414
0.32685276796588414
0.32691096543041476
0.32685276796588414
0.32685276796588414
0.32685276796588414
0.3268533902680544
0.3547228764416944
0.3268533902680544
0.32685276796588414
0.32784025507436865
0.32685276796588414
0.32685276796588414
0.32685276796588414
0.3268704000491168
0.32685276796588414
0.32685276796588414
0.3268704000491168
0.32685276796588414
0.3268533902680544
0.32685276796588414
0.32691096543041476
0.3268533902680544
0.32685276796588414
0.32685276796588414
0.7957641285179022
0.32685276796588414
0.7957641285179022
0.3268533902680544
0.32685276796588414
0.32685276796588414
0.3268533902680544
0.32685276796588414
0.32685276796588414
0.3268533902680544
0.3268704000491168
0.32685276796588414
0.32685276796588414
0.3268533902680544
0.32685276796588414
0.32685276796588414
0.32685276796588414
0.3268533902680544
0.32687808586756706
0.3268533902680544
0.32685276796588414
0.32685276796588414
0.3268533902680544
0.32922477174485354
0.566896590777213
0.3268533902680544
0.32685276796588414
0.32685276796588414
0.32685276796588414
0.3471101896982126
0.32685276796588414
0.32685276796588414
0.3268533902680544
0.32693566102992744
0.32861344360165656
0.32685276796588414
0.7960077396963502
0.32685276796588414
0.32685276796588414
0.32685276796588414
0.32685276796588414
0.32685276796588414
0.8912329417586258
0.32687102235128707
0.32685276796588414
0.32685276796588414
0.3268533902680544
0.32784025507436865
0.32685276796588414
0.3268533902680544
0.3268533902680544
0.32685276796588414
0.32685276796588414
