0.5821310374328834
0.32691151297470056
0.32685331551016994
0.3268526932079997
0.3268780111096826
0.3268780111096826
0.7960323605379784
0.32685331551016994
0.3268533902680544
0.32685331551016994
0.32685331551016994
0.3268780111096826
0.3268773888075124
0.3268526932079997
0.32685331551016994
0.32685331551016994
0.32685331551016994
0.3268533902680544
0.3268526932079997
0.3268533902680544
0.32685331551016994
0.32685331551016994
0.3268533902680544
0.32685331551016994
0.32685331551016994
0.3268533902680544
0.3268526932079997
0.32685331551016994
0.32685276796588414
0.3268533902680544
0.3268774635653968
0.326911587732585
0.7957371859598362
0.3268773888075124
0.3268774635653968
0.32685331551016994
0.32685331551016994
0.32685331551016994
0.32685331551016994
0.3268526932079997
0.3268533902680544
0.32685276796588414
0.3268533902680544
0.3268526932079997
0.3268526932079997
0.32685331551016994
0.32685331551016994
0.32685331551016994
0.3268533902680544
0.3268780111096826
0.32685331551016994
0.3268533902680544
0.3268533902680544
0.32685331551016994
0.3268773888075124
0.32685331551016994
0.32685276796588414
0.3268533902680544
0.3268533902680544
0.3465497580357172
0.3268533902680544
0.3268526932079997
0.32685276796588414
0.326911587732585
0.7957372607177207
0.3268533902680544
0.32685331551016994
0.32685276796588414
0.3268533902680544
0.32923470799076704
0.3268533902680544
0.32691096543041476
0.32685331551016994
0.3268526932079997
0.3268533902680544
0.32685276796588414
0.7957619563172333
0.3268780111096826
0.32685331551016994
0.3268533902680544
0.32685276796588414
0.32685331551016994
0.32685331551016994
0.3269362085742133
0.3268533902680544
0.32685331551016994
0.3268533902680544
0.32691151297470056
0.32685331551016994
0.3381299798642556
0.32685331551016994
0.3268780111096826
0.326911587732585
0.3268533902680544
0.32685331551016994
0.32687808586756706
0.3268533902680544
0.3268774635653968
0.3268533902680544
0.3268533902680544
0.3268780111096826
0.5719763483193337
0.32685331551016994
0.3268533902680544
0.3268709475934026
0.32685276796588414
0.3268533902680544
0.32685331551016994
0.3268533902680544
1.4414514960420408
0.32685331551016994
0.32685331551016994
0.32685276796588414
0.32685276796588414
0.32685276796588414
0.3268533902680544
0.3268780111096826
0.32685331551016994
0.3268773888075124
0.3268526932079997
0.3268526932079997
0.3268533902680544
0.3268533902680544
0.3268780111096826
0.3268533902680544
0.32685331551016994
0.326935586272043
0.32685331551016994
0.32687102235128707
0.32685331551016994
0.32685331551016994
0.3268774635653968
0.3268526932079997
0.3268533902680544
0.32685331551016994
0.32685276796588414
0.3269108906725303
0.3268533902680544
0.3268533902680544
0.3268533902680544
0.3268533902680544
0.3268780111096826
0.32685331551016994
0.3268533902680544
0.32685331551016994
0.3268533902680544
0.32685276796588414
0.32685331551016994
0.6755555089639598
0.32685331551016994
0.32685331551016994
0.3268533902680544
0.32687808586756706
0.3268533902680544
0.3268533902680544
0.3268533902680544
0.32685331551016994
0.32685331551016994
0.32685331551016994
0.32685331551016994
0.32685331551016994
0.3268533902680544
0.32685331551016994
0.32685276796588414
0.32685276796588414
0.32685276796588414
0.3268956431929153
0.32685331551016994
0.32691096543041476
0.3268709475934026
0.3268533902680544
0.32685331551016994
0.3268533902680544
0.32685331551016994
0.326911587732585
0.32685276796588414
0.7957372607177207
0.32685331551016994
0.32689571795079975
0.32685331551016994
0.32685331551016994
0.32691151297470056
0.32685331551016994
0.3268526932079997
0.32691151297470056
0.3268773888075124
0.32685331551016994
0.32685331551016994
0.32685331551016994
0.32691151297470056
0.32685331551016994
0.3268533902680544
0.3268533902680544
0.5239049676172
0.32685331551016994
0.3268533902680544
0.32691151297470056
0.3274391398322327
0.3268533902680544
0.32691151297470056
0.3268533902680544
0.3268533902680544
0.3268533902680544
0.32685276796588414
0.3268780111096826
0.32685331551016994
0.32689571795079975
0.3268526932079997
0.326911587732585
0.3268533902680544
0.32685331551016994
0.32685331551016994
0.7957888241174149
0.32685331551016994
0.3268773888075124
0.32687808586756706
0.32685331551016994
0.32685331551016994
0.32685331551016994
0.5246383911351074
0.33853816948181015
0.32685276796588414
0.3268533902680544
0.3268526932079997
0.3268533902680544
0.3268526932079997
0.32685331551016994
0.3268526932079997
0.3268780111096826
0.32691151297470056
0.32687808586756706
0.3269108906725303
0.3268780111096826
0.3268773888075124
0.3268533902680544
0.32685276796588414
0.32685331551016994
0.32685331551016994
0.326911587732585
0.32687808586756706
0.3268533902680544
0.32685276796588414
0.32685276796588414
0.3268533902680544
0.3268533902680544
0.3268533902680544
0.32687808586756706
0.3268533902680544
0.3268533902680544
0.32685331551016994
0.32691151297470056
0.32685331551016994
0.32685331551016994
0.32685331551016994
0.32691151297470056
0.32687808586756706
0.32685276796588414
0.3268533902680544
0.3268526932079997
0.3268533902680544
0.3268533902680544
0.32687808586756706
0.32685331551016994
0.32685276796588414
0.326911587732585
0.3268533902680544
0.32685331551016994
0.32685331551016994
0.32685276796588414
0.326911587732585
0.32691096543041476
0.3268533902680544
0.32685331551016994
0.3268533902680544
0.3268533902680544
0.32687808586756706
0.32687808586756706
0.3268533902680544
0.3268533902680544
0.3268780111096826
0.3268533902680544
0.32685276796588414
0.3268533902680544
0.32685331551016994
0.326911587732585
0.326911587732585
0.3268533902680544
0.3268533902680544
0.32691151297470056
0.32685276796588414
0.32685331551016994
0.3268533902680544
0.32685331551016994
0.32685276796588414
0.3268526932079997
0.4242862872293302
0.32685331551016994
1.4422078299722325
0.32857866224046145
0.32691096543041476
0.32685331551016994
0.32685331551016994
0.3268533902680544
0.32685331551016994
0.3268709475934026
0.3268533902680544
0.3268533902680544
0.32691096543041476
0.3268774635653968
0.32685331551016994
0.32685331551016994
0.3268533902680544
0.32687808586756706
0.32685331551016994
0.32685331551016994
0.3268533902680544
0.3268526932079997
0.32685331551016994
0.326911587732585
0.32685331551016994
0.32685331551016994
0.32687808586756706
0.3268533902680544
0.3285887480021438
0.3269108906725303
0.3268533902680544
0.32685331551016994
0.32685331551016994
0.3268533902680544
0.32685331551016994
0.32687808586756706
0.326911587732585
0.3268533902680544
0.3268533902680544
0.32691151297470056
0.3268533902680544
0.32685276796588414
0.3268526932079997
0.32685331551016994
0.3268533902680544
0.32685331551016994
0.32685276796588414
0.3268533902680544
0.8912487630007094
0.3268774635653968
0.789075428086704
0.32685276796588414
0.32685331551016994
0.3268526932079997
0.32685331551016994
0.32685331551016994
0.32685331551016994
0.3268773888075124
0.3268774635653968
0.32687808586756706
0.3268533902680544
0.32685331551016994
0.32691151297470056
0.3269108906725303
0.32685331551016994
0.3268533902680544
0.3268533902680544
0.3268533902680544
0.3268533902680544
0.32685331551016994
0.32685331551016994
0.32691151297470056
0.32685331551016994
0.3268533902680544
0.32685331551016994
0.32685331551016994
0.32685331551016994
0.32685331551016994
0.3268780111096826
0.32685331551016994
0.3268526932079997
0.32685331551016994
0.3268526932079997
0.32685276796588414
0.3268526932079997
0.3268774635653968
0.3268526932079997
0.3268533902680544
0.32691151297470056
0.3278408773765389
0.3268526932079997
0.3268526932079997
0.32685331551016994
0.32685331551016994
0.32685331551016994
0.3268526932079997
0.32687808586756706
0.3268526932079997
0.32685331551016994
0.3268526932079997
0.3269108906725303
0.3268533902680544
0.3268780111096826
0.32685331551016994
0.3268533902680544
0.32691151297470056
0.3268533902680544
0.32685331551016994
0.32685276796588414
0.3268533902680544
0.3268533902680544
0.3268533902680544
0.3268780111096826
0.3268704000491168
0.32685276796588414
0.3268533902680544
0.3268526932079997
0.32691151297470056
0.32685331551016994
0.3268533902680544
0.32685331551016994
0.3268533902680544
0.32687808586756706
0.3268533902680544
0.32685331551016994
0.3268780111096826
0.32691151297470056
0.3268526932079997
0.32687808586756706
0.32685331551016994
0.32685331551016994
0.32693628333209773
0.3268533902680544
0.3268533902680544
0.3268780111096826
0.3268533902680544
0.32687102235128707
0.3268533902680544
0.3268709475934026
0.32685331551016994
0.3269291450579333
0.32691151297470056
0.32685331551016994
0.32685331551016994
0.326911587732585
0.3268533902680544
0.32685331551016994
0.3268533902680544
0.3268533902680544
0.32685331551016994
0.32685331551016994
0.32685331551016994
0.32685331551016994
0.32691151297470056
0.3268526932079997
0.3268533902680544
0.3268533902680544
0.3268533902680544
0.3268780111096826
0.329773868597085
0.32685331551016994
0.3268533902680544
0.3268526932079997
0.3268533902680544
0.3268533902680544
0.32685276796588414
0.32685331551016994
0.326911587732585
0.32685331551016994
0.32685276796588414
0.32685331551016994
0.32685331551016994
0.3268533902680544
0.3268773888075124
0.3268533902680544
0.3268956431929153
0.3292594035902798
0.32685331551016994
0.32685331551016994
0.32685331551016994
0.3465744536352299
0.3268526932079997
0.32685276796588414
0.32685331551016994
0.32685331551016994
0.3268533902680544
0.3268533902680544
0.3268526932079997
0.3268533902680544
0.32685331551016994
0.32685331551016994
0.32691151297470056
0.32685276796588414
0.3268533902680544
0.3268533902680544
0.3268533902680544
0.3646408790969924
0.3268533902680544
0.3268533902680544
0.3268533902680544
0.3268774635653968
0.3268526932079997
0.3268780111096826
0.3268526932079997
0.32691151297470056
0.32685331551016994
0.3268526932079997
0.32685331551016994
0.32685276796588414
0.326911587732585
0.32691096543041476
0.32691151297470056
0.3268526932079997
0.3268780111096826
0.32685331551016994
0.32685331551016994
0.32685331551016994
0.32687808586756706
0.3268780111096826
0.32685331551016994
0.32685331551016994
0.3268526932079997
0.32685331551016994
0.33853816948181015
0.3268533902680544
0.32685331551016994
0.3268533902680544
0.8894172497344179
0.3268533902680544
0.32685276796588414
0.32685331551016994
0.32687102235128707
0.3268533902680544
0.3268773888075124
0.32685331551016994
0.32685331551016994
0.3268526932079997
0.3268780111096826
0.3268533902680544
0.32685331551016994
0.32685331551016994
0.32687808586756706
0.3268533902680544
0.3269108906725303
0.3268773888075124
0.32685331551016994
0.326911587732585
0.3269108906725303
0.3268526932079997
0.32685331551016994
0.32685331551016994
0.3268533902680544
0.32685331551016994
0.32685331551016994
0.32685331551016994
0.32685331551016994
0.3268780111096826
0.3268526932079997
0.3268533902680544
0.3268526932079997
0.7976035359439481
0.32685331551016994
0.3268533902680544
0.32685331551016994
0.3268533902680544
0.3268533902680544
0.3268533902680544
0.3268533902680544
0.32685331551016994
0.3268533902680544
0.3268780111096826
0.32685276796588414
0.32685331551016994
0.32687808586756706
0.32685331551016994
0.3268533902680544
0.32685331551016994
0.32691151297470056
0.4242565408460075
0.32685331551016994
0.3268533902680544
0.32685331551016994
0.9504594396517244
0.3268526932079997
0.32691151297470056
0.32685276796588414
0.32685331551016994
0.3268533902680544
0.32685331551016994
0.3268780111096826
0.32685276796588414
0.3268526932079997
0.3268533902680544
0.3268533902680544
0.3268533902680544
0.3268704000491168
0.3268774635653968
0.3268526932079997
0.32685331551016994
0.32687808586756706
0.3268526932079997
0.3268533902680544
0.32685331551016994
0.3268533902680544
0.3268533902680544
0.32685276796588414
0.3268526932079997
0.32685276796588414
0.3268526932079997
0.3268526932079997
0.3268780111096826
0.32685331551016994
0.32687808586756706
0.7957372607177207
0.3268526932079997
0.32687808586756706
0.32685331551016994
0.32685331551016994
0.32691151297470056
0.3268533902680544
0.3268780111096826
0.3268526932079997
0.3268526932079997
0.32685276796588414
0.32685276796588414
0.3268773888075124
0.32691151297470056
0.3268780111096826
0.3268533902680544
0.32687808586756706
0.3268774635653968
0.32689571795079975
0.3268533902680544
0.32687102235128707
0.32685331551016994
0.3268526932079997
0.3268533902680544
0.32687808586756706
0.3268780111096826
0.3268774635653968
0.32685331551016994
0.32685331551016994
0.32685276796588414
0.32691151297470056
0.32685276796588414
0.3268526932079997
0.32685331551016994
0.3268533902680544
0.3268533902680544
0.32685331551016994
0.3268526932079997
0.3268526932079997
0.32685331551016994
0.32685276796588414
0.32685331551016994
0.32687808586756706
0.32685331551016994
0.32685331551016994
0.32685331551016994
0.32687102235128707
0.32685331551016994
0.3268780111096826
0.3268533902680544
0.3268533902680544
1.4414501097169305
0.32685331551016994
0.32685331551016994
0.32685331551016994
0.3268703252912324
0.3268780111096826
0.3268533902680544
0.32685331551016994
0.3268533902680544
0.3268533902680544
0.3268533902680544
0.32685331551016994
0.3278408773765389
0.3292246969869691
0.3268526932079997
0.32691151297470056
0.3268704000491168
0.3268780111096826
0.3268533902680544
0.32687808586756706
0.3269108906725303
0.3268533902680544
0.3268533902680544
0.3268533902680544
0.32691151297470056
0.32687808586756706
0.32691096543041476
0.326911587732585
0.3268526932079997
0.3268780111096826
0.3268780111096826
0.32685331551016994
0.3268526932079997
0.32685331551016994
0.32687808586756706
0.3268533902680544
0.3268773888075124
0.3268533902680544
0.32685276796588414
0.3268533902680544
0.32685331551016994
0.3268533902680544
0.3268533902680544
0.32685276796588414
0.3268526932079997
0.3268533902680544
0.32685331551016994
0.32685331551016994
0.3268533902680544
1.4406507019269845
0.3268526932079997
0.3268533902680544
0.3268533902680544
0.32685331551016994
0.3269108906725303
0.3268533902680544
0.32685276796588414
0.3268780111096826
0.326911587732585
0.32687808586756706
0.32691151297470056
0.32685331551016994
0.3268703252912324
0.3268533902680544
0.3268533902680544
0.32691151297470056
0.32691151297470056
0.32685331551016994
0.32685331551016994
0.3268533902680544
0.32685276796588414
0.32685331551016994
0.3268533902680544
0.3268533902680544
0.32685331551016994
0.32691151297470056
0.32691151297470056
0.3268533902680544
0.3268533902680544
0.3268780111096826
0.32685276796588414
0.3268533902680544
0.3268533902680544
0.32685276796588414
0.32685331551016994
0.3268533902680544
0.32685276796588414
0.32685331551016994
0.32685331551016994
0.3268533902680544
0.32786557297605157
0.32691151297470056
0.3268533902680544
0.3268780111096826
0.3268780111096826
0.32685331551016994
0.3268526932079997
0.32691151297470056
0.32685331551016994
0.3465497580357172
0.3269108906725303
0.3268533902680544
0.32685331551016994
0.326911587732585
0.3269362085742133
0.3268533902680544
0.32687808586756706
0.3268533902680544
0.3268956431929153
0.3268774635653968
0.3268533902680544
0.3268773888075124
0.32685276796588414
0.3268533902680544
0.3268526932079997
0.32685276796588414
0.32685331551016994
0.32685276796588414
0.3268533902680544
0.32685276796588414
0.32685331551016994
0.3268533902680544
0.3268533902680544
0.3268533902680544
0.32685276796588414
0.7960323605379784
0.3268533902680544
0.32685331551016994
0.32687808586756706
0.32685331551016994
0.32685331551016994
0.32685276796588414
0.3268533902680544
0.3268709475934026
0.32685331551016994
0.32685331551016994
0.32691151297470056
0.3268533902680544
0.3268533902680544
0.32687808586756706
0.3268533902680544
0.3268773888075124
0.3268526932079997
0.3268533902680544
0.3268526932079997
0.32685331551016994
0.32685331551016994
0.3268780111096826
0.3268533902680544
0.33813005462214
0.3268780111096826
0.32685331551016994
0.3268533902680544
0.32685331551016994
0.32685331551016994
0.32685276796588414
0.32685276796588414
0.32691151297470056
0.32685331551016994
0.32685331551016994
0.32685331551016994
0.32685331551016994
1.4414406550323204
0.3268533902680544
0.32691151297470056
0.3268526932079997
0.3268533902680544
0.3268533902680544
0.32786495067388133
0.3268533902680544
0.32685331551016994
0.32685331551016994
0.3268526932079997
0.32685331551016994
0.32685331551016994
0.32685276796588414
0.3268526932079997
0.32685331551016994
0.32685331551016994
0.3268533902680544
0.32691151297470056
0.326911587732585
0.3278408773765389
0.3268774635653968
0.32685331551016994
0.3268774635653968
0.3268780111096826
0.32685276796588414
0.3268533902680544
0.32685331551016994
0.3268526932079997
0.32685276796588414
0.3268533902680544
0.3268533902680544
0.32685331551016994
0.3268780111096826
0.3268526932079997
0.3268533902680544
0.32685276796588414
0.3268533902680544
0.32685331551016994
0.32685331551016994
0.3268526932079997
0.32685331551016994
0.32685331551016994
0.3268533902680544
0.3268533902680544
0.3268533902680544
0.3268533902680544
0.32685331551016994
0.32691096543041476
0.326911587732585
0.3268533902680544
0.32685331551016994
0.32685331551016994
0.32685276796588414
0.32685276796588414
0.5822706059749134
0.3268533902680544
0.32685331551016994
0.32685276796588414
0.32685276796588414
0.3269108906725303
0.32685331551016994
0.326911587732585
0.32685331551016994
0.3268533902680544
0.32685331551016994
0.32685276796588414
1.4414514960420408
0.32685331551016994
0.32685331551016994
0.32685331551016994
0.32685331551016994
0.32685331551016994
0.32685276796588414
0.32687808586756706
0.3268533902680544
0.32685331551016994
0.3268526932079997
0.32685331551016994
0.3268533902680544
0.32685331551016994
0.3268533902680544
0.3268780111096826
0.32685331551016994
0.3268533902680544
0.3268533902680544
0.3268533902680544
0.32685331551016994
0.32685331551016994
0.32687808586756706
0.3268533902680544
0.32685331551016994
0.3268533902680544
0.3646661969986753
0.32839915238060635
0.32685331551016994
0.32685331551016994
0.32685331551016994
0.7960345327386473
0.7957640537600177
0.3268533902680544
0.42427789146993183
0.32687102235128707
0.9504841352512371
0.3268533902680544
0.3268533902680544
0.32685331551016994
0.3268780111096826
0.3268526932079997
0.32685276796588414
0.32685331551016994
0.32685331551016994
0.3268533902680544
0.32685331551016994
0.32685331551016994
0.32691096543041476
0.3268704000491168
0.32685276796588414
0.3268533902680544
0.3268533902680544
0.32685276796588414
0.32685331551016994
0.3268533902680544
0.3268526932079997
0.32687102235128707
0.3268526932079997
0.3268780111096826
0.32685331551016994
0.3268780111096826
0.3268533902680544
0.32685276796588414
0.3268526932079997
0.3268533902680544
0.3268780111096826
0.32687808586756706
0.32685331551016994
0.32691151297470056
0.3268533902680544
0.3268533902680544
0.32685276796588414
0.36464157615704706
0.3268533902680544
0.3268533902680544
0.3268533902680544
0.3268533902680544
0.32685276796588414
0.3268533902680544
0.3268780111096826
0.32685331551016994
0.32685331551016994
0.32685331551016994
0.32685276796588414
0.3268533902680544
0.3292347827486515
0.3268533902680544
0.3268533902680544
0.3268533902680544
0.3268709475934026
0.3268774635653968
0.32784080261865445
0.326911587732585
0.32685276796588414
0.32685331551016994
0.32685331551016994
0.32685276796588414
0.32687808586756706
0.32983214081950013
0.3268780111096826
0.32685331551016994
0.32685331551016994
0.3268526932079997
0.32685276796588414
0.3268774635653968
0.32685331551016994
0.3268780111096826
0.3268533902680544
0.3268774635653968
0.32685331551016994
0.3268526932079997
