0.32685276796588414
1.4414401221982664
0.32685276796588414
0.32685331551016994
0.8914120376188185
0.32685276796588414
0.32687808586756706
0.33035262940286786
0.7957372607177207
0.3268703252912324
0.3268533902680544
0.32685276796588414
0.3268533902680544
0.32685331551016994
0.32685276796588414
0.7957887493595304
0.32685276796588414
0.32685276796588414
0.3268533902680544
0.7960345327386473
0.3279237704405823
0.3268526932079997
0.32685276796588414
0.32685331551016994
0.3547235735017491
0.3386911085868057
0.32685276796588414
0.3268533902680544
0.3268526932079997
0.3317945416206788
0.33813072264026245
0.32685331551016994
0.8665774077942549
0.3268533902680544
0.3268526932079997
0.3268533902680544
0.3268533902680544
0.3297915006803177
0.3268526932079997
0.32685331551016994
0.3268526932079997
0.3297909531360319
0.3268526932079997
0.3268526932079997
0.32687102235128707
0.5304982420403777
0.7957641285179022
0.32685276796588414
0.32685276796588414
0.3268526932079997
0.3268526932079997
0.32685331551016994
0.33813072264026245
0.979559828074344
0.32685276796588414
0.32685276796588414
0.32685276796588414
0.3268533902680544
0.3283985300784361
0.3268526932079997
0.3268526932079997
0.32685276796588414
0.32685276796588414
1.4414405447400374
0.32932529689212964
0.3268526932079997
0.3547228764416944
0.32685276796588414
0.32685276796588414
0.5668293099749976
0.3268526932079997
0.3268526932079997
0.3268526932079997
0.891386388429702
0.7957641285179022
0.3268526932079997
0.3471937050644262
0.3268526932079997
0.32685276796588414
0.3268533902680544
0.3268704000491168
0.32685276796588414
0.32685276796588414
0.3268526932079997
0.3286615553045048
0.3268526932079997
0.32685331551016994
0.3285887480021438
0.8913274480172759
0.32685276796588414
0.33813005462214
0.3268526932079997
0.32685276796588414
0.3268533902680544
0.3283985300784361
0.32685276796588414
0.32685331551016994
0.32685276796588414
0.3268526932079997
0.3268533902680544
1.6051173496126758
0.32685276796588414
0.3268526932079997
0.9504673604195495
0.3381294323199697
0.33813127018454825
0.3268704000491168
0.3268704000491168
0.3268533902680544
0.3268526932079997
0.32685276796588414
0.7957372607177207
0.32685276796588414
0.32685276796588414
0.3268526932079997
0.32685276796588414
0.3268526932079997
0.32685276796588414
0.3268703252912324
0.3283978191948042
0.3297909531360319
0.3268526932079997
0.35472295119957886
0.3268526932079997
0.32685276796588414
0.35532625808910545
0.32784025507436865
0.7958599761610816
0.3268533902680544
0.32685276796588414
0.3381294323199697
0.3268526932079997
0.3268526932079997
0.32866163006238924
0.32685276796588414
0.32685276796588414
0.32685331551016994
0.32685276796588414
0.3268526932079997
0.3289574208986534
0.3297733210527992
0.32685331551016994
0.32685276796588414
0.3268526932079997
0.7960346074965317
0.3268703252912324
0.32693566102992744
0.3268533902680544
0.553522817810951
0.329773868597085
0.3278408773765389
0.3297732462949148
0.5668448285582387
0.32685276796588414
0.32685276796588414
0.5845879953608247
0.32685276796588414
0.3268526932079997
0.32685331551016994
0.35472295119957886
0.3268526932079997
0.5668283563853936
0.32685276796588414
0.32685276796588414
0.32685276796588414
0.3268703252912324
0.3268526932079997
0.3269362085742133
0.32685276796588414
0.3268533902680544
0.3268533902680544
0.3268533902680544
0.32685331551016994
0.32685276796588414
0.3268526932079997
0.32685276796588414
0.9504673604195495
0.3268526932079997
0.4242869981129621
0.32687102235128707
0.7903719829432181
0.32685276796588414
0.32685276796588414
0.3268533902680544
0.3268533902680544
0.3268526932079997
0.3268704000491168
0.3268526932079997
0.3268533902680544
0.32741444423272004
0.3268526932079997
0.3268533902680544
0.3283978191948042
0.3268526932079997
0.32685276796588414
0.32685276796588414
0.3268526932079997
0.356047209710564
0.32685276796588414
0.3268709475934026
0.3465490609756625
0.32685276796588414
0.8912329417586258
0.3268526932079997
0.7957371859598362
0.3285887480021438
0.3268526932079997
0.3268526932079997
0.3268533902680544
0.32685276796588414
0.3547235735017491
0.32685276796588414
0.32685276796588414
0.5821310374328834
0.32685276796588414
0.32685276796588414
0.3268526932079997
0.3268526932079997
0.3286615553045048
0.32685276796588414
0.3465684272416519
1.4414401221982664
0.34654913573354695
0.32685331551016994
0.3268526932079997
0.32784025507436865
0.3385388374999326
0.32685276796588414
1.4414501097169305
0.32685276796588414
0.3297733210527992
0.3268533902680544
0.32685276796588414
0.3268526932079997
0.3268526932079997
0.3285886732442594
0.5238745103502453
0.32685276796588414
0.32685276796588414
0.32685276796588414
0.32685331551016994
0.8665774077942549
0.32685276796588414
0.3268526932079997
0.3269532931131602
0.32685276796588414
0.3381299798642556
0.3268526932079997
0.3297909531360319
0.34654913573354695
0.3268533902680544
0.32685276796588414
0.32685276796588414
0.3381294323199697
0.3297733210527992
0.3297909531360319
0.32743844277217804
0.3268526932079997
0.3268704000491168
0.32685276796588414
0.32685276796588414
0.3268526932079997
0.32685276796588414
0.33853762193752435
0.3268526932079997
0.3268526932079997
0.32685276796588414
0.32685276796588414
0.3268533902680544
0.3268533902680544
0.3268533902680544
0.32685331551016994
0.329773868597085
0.32687102235128707
0.32695321835527574
0.32685331551016994
0.32685276796588414
0.32685276796588414
0.3268526932079997
0.9504584860621205
0.3268533902680544
0.32685276796588414
0.32685276796588414
0.3268526932079997
0.3268533902680544
0.3268526932079997
0.32685276796588414
0.32685276796588414
0.34654913573354695
0.3268526932079997
0.3268709475934026
0.3268533902680544
0.5845857418890801
0.3268533902680544
0.3268533902680544
0.5542562413288584
0.32685276796588414
0.32741374717266536
0.3268703252912324
0.32685276796588414
0.32685276796588414
0.3268533902680544
0.32685276796588414
0.5674400016708366
0.3268533902680544
0.42425582996237565
0.32685276796588414
0.32685276796588414
0.32685276796588414
0.3268533902680544
0.3268526932079997
0.7960345327386473
0.3268526932079997
0.3285886732442594
0.3274138219305498
0.5535227430530666
0.32685331551016994
0.32685331551016994
0.32685276796588414
0.32685331551016994
0.32685276796588414
0.35474819434337734
0.32685331551016994
0.3268526932079997
0.586877012726552
0.32685276796588414
0.32685276796588414
0.32685276796588414
0.3268533902680544
0.3268526932079997
0.3268533902680544
0.7957641285179022
0.3547235735017491
0.32685276796588414
0.3268703252912324
0.33813072264026245
0.32685276796588414
0.32685276796588414
0.3268533902680544
0.3268533902680544
0.32859636908157863
0.3553668982282879
0.32685276796588414
0.3268526932079997
0.5668293099749976
0.32685276796588414
0.7957372607177207
0.3268526932079997
0.3278401803164842
0.3268704000491168
0.326935586272043
0.32687102235128707
0.3268526932079997
0.3268704000491168
0.3268533902680544
0.32685276796588414
0.32785788715760134
0.32685331551016994
0.32685331551016994
0.32685276796588414
0.32685276796588414
0.32841467214089237
0.3268533902680544
0.32685276796588414
0.32685331551016994
0.3268703252912324
0.32685276796588414
0.32930766480889695
0.32685276796588414
0.3268533902680544
0.32685276796588414
0.3547228764416944
0.32685276796588414
1.4414401221982664
0.326935586272043
0.3268526932079997
0.32784025507436865
0.9317486703387042
0.32685276796588414
0.7957641285179022
0.32685276796588414
0.32685276796588414
0.3268703252912324
0.7957888241174149
0.32685276796588414
0.33813005462214
0.7307281884871901
0.32685276796588414
0.3268526932079997
0.32685331551016994
0.5542563160867429
0.32685331551016994
0.32685276796588414
0.5542562413288584
0.32685276796588414
0.32741444423272004
0.5542562413288584
0.4242565408460075
0.32979157543820214
0.32691096543041476
0.32784080261865445
0.32685276796588414
0.32685276796588414
0.3268526932079997
0.32685276796588414
0.3268533902680544
0.3268526932079997
0.32685276796588414
0.3268533902680544
0.3268526932079997
0.3283985300784361
0.32685276796588414
0.3268526932079997
0.32743137925589805
0.32685276796588414
0.3268526932079997
0.3268526932079997
0.7957619563172333
0.5668293099749976
0.32685276796588414
0.3268526932079997
0.3283999467508819
0.5668293099749976
0.5668293099749976
0.32687102235128707
0.3268526932079997
0.32685331551016994
0.32685276796588414
0.32685276796588414
0.32685276796588414
0.3268526932079997
0.3268533902680544
0.32685276796588414
0.32685276796588414
0.3268533902680544
0.32685276796588414
0.32685276796588414
0.3268526932079997
0.32685276796588414
0.32685276796588414
0.3268533902680544
0.3268526932079997
0.3268526932079997
0.3268533902680544
0.32685276796588414
0.3547235735017491
0.32685276796588414
0.32687102235128707
0.32685331551016994
0.3268704000491168
0.3268533902680544
0.32685331551016994
0.7888470490482564
0.32685276796588414
0.8912329417586258
0.3268526932079997
0.3268533902680544
0.32685331551016994
0.3268526932079997
0.3278408773765389
0.3268780111096826
0.32685331551016994
0.32685276796588414
0.3268526932079997
0.32685276796588414
0.5668283563853936
0.5821313837254203
0.326911587732585
0.32685276796588414
0.32685331551016994
0.32685276796588414
0.3268526932079997
0.32687102235128707
0.32685276796588414
0.3268526932079997
0.3268526932079997
0.3268533902680544
0.3268526932079997
0.3268533902680544
0.32685276796588414
0.3268526932079997
0.32685276796588414
0.3268533902680544
0.3268533902680544
0.32685276796588414
0.3268533902680544
0.32685276796588414
0.32685276796588414
0.3268526932079997
0.3268526932079997
0.3268526932079997
0.32685276796588414
0.3268533902680544
0.32685276796588414
0.3268704000491168
0.35011302086548934
0.3268526932079997
0.3268526932079997
0.32685331551016994
0.32857866224046145
0.3268526932079997
0.34654913573354695
0.3268526932079997
0.3327667844483322
0.3471101896982126
0.32685276796588414
0.3268526932079997
0.3268774635653968
0.326935586272043
0.32685276796588414
0.3268773888075124
0.32685276796588414
0.32685276796588414
0.32687102235128707
0.5668283563853936
0.3268526932079997
0.3398553265945471
0.3268533902680544
0.4242869981129621
0.3268533902680544
0.32687102235128707
0.3268526932079997
0.32931760105481045
0.6740599435369854
0.32685276796588414
0.3268703252912324
0.3268526932079997
1.5791438740098251
0.3268704000491168
0.32691096543041476
0.32685276796588414
0.32685331551016994
0.3268533902680544
0.32685276796588414
0.3268526932079997
0.3268526932079997
0.32685331551016994
0.3268533902680544
0.6638468475497099
0.32685276796588414
0.3268533902680544
0.32685276796588414
0.3268703252912324
0.3268526932079997
0.3297909531360319
0.32685276796588414
0.32685276796588414
0.3465497580357172
0.5534923605439964
0.3268526932079997
0.32685331551016994
0.3297732462949148
0.3268526932079997
0.32685276796588414
0.3268526932079997
0.3268526932079997
0.32685276796588414
0.3385388374999326
0.32685276796588414
0.32685276796588414
0.3283985300784361
0.8912250209908006
0.3268533902680544
0.32685276796588414
0.3274138219305498
0.3268703252912324
0.32685276796588414
0.5239049676172
0.3465490609756625
0.3547235735017491
0.8912329417586258
0.32685276796588414
0.32685276796588414
0.32685276796588414
0.3268526932079997
1.4414510735002701
0.32685276796588414
0.3268533902680544
0.32685276796588414
0.32685331551016994
0.34654913573354695
0.3268526932079997
0.32687102235128707
0.3268526932079997
0.32685276796588414
0.32685276796588414
0.3268526932079997
1.4414514960420408
0.32741374717266536
0.3547228764416944
0.32685331551016994
0.3269532931131602
1.4414405447400374
0.3268703252912324
0.3268533902680544
0.32685276796588414
0.32685276796588414
0.3268704000491168
0.8912329417586258
0.3471101896982126
0.32685331551016994
0.3268526932079997
0.32685276796588414
0.32685331551016994
0.32685276796588414
0.32784080261865445
0.447098953410918
0.3268533902680544
0.3268533902680544
0.3268526932079997
0.5668293099749976
0.32933523313804314
0.32685276796588414
0.32685331551016994
0.32685331551016994
1.4414401221982664
0.32685276796588414
0.3268533902680544
0.3268704000491168
0.32685276796588414
0.3547228764416944
0.3268526932079997
0.32866163006238924
0.3268533902680544
0.3268709475934026
0.3381293575620853
0.35472295119957886
0.32685276796588414
0.3298795660648456
0.3268526932079997
0.3268533902680544
0.3268533902680544
0.326911587732585
0.3268709475934026
0.3268533902680544
0.5668461284403795
0.3268533902680544
0.3268526932079997
0.3297732462949148
0.3268526932079997
1.4414405447400374
0.3268526932079997
0.32685276796588414
0.3268709475934026
0.32685276796588414
0.5239048928593155
0.7459404343812608
0.3487535394544805
0.3268526932079997
0.3268526932079997
0.3268526932079997
0.3268709475934026
0.32685331551016994
0.32685276796588414
0.32685276796588414
0.32685276796588414
0.32685276796588414
0.32685331551016994
0.32685276796588414
0.32685276796588414
0.32685276796588414
0.5668293099749976
0.32685276796588414
0.3268533902680544
0.3268526932079997
0.3268526932079997
0.33853816948181015
0.3274143694748356
0.32685331551016994
0.34711081200038285
0.32685276796588414
0.5668306098571383
0.32685276796588414
0.32685276796588414
0.566856722886996
0.3268526932079997
0.4242869981129621
0.32685331551016994
0.3268526932079997
0.3268780111096826
0.3268526932079997
0.7957640537600177
0.3268526932079997
0.5668296562675345
0.32685276796588414
0.3268526932079997
1.4414405447400374
0.3268526932079997
0.5668293099749976
0.3285787369983459
0.32685331551016994
0.3385375471796399
0.3268533902680544
0.4468801815064599
0.3268526932079997
0.3268533902680544
0.3268526932079997
0.3560585189970421
0.3268533902680544
0.3268526932079997
0.3268526932079997
0.3268526932079997
0.3286615553045048
0.3286615553045048
0.3268526932079997
0.32685276796588414
0.34712774702356086
0.32685276796588414
0.3268526932079997
0.9663586051726514
0.32685276796588414
0.3268533902680544
0.3268533902680544
0.32741444423272004
0.32685331551016994
0.32685276796588414
0.3278408773765389
0.32685331551016994
0.32691096543041476
0.32685276796588414
0.32685331551016994
0.3268526932079997
0.32685276796588414
0.32685331551016994
0.32685276796588414
0.32685276796588414
0.32685276796588414
0.32685276796588414
0.32685331551016994
0.3268526932079997
0.32685276796588414
0.32687102235128707
0.32685276796588414
0.3283978191948042
0.5246079338681527
0.3268533902680544
0.32685276796588414
0.3268526932079997
0.5719666133251693
0.35472295119957886
0.3268526932079997
0.8188130961774461
0.3268704000491168
0.32685276796588414
0.3297909531360319
0.3268533902680544
0.32685276796588414
0.3268774635653968
0.32685276796588414
0.32685276796588414
0.3268703252912324
0.32685276796588414
0.32685276796588414
0.3268526932079997
0.32685331551016994
0.32685276796588414
0.32685276796588414
0.3268533902680544
0.3268526932079997
0.3274138219305498
0.32867156630830274
0.3268533902680544
0.3268533902680544
0.32685331551016994
0.3268526932079997
0.3274143694748356
0.32685276796588414
0.32685276796588414
0.32685276796588414
0.32685331551016994
0.3381294323199697
0.3268526932079997
0.3268526932079997
0.32685276796588414
0.3268533902680544
0.8912319881690218
0.3268533902680544
0.32685276796588414
0.32685331551016994
0.32685331551016994
0.32685276796588414
0.9801434651825277
0.3547235735017491
0.3381294323199697
0.32685276796588414
0.32685276796588414
0.32685276796588414
0.3297732462949148
0.32685276796588414
0.3285787369983459
0.3268526932079997
0.3268533902680544
0.32687102235128707
0.3268703252912324
0.3268526932079997
0.4242565408460075
0.32857866224046145
0.3268526932079997
0.32685276796588414
0.3268526932079997
0.32685276796588414
1.4414395809566978
0.32685276796588414
0.3268526932079997
0.3268526932079997
0.3268526932079997
0.32685276796588414
0.32784025507436865
0.32685276796588414
0.3268533902680544
0.3268526932079997
0.32685276796588414
0.32685331551016994
0.3268526932079997
0.32685331551016994
0.32685276796588414
0.3268526932079997
0.3285787369983459
0.3268533902680544
0.3381294323199697
0.3268704000491168
0.3268526932079997
0.3268526932079997
0.328957509480115
0.32685331551016994
1.4414391584149269
0.32685276796588414
0.5239048928593155
0.32685276796588414
0.3268533902680544
0.3268526932079997
0.3268526932079997
0.32685276796588414
0.3297732462949148
0.32741374717266536
0.32867926214562193
0.3268703252912324
0.3268526932079997
0.32741374717266536
0.32866163006238924
0.32685276796588414
0.3268526932079997
0.3268526932079997
0.3269362085742133
0.3268526932079997
0.5668457821478426
0.3293075900510125
0.3283985300784361
0.32685276796588414
0.3268526932079997
0.7957372607177207
0.32685276796588414
0.44687947062282807
1.419655488994486
0.5669666250452828
0.3268533902680544
0.3268533902680544
0.3268526932079997
0.32685276796588414
0.32685276796588414
0.32785788715760134
0.32685331551016994
0.3268526932079997
0.3285886732442594
0.32685276796588414
0.3268533902680544
0.32685276796588414
0.3286615553045048
0.3271592414733713
0.32685276796588414
1.4414877899727336
0.3268533902680544
0.3385382442396946
0.3268533902680544
0.3268533902680544
0.3268533902680544
0.3268526932079997
0.3268533902680544
0.32685276796588414
0.32784080261865445
0.3268533902680544
0.32866163006238924
0.32685276796588414
0.3268526932079997
0.3268533902680544
0.8912566837685346
0.32685276796588414
0.3268533902680544
0.32685276796588414
0.32685276796588414
0.3268533902680544
0.32685276796588414
0.32685276796588414
0.3381294323199697
0.32685276796588414
0.32685276796588414
0.3268526932079997
0.32685276796588414
0.32685331551016994
0.32685331551016994
0.8912319881690218
0.3385375471796399
0.3268526932079997
0.32685276796588414
0.3268533902680544
0.3268774635653968
0.5668283563853936
0.32685276796588414
0.3269539154153305
0.3268526932079997
0.5821323373150242
0.3283985300784361
0.3268533902680544
0.7960346074965317
0.3268526932079997
0.3268526932079997
0.3268533902680544
0.4251884695824362
0.32685331551016994
0.32685276796588414
0.32685276796588414
0.32685276796588414
0.32685276796588414
0.7960346074965317
0.3268533902680544
0.3268533902680544
0.3268709475934026
0.32687102235128707
0.32979157543820214
0.3268533902680544
0.3268526932079997
0.3268526932079997
0.32685276796588414
0.8912250209908006
0.32685331551016994
0.32685276796588414
0.32685276796588414
0.32685276796588414
0.32895679859648314
0.32685276796588414
1.4414405447400374
0.33245326641222084
0.3268526932079997
0.5542563160867429
0.32685331551016994
0.32685276796588414
0.3269362085742133
0.3268533902680544
0.32685276796588414
0.32685276796588414
0.7957641285179022
0.32685276796588414
0.32685276796588414
0.3268533902680544
0.32685276796588414
0.32685276796588414
0.3268526932079997
0.3268533902680544
0.3268526932079997
0.32685276796588414
0.32687102235128707
0.32979087837814747
0.3268526932079997
0.3382129476861834
0.3268526932079997
0.32784080261865445
0.3268526932079997
0.32685331551016994
0.3278401803164842
0.3274138219305498
0.3297909531360319
0.32685276796588414
0.3268526932079997
0.3268526932079997
0.3269362085742133
0.3268526932079997
0.3269108906725303
0.3278401803164842
0.3385388374999326
1.4414401221982664
1.4414401221982664
0.33813072264026245
0.3547228764416944
0.3268533902680544
0.3268526932079997
0.3268526932079997
0.32741374717266536
0.32685276796588414
0.3268526932079997
0.3268533902680544
0.32685276796588414
0.32685276796588414
0.32685331551016994
0.3269108906725303
0.3278408773765389
0.3268774635653968
0.3268526932079997
0.32685276796588414
0.3268703252912324
0.32685331551016994
