0.3268533902680544
0.32685331551016994
0.3268533902680544
0.3268526932079997
0.32685276796588414
0.3268533902680544
0.33813005462214
0.32685331551016994
0.3268709475934026
0.3268533902680544
0.3268533902680544
0.3268533902680544
0.3268533902680544
0.5668296562675345
0.3381299798642556
0.3268533902680544
0.3268533902680544
0.3285787369983459
0.9504584860621205
0.35472349874386466
0.32685331551016994
0.3268533902680544
0.3268533902680544
0.3268533902680544
0.3268533902680544
0.32685331551016994
0.32685276796588414
0.32685331551016994
0.3268533902680544
0.32685331551016994
0.32685331551016994
0.32685331551016994
0.32685331551016994
1.4414510735002701
0.3268533902680544
0.32685331551016994
0.32685331551016994
0.32685331551016994
0.32685331551016994
0.3268533902680544
0.3268533902680544
0.32685331551016994
0.3268533902680544
0.32685331551016994
0.32685331551016994
0.32685331551016994
0.3268526932079997
0.3268533902680544
0.3268533902680544
0.32685331551016994
0.3268533902680544
0.32685331551016994
0.3268774635653968
0.32685331551016994
0.3268526932079997
0.8912250209908006
0.3285787369983459
0.32685331551016994
0.32685276796588414
0.32685331551016994
0.32685331551016994
0.32685276796588414
0.3268526932079997
0.32685331551016994
0.32685331551016994
0.32839844149697445
0.3268533902680544
0.3268533902680544
0.32685331551016994
0.3268533902680544
0.3268533902680544
0.3268533902680544
0.32685331551016994
0.32687102235128707
0.32685331551016994
0.3268533902680544
0.32685331551016994
0.3268709475934026
0.3268533902680544
0.32685331551016994
0.3268533902680544
0.3269362085742133
0.443943511954351
0.3268533902680544
0.3268533902680544
0.3268526932079997
0.32685331551016994
0.3268533902680544
0.3268533902680544
0.3269362085742133
0.32685331551016994
0.32685276796588414
0.3268533902680544
0.5239048928593155
0.3268533902680544
0.32687102235128707
0.3268533902680544
0.32685276796588414
0.32923470799076704
0.32685331551016994
0.3268533902680544
0.3268533902680544
0.32685276796588414
0.3465497580357172
0.32685331551016994
0.3268533902680544
0.3268533902680544
0.32685331551016994
0.32685331551016994
0.3269362085742133
0.3268533902680544
1.4414505322587012
0.33813005462214
0.3268709475934026
0.3268533902680544
0.32685331551016994
0.3292347827486515
0.3268533902680544
0.3268533902680544
0.32685331551016994
0.3268533902680544
0.3268533902680544
0.3268533902680544
0.4468497242395054
0.32685331551016994
0.3268780111096826
0.3268533902680544
0.32685331551016994
0.32685276796588414
0.3268533902680544
0.42425582996237565
0.32685331551016994
0.7957372607177207
0.3268533902680544
0.32685331551016994
0.32685331551016994
0.32685331551016994
0.3268533902680544
0.3471107372424984
0.3268533902680544
0.32685331551016994
0.32685276796588414
0.3268533902680544
0.3268533902680544
0.3268533902680544
0.32685331551016994
0.3268533902680544
0.3268526932079997
0.32685331551016994
0.32685276796588414
0.3268533902680544
0.3268533902680544
0.32685331551016994
0.3268533902680544
0.3268533902680544
0.7957372607177207
0.3268533902680544
0.3268526932079997
0.32784025507436865
0.32685331551016994
0.3297915006803177
0.33077906254668665
0.3268533902680544
0.32685331551016994
0.32685331551016994
0.3268526932079997
0.3268533902680544
0.3268526932079997
0.3268533902680544
0.9510187708439789
0.32685276796588414
0.3268533902680544
0.32685331551016994
0.32685331551016994
0.32685276796588414
0.3268533902680544
0.32685276796588414
0.3268533902680544
0.32977394335496946
0.3268526932079997
0.32685331551016994
0.32741444423272004
0.32685276796588414
0.3268533902680544
0.5668801186043679
0.3269291450579333
0.3268533902680544
0.32685331551016994
0.8668457145722155
0.32685331551016994
0.32685331551016994
0.3385382442396946
0.35472349874386466
0.3268533902680544
1.4414501097169305
0.36464157615704706
0.3268533902680544
0.3268533902680544
0.32685276796588414
0.326911587732585
0.3268533902680544
0.3268533902680544
0.32685276796588414
0.3268533902680544
0.32685276796588414
0.3268526932079997
0.3606937531284228
0.3268533902680544
0.3268533902680544
0.32685276796588414
0.3268533902680544
0.3268533902680544
0.3268533902680544
0.32741444423272004
1.4414510735002701
0.3268533902680544
0.32685331551016994
0.3268533902680544
0.3268533902680544
0.3268533902680544
0.32685276796588414
0.3268533902680544
0.32685331551016994
0.3471107372424984
0.32685331551016994
0.3268533902680544
0.33853816948181015
0.3268533902680544
0.32685331551016994
0.3268533902680544
0.32685331551016994
0.3268533902680544
0.3268533902680544
0.32685331551016994
0.32685331551016994
0.32685276796588414
0.3268533902680544
0.3268533902680544
0.32685331551016994
0.32685276796588414
0.7960324352958629
0.32685331551016994
0.3268533902680544
0.32685331551016994
0.32685331551016994
0.3268533902680544
0.3268533902680544
0.32685331551016994
0.32691151297470056
0.32685331551016994
0.32685276796588414
0.3268703252912324
0.3268533902680544
0.3268533902680544
0.32685331551016994
0.34711081200038285
0.3268533902680544
0.3268533902680544
0.33853816948181015
0.3268526932079997
0.32685331551016994
0.33853816948181015
0.32687102235128707
0.32685331551016994
0.5246080086260372
0.3285887480021438
0.32685331551016994
0.3268533902680544
0.32685331551016994
0.3268533902680544
0.3268533902680544
0.32685331551016994
0.3268533902680544
0.7957372607177207
0.3268533902680544
0.3268533902680544
0.33813005462214
0.32685331551016994
0.3268533902680544
0.3268533902680544
0.3268533902680544
0.329773868597085
0.3268533902680544
0.3268533902680544
0.33813005462214
0.3268533902680544
0.32693628333209773
0.3285886732442594
0.3297733210527992
0.3268533902680544
0.3268533902680544
0.3268533902680544
0.32685331551016994
0.7957371859598362
0.3268533902680544
0.32685331551016994
0.3268533902680544
0.32685276796588414
0.32685331551016994
0.32685276796588414
0.32685276796588414
0.3268533902680544
0.32685331551016994
0.32685331551016994
0.3268533902680544
0.32784025507436865
0.3268533902680544
1.4196435739091426
0.9316372448063432
0.3268533902680544
0.3268533902680544
0.32685331551016994
0.32685331551016994
0.3268533902680544
0.32685331551016994
0.32685331551016994
0.3268526932079997
0.3268533902680544
0.3268533902680544
0.7957372607177207
0.3268533902680544
0.32685331551016994
0.32685276796588414
0.3268533902680544
0.3268533902680544
0.3274143694748356
0.3268533902680544
0.32685331551016994
0.3268533902680544
0.3268533902680544
0.3268533902680544
0.32685331551016994
0.8912250209908006
0.32685331551016994
0.32741374717266536
0.3268526932079997
0.3268533902680544
0.3268533902680544
0.32685331551016994
0.3268533902680544
0.4468801815064599
0.3268533902680544
0.3268526932079997
0.3268533902680544
0.3268533902680544
0.3268526932079997
0.32685331551016994
0.3268526932079997
0.32979087837814747
0.32685331551016994
0.3268533902680544
0.32685331551016994
0.3268533902680544
0.3268526932079997
0.3268533902680544
0.3268780111096826
0.32685331551016994
0.3268780111096826
0.32685331551016994
0.32685276796588414
0.32685331551016994
0.32685331551016994
0.32685331551016994
0.3268533902680544
0.32685331551016994
0.32685331551016994
0.4242565408460075
0.3268526932079997
0.32685331551016994
0.32685276796588414
0.3268526932079997
0.42425582996237565
0.32685331551016994
0.32685331551016994
0.3268526932079997
0.3268533902680544
0.32685331551016994
0.3289574208986534
0.3268533902680544
0.32685331551016994
0.3268533902680544
0.3268533902680544
0.3268533902680544
0.35472349874386466
0.3274143694748356
0.32685331551016994
0.32685331551016994
0.3268533902680544
0.3268533902680544
0.3268533902680544
0.3274143694748356
0.32839915238060635
0.3268533902680544
0.3268533902680544
0.3268533902680544
0.32685331551016994
0.32979157543820214
0.3268533902680544
1.4414501097169305
0.32687808586756706
0.9510187708439789
0.3268533902680544
0.33869103382892124
0.3268533902680544
0.3268533902680544
0.32685331551016994
0.32685331551016994
0.3268526932079997
0.32685331551016994
0.32685331551016994
0.4242869981129621
0.3292929802131822
0.3268526932079997
0.32685331551016994
0.32685331551016994
0.3268704000491168
0.3285886732442594
0.32685331551016994
0.7957372607177207
1.4414501097169305
0.3385382442396946
0.3268533902680544
0.3285886732442594
0.3268526932079997
0.32685276796588414
0.3268526932079997
0.3268533902680544
0.34654968327783275
0.3268533902680544
0.32685331551016994
0.3268773888075124
0.3268533902680544
0.3268533902680544
0.3268533902680544
0.3268533902680544
0.32685331551016994
0.3268533902680544
0.32685331551016994
0.32685331551016994
0.3268533902680544
0.32685331551016994
0.32685331551016994
0.32687102235128707
0.32685276796588414
0.3268533902680544
0.3268780111096826
0.3268533902680544
1.4414505322587012
0.3268533902680544
0.3268533902680544
0.3268533902680544
0.3268533902680544
0.3268533902680544
0.3268533902680544
0.32685331551016994
0.32685331551016994
0.3268533902680544
0.32685276796588414
0.3268533902680544
0.3268533902680544
0.3268526932079997
0.5668296562675345
0.3268533902680544
0.3268533902680544
0.3268533902680544
0.3268533902680544
0.32685331551016994
0.32685276796588414
0.3268533902680544
0.32685276796588414
0.7957371859598362
0.32685331551016994
0.3268533902680544
0.32685276796588414
0.3268533902680544
0.32685331551016994
0.3268533902680544
0.3268533902680544
1.4414501097169305
0.326911587732585
0.3268533902680544
0.3268533902680544
0.3268533902680544
0.3268533902680544
0.32685276796588414
0.3268533902680544
0.3268533902680544
0.32685331551016994
0.32923470799076704
0.32693628333209773
0.3268533902680544
0.3268526932079997
0.3268533902680544
0.3268533902680544
0.32685331551016994
0.32685276796588414
0.3268533902680544
0.32687808586756706
0.32685276796588414
0.3268533902680544
0.32685331551016994
0.32685331551016994
0.32685331551016994
0.3268533902680544
0.3285887480021438
0.3268533902680544
0.32685276796588414
0.32685276796588414
0.32685276796588414
0.3268533902680544
0.32685276796588414
0.3268533902680544
0.3268533902680544
0.3268533902680544
0.3268533902680544
0.32685331551016994
0.3268533902680544
0.3268526932079997
0.3268526932079997
0.3268526932079997
0.3268533902680544
0.3268533902680544
0.32685331551016994
0.32685331551016994
0.3268533902680544
0.3268533902680544
0.3268533902680544
0.3268533902680544
0.3268533902680544
0.3268533902680544
0.3268533902680544
0.32685276796588414
0.3547235735017491
0.3268533902680544
0.32685276796588414
0.32685331551016994
0.32685331551016994
0.3268533902680544
0.32685331551016994
0.32685276796588414
0.32685276796588414
0.32685276796588414
0.3268533902680544
0.32685276796588414
0.32685331551016994
0.3268533902680544
0.3268533902680544
0.3268533902680544
0.3297732462949148
0.3268533902680544
0.32685276796588414
0.3268533902680544
0.32685331551016994
0.3285787369983459
0.3268533902680544
0.3268533902680544
0.3268533902680544
0.3268533902680544
0.32685331551016994
0.32685331551016994
0.3268533902680544
0.32685331551016994
0.3268533902680544
0.3465497580357172
0.3268533902680544
0.3268533902680544
0.3381313449424327
0.32685331551016994
0.3268709475934026
0.3268533902680544
0.32685331551016994
0.32685331551016994
0.32685331551016994
0.3268526932079997
0.32685331551016994
0.3268533902680544
0.3268709475934026
0.32685331551016994
0.329773868597085
0.3268533902680544
0.32685331551016994
0.3268533902680544
0.32685331551016994
0.3268533902680544
0.3268533902680544
0.3268533902680544
0.32685331551016994
0.3268533902680544
0.32685331551016994
0.32685331551016994
0.33813005462214
0.3268533902680544
0.32685331551016994
0.32685331551016994
0.33853816948181015
0.32979157543820214
0.3268709475934026
0.32685331551016994
0.3268709475934026
0.3268533902680544
0.4242565408460075
0.32685331551016994
0.32685331551016994
0.32685331551016994
0.32685331551016994
0.3268526932079997
0.32685331551016994
0.3268533902680544
0.32685331551016994
0.3268533902680544
0.3268533902680544
0.32685331551016994
0.3268774635653968
0.3268526932079997
0.32685331551016994
0.32685331551016994
0.3268533902680544
0.3268533902680544
0.3465497580357172
0.3268533902680544
0.3268526932079997
0.3268533902680544
0.3268533902680544
0.3268533902680544
0.3268533902680544
0.3285887480021438
0.32685331551016994
0.3268533902680544
0.3268533902680544
0.3268533902680544
0.32685331551016994
0.32685331551016994
0.8912250209908006
0.32685331551016994
0.8912250209908006
0.3268533902680544
0.32685331551016994
0.3268533902680544
0.32685276796588414
0.32977394335496946
0.32693628333209773
0.32685331551016994
0.32685331551016994
0.32685331551016994
0.32685331551016994
0.7957372607177207
0.32685331551016994
0.3570425681049686
0.3274138219305498
0.8912240674011968
0.3268533902680544
0.32685331551016994
0.3268533902680544
0.3268526932079997
0.3268533902680544
0.3297915006803177
0.32839915238060635
0.9510257380222
0.3268533902680544
0.3547235735017491
0.3268533902680544
0.3268533902680544
0.3268533902680544
0.32685331551016994
0.32685276796588414
0.3268533902680544
0.32786557297605157
0.32685331551016994
0.32685331551016994
0.3268533902680544
0.32685331551016994
0.3268533902680544
0.3268533902680544
0.32685276796588414
0.4468801815064599
0.5668296562675345
0.3268533902680544
0.3268533902680544
0.3268533902680544
0.3268526932079997
0.32685331551016994
0.32685331551016994
0.32685331551016994
0.3268533902680544
0.3268533902680544
0.3268533902680544
0.3268533902680544
0.32685331551016994
0.32685276796588414
0.3268533902680544
0.5668306098571383
0.523874435592361
0.32685276796588414
0.32685331551016994
0.32685331551016994
0.3268526932079997
0.32685276796588414
0.32685331551016994
0.32839915238060635
0.3268533902680544
0.3268533902680544
0.3268533902680544
1.4414401221982664
0.3268526932079997
0.32685276796588414
0.3298743937443611
0.3268533902680544
0.32685331551016994
0.32685331551016994
0.3268533902680544
0.32687808586756706
0.32685331551016994
0.3268533902680544
0.32685276796588414
0.3268533902680544
0.3268709475934026
0.3268533902680544
0.3268533902680544
0.32685331551016994
0.3268533902680544
0.32685331551016994
0.32685331551016994
0.32685331551016994
0.3268533902680544
0.32685331551016994
0.3268533902680544
0.3268533902680544
0.33813005462214
0.32685331551016994
0.3268533902680544
0.32685331551016994
0.35472349874386466
0.3268533902680544
0.326911587732585
0.3268533902680544
0.32687102235128707
0.32685331551016994
0.3268533902680544
0.3268533902680544
0.3268526932079997
0.32687102235128707
0.3268533902680544
0.3268533902680544
0.8912250209908006
0.32685331551016994
0.3268533902680544
0.3268533902680544
0.32685276796588414
0.4242862872293302
0.3268533902680544
0.32685331551016994
0.3268533902680544
0.3268533902680544
0.32685331551016994
0.32685331551016994
0.32685331551016994
0.32685331551016994
0.3268533902680544
0.32685331551016994
0.32923470799076704
0.32685276796588414
0.32685331551016994
0.78880487435019
0.3268533902680544
0.32685331551016994
0.3268533902680544
0.32685331551016994
0.32685331551016994
0.3268533902680544
0.32685331551016994
0.32685331551016994
0.3268526932079997
0.32685331551016994
0.3268526932079997
0.3268533902680544
0.3274320015580683
0.3268533902680544
0.3268533902680544
0.32685331551016994
0.3285886732442594
0.3268533902680544
0.3268533902680544
0.3268533902680544
0.3465497580357172
0.3268526932079997
0.326911587732585
0.32687102235128707
0.3268533902680544
0.3268533902680544
0.33853816948181015
0.3268533902680544
0.32685331551016994
0.3268533902680544
0.3268533902680544
0.326911587732585
0.3268533902680544
0.3268526932079997
0.3268533902680544
0.4242869981129621
0.32685331551016994
0.7957371859598362
0.3268533902680544
0.32685331551016994
0.3268533902680544
0.3465490609756625
0.3268533902680544
0.3268533902680544
0.32741444423272004
0.3268533902680544
0.3268526932079997
0.3268533902680544
0.3268533902680544
0.3268526932079997
1.441451494905057
0.3268533902680544
0.32685331551016994
0.3268526932079997
0.3285887480021438
0.3268526932079997
0.3268526932079997
0.3268533902680544
0.32685331551016994
0.32685331551016994
0.3268703252912324
0.32685331551016994
0.32685331551016994
0.3268533902680544
0.3268533902680544
0.32685331551016994
0.3268533902680544
0.3268533902680544
0.3268533902680544
0.32685331551016994
0.3268533902680544
0.32685331551016994
0.3268533902680544
0.3268533902680544
0.3268533902680544
0.3268533902680544
0.3268533902680544
0.3268526932079997
0.32839844149697445
0.3268533902680544
0.7960323605379784
0.4468490133558735
0.3268533902680544
0.3268533902680544
0.3268533902680544
0.3268533902680544
0.32741444423272004
0.3268533902680544
0.32685331551016994
0.3278408773765389
0.3268780111096826
0.32685331551016994
0.32687102235128707
0.32685331551016994
0.3268533902680544
0.32685331551016994
0.4242565408460075
0.3268533902680544
0.3268533902680544
0.3268533902680544
0.3268533902680544
0.3268526932079997
0.33815467546376826
0.42425582996237565
0.3268533902680544
0.32685331551016994
0.32685331551016994
0.3268533902680544
0.32685331551016994
0.32685331551016994
0.3268533902680544
0.32685331551016994
0.3268533902680544
0.32685331551016994
0.3547235735017491
0.3268533902680544
0.3268533902680544
0.3268533902680544
0.3268533902680544
0.32685331551016994
0.32685331551016994
0.3268533902680544
0.3268533902680544
0.32685331551016994
0.32685331551016994
0.3268533902680544
0.3268533902680544
0.32685331551016994
0.3268533902680544
0.32685331551016994
0.32685276796588414
0.32685331551016994
0.3268533902680544
0.3268533902680544
0.32685331551016994
0.32685331551016994
0.32685276796588414
0.32685331551016994
0.3268533902680544
0.3268533902680544
0.3268533902680544
0.3268533902680544
0.3268533902680544
0.3268533902680544
0.32685276796588414
0.3268533902680544
0.3268533902680544
0.3268533902680544
0.3268533902680544
0.32691151297470056
0.3268533902680544
0.32685276796588414
0.3268533902680544
0.3268533902680544
0.3268533902680544
0.33813005462214
0.3547235735017491
0.32685331551016994
0.3268533902680544
0.3268533902680544
0.3268533902680544
0.3268533902680544
0.3268533902680544
0.32685331551016994
0.3268533902680544
0.32685276796588414
0.3268533902680544
0.3268533902680544
0.3268526932079997
0.3465490609756625
0.32685331551016994
0.8912240674011968
0.3268533902680544
0.32685331551016994
0.3283978191948042
0.3268533902680544
0.9504584860621205
0.3268526932079997
0.3268533902680544
0.3465497580357172
0.3268533902680544
0.3268533902680544
0.32685276796588414
0.3268533902680544
0.3268533902680544
0.3268533902680544
0.32685331551016994
0.32685331551016994
0.32685331551016994
0.32839915238060635
0.32741444423272004
0.3268533902680544
0.3268533902680544
0.3268533902680544
0.3268533902680544
0.3268526932079997
0.3268533902680544
0.32685331551016994
0.3268526932079997
0.3268533902680544
0.35472349874386466
0.32685331551016994
0.32685331551016994
0.3268533902680544
0.32685331551016994
0.32685331551016994
0.3268533902680544
0.3268533902680544
0.3268533902680544
0.32685331551016994
0.32685276796588414
0.32685331551016994
0.3268533902680544
0.3268533902680544
0.4468497242395054
0.32685331551016994
0.32685276796588414
0.32685331551016994
0.32691151297470056
0.3268533902680544
0.32685331551016994
0.32685331551016994
0.3268533902680544
0.4468497242395054
0.32685331551016994
0.32685331551016994
0.3268533902680544
0.3465497580357172
0.3285887480021438
0.32685331551016994
0.3268533902680544
0.32685331551016994
0.3268533902680544
0.3268533902680544
1.419655066452715
0.3268533902680544
0.32687102235128707
