0.3285886732442594
0.32839844149697445
0.3268533902680544
0.3268533902680544
0.3268533902680544
0.32685331551016994
0.32685331551016994
0.3268533902680544
0.32685331551016994
0.3268533902680544
0.33853816948181015
0.3268533902680544
0.32685331551016994
0.3268533902680544
0.32685331551016994
0.3303349225617507
0.3268533902680544
0.32685331551016994
0.3268533902680544
0.32685331551016994
0.32685331551016994
0.3268533902680544
0.3285886732442594
0.3268533902680544
0.33813005462214
0.3268533902680544
0.3268533902680544
0.32685331551016994
0.3285887480021438
0.32693628333209773
0.32685331551016994
0.3268533902680544
0.3268533902680544
0.32685331551016994
0.9668184588173168
0.32685276796588414
0.3547235735017491
0.3268533902680544
0.3268533902680544
0.3268533902680544
0.3268533902680544
0.32685331551016994
0.3268533902680544
0.3268533902680544
0.3268533902680544
0.3547235735017491
0.32687808586756706
0.32685331551016994
0.3385382442396946
0.3289574208986534
0.3268526932079997
0.3268533902680544
0.32685331551016994
0.3268533902680544
0.3285887480021438
0.3268533902680544
1.419655066452715
0.3547235735017491
0.3268533902680544
0.32685331551016994
0.3268533902680544
0.3268533902680544
0.32927703567351246
0.3274320015580683
0.32685276796588414
0.32685331551016994
0.3268526932079997
0.9504664068299455
0.32685331551016994
0.32685276796588414
0.32685331551016994
0.3268533902680544
0.3268533902680544
0.523874435592361
0.32685331551016994
0.32685331551016994
0.9504594396517244
0.3268533902680544
0.32685331551016994
0.3268526932079997
0.3268533902680544
0.32685276796588414
0.3268533902680544
0.32685331551016994
0.32693628333209773
0.3278408773765389
0.32685331551016994
0.3268533902680544
0.32685276796588414
0.3268533902680544
0.3268533902680544
0.32685331551016994
0.3278401803164842
0.3268533902680544
0.32685331551016994
0.3268526932079997
0.32685331551016994
0.32685331551016994
0.32685331551016994
0.3268533902680544
0.3274143694748356
0.32685331551016994
0.32685331551016994
0.4468497242395054
0.3268533902680544
0.3268533902680544
0.3385382442396946
0.32685331551016994
0.328424553768933
0.42425582996237565
0.3268533902680544
0.3268533902680544
0.32685331551016994
0.3268533902680544
0.3268533902680544
0.3268533902680544
0.32685331551016994
0.3268533902680544
0.3268533902680544
0.3268533902680544
0.3268533902680544
0.3268533902680544
0.329773868597085
0.32685331551016994
0.32685331551016994
0.32685331551016994
0.3292594035902798
0.3547228764416944
0.3268533902680544
0.32685331551016994
0.32685276796588414
0.32685331551016994
0.32685276796588414
0.35472349874386466
0.8912240674011968
0.3268533902680544
0.32685331551016994
0.32685331551016994
0.3268533902680544
0.42503840269251003
0.3297915006803177
0.3268533902680544
0.329773868597085
0.32685331551016994
0.32685331551016994
0.32693566102992744
0.3268533902680544
0.3268533902680544
0.32685331551016994
0.3268533902680544
0.32685331551016994
0.3268533902680544
0.3268533902680544
0.4242565408460075
0.3268533902680544
0.33813005462214
0.32685276796588414
0.32685276796588414
0.3278408773765389
1.4414514960420408
0.7957371859598362
0.32685331551016994
0.32685276796588414
0.3268526932079997
0.3268533902680544
0.3381299798642556
0.3268533902680544
0.32685331551016994
0.8912250209908006
0.8912240674011968
0.3268533902680544
0.32685276796588414
0.3268533902680544
0.3268533902680544
0.8665504652361888
0.32685331551016994
1.4196545252111463
0.3268533902680544
0.3268533902680544
0.34711081200038285
0.7957371859598362
0.7957372607177207
0.3268533902680544
0.3268533902680544
0.32784080261865445
0.3268526932079997
0.32687102235128707
0.32687808586756706
0.8912240674011968
0.3268709475934026
0.3268533902680544
0.33853816948181015
0.523874435592361
0.32685331551016994
0.3268533902680544
0.326911587732585
0.3268533902680544
0.32685331551016994
1.4414510735002701
0.32685331551016994
0.32685331551016994
0.3268533902680544
0.3268533902680544
0.3268526932079997
0.3268533902680544
0.32685276796588414
0.3268780111096826
0.3268533902680544
0.32685331551016994
0.3268533902680544
0.32685331551016994
0.32685331551016994
0.3268526932079997
0.3292347827486515
0.32685331551016994
0.3268533902680544
0.3268533902680544
0.32685331551016994
0.3268533902680544
0.32685331551016994
0.32685331551016994
0.3268780111096826
0.32895883757109917
0.32685331551016994
0.32685331551016994
0.3268533902680544
0.32685331551016994
0.3268533902680544
0.32685331551016994
0.3268533902680544
0.32839844149697445
0.3268533902680544
0.3268533902680544
0.32685331551016994
0.32685331551016994
0.3268533902680544
0.32685276796588414
0.32685331551016994
0.3646415013991626
0.32685331551016994
0.3278578123997169
0.3268533902680544
0.3268533902680544
0.32685276796588414
0.32685331551016994
0.3268533902680544
0.3283978191948042
0.32685331551016994
0.32685331551016994
1.4414510735002701
0.32685331551016994
0.3268526932079997
0.3268533902680544
0.3268533902680544
0.3268533902680544
0.3268533902680544
0.32685276796588414
0.7957371859598362
0.3268533902680544
0.3268533902680544
0.32685331551016994
0.32685331551016994
0.32685331551016994
0.3269362085742133
0.3268533902680544
0.32685331551016994
0.32685331551016994
0.3268533902680544
0.3268780111096826
0.32685331551016994
0.32685331551016994
0.7961550759813394
0.32685331551016994
0.3268526932079997
0.3268526932079997
0.35472349874386466
0.3268533902680544
0.3268533902680544
0.3278408773765389
0.32685331551016994
0.3269362085742133
0.3659657599101478
0.32685331551016994
0.3268533902680544
0.32685331551016994
0.32685331551016994
0.32685331551016994
0.32685331551016994
0.3465497580357172
0.3268533902680544
0.3268533902680544
0.3268533902680544
0.3268533902680544
0.3268709475934026
0.3268526932079997
0.3601969788385938
0.32784080261865445
0.32685331551016994
0.9504594396517244
0.3268526932079997
0.3268533902680544
0.32685331551016994
0.7960323605379784
0.32693628333209773
0.3268533902680544
0.32685331551016994
0.5668543518670471
0.32685331551016994
0.32685331551016994
0.3268533902680544
0.3274143694748356
0.32685331551016994
0.3268533902680544
0.3268533902680544
0.3268526932079997
0.3268526932079997
0.3268533902680544
0.32685331551016994
0.3268526932079997
0.3268533902680544
0.32922477174485354
0.32685331551016994
0.32693628333209773
0.3268533902680544
0.3268533902680544
0.951017817254375
0.3268533902680544
0.32685331551016994
0.32685331551016994
0.32685331551016994
0.32685276796588414
0.8668457145722155
0.32685331551016994
0.32685276796588414
0.32685331551016994
0.32685331551016994
0.32685331551016994
0.3268709475934026
0.36464157615704706
0.3268533902680544
0.3268533902680544
0.3268526932079997
0.3268533902680544
0.8668457145722155
0.32685276796588414
0.3268533902680544
0.32687808586756706
0.33853816948181015
0.35472349874386466
0.3268533902680544
0.5668306098571383
0.32693628333209773
0.32685331551016994
0.3268533902680544
0.32685331551016994
0.32685331551016994
0.32685331551016994
0.3289574208986534
0.3268533902680544
0.32685331551016994
0.4242565408460075
0.3297732462949148
0.3385382442396946
0.3268533902680544
0.3268533902680544
0.3268533902680544
0.32685331551016994
0.3268526932079997
0.7957371859598362
0.32839915238060635
0.32685276796588414
0.32685331551016994
0.3547228764416944
0.3268533902680544
0.3268533902680544
0.3268780111096826
0.3268533902680544
0.3268533902680544
0.3268533902680544
0.3268533902680544
0.32685276796588414
0.3268533902680544
0.32685331551016994
0.3268533902680544
0.5668306098571383
0.3268533902680544
0.32685331551016994
0.32685331551016994
0.32685276796588414
0.32685331551016994
0.3268533902680544
0.32685331551016994
0.3268780111096826
0.3268533902680544
0.32685331551016994
0.3283978191948042
0.34753733302869727
0.3268533902680544
0.3268533902680544
0.3268533902680544
0.32685331551016994
0.3268533902680544
0.3268533902680544
0.3268526932079997
0.3268533902680544
0.3268526932079997
0.3268526932079997
0.3268526932079997
0.3268526932079997
1.4414405447400374
0.3268533902680544
0.32685331551016994
0.3274138219305498
0.3268533902680544
0.7960323605379784
0.3471107372424984
0.3268533902680544
0.32685331551016994
0.3471107372424984
0.3268533902680544
0.32685331551016994
0.3268533902680544
0.3268533902680544
0.3268533902680544
0.3268526932079997
0.3268533902680544
0.8912250209908006
0.32685331551016994
0.3268704000491168
0.329773868597085
0.3268533902680544
0.3268533902680544
0.3268533902680544
0.5238745103502453
0.8912250209908006
0.3268533902680544
0.32685276796588414
0.32685331551016994
0.32685331551016994
0.32685331551016994
0.32685331551016994
0.3268533902680544
0.4242565408460075
0.7957371859598362
0.3268526932079997
0.32685276796588414
0.32685331551016994
0.32685276796588414
0.3268533902680544
0.32685331551016994
1.4414501097169305
0.3285887480021438
0.8912240674011968
0.32685276796588414
0.32784080261865445
0.3268533902680544
0.32685276796588414
0.3471107372424984
0.32685331551016994
0.32685331551016994
0.3268533902680544
0.32685331551016994
0.32685331551016994
0.32685331551016994
0.32685331551016994
0.3268533902680544
0.3268526932079997
0.32685331551016994
0.3268533902680544
0.3268526932079997
0.3268526932079997
1.4414514960420408
0.32685276796588414
0.32685276796588414
0.3547235735017491
0.32685331551016994
0.3268709475934026
0.32685331551016994
0.32685331551016994
1.4414505322587012
0.32685331551016994
0.32685331551016994
0.32685331551016994
0.32685331551016994
0.3297909531360319
0.32784025507436865
0.3268533902680544
0.3268533902680544
0.3268533902680544
0.32685331551016994
0.32685331551016994
0.3268526932079997
0.3268533902680544
0.3268533902680544
0.32685331551016994
0.3547235735017491
0.3268526932079997
0.32685331551016994
0.3471101149403282
0.3268533902680544
0.3268533902680544
0.32685276796588414
0.3268533902680544
0.3268533902680544
0.32685331551016994
0.4242869981129621
0.32685276796588414
0.3268533902680544
0.3268533902680544
0.951114230692233
0.32685276796588414
0.3268526932079997
0.3268533902680544
0.32685276796588414
0.3268533902680544
0.32685331551016994
0.7480058471173301
0.3268533902680544
0.3268533902680544
0.32741444423272004
0.32685331551016994
0.3268533902680544
0.32685276796588414
0.3268533902680544
0.32685331551016994
0.32784080261865445
0.32741444423272004
0.3268533902680544
0.32784025507436865
0.3289581317822853
0.4242565408460075
0.3268533902680544
0.3268533902680544
0.32685331551016994
0.32685331551016994
0.3471101149403282
0.3268533902680544
0.3547235735017491
0.4242565408460075
0.32685331551016994
0.3268533902680544
0.3268533902680544
0.32685331551016994
0.3268526932079997
0.32685276796588414
0.32685331551016994
0.3268533902680544
0.3268533902680544
0.3268774635653968
0.3268533902680544
0.3268533902680544
0.32685331551016994
0.32685331551016994
0.32685331551016994
0.7960593030960443
0.32923470799076704
0.3268533902680544
0.32685331551016994
0.32685331551016994
0.3268526932079997
0.3268533902680544
0.32685331551016994
0.3268533902680544
0.3268533902680544
0.3268533902680544
0.32685276796588414
0.3385382442396946
0.3268533902680544
0.32685331551016994
0.3268533902680544
0.3268533902680544
0.3268533902680544
0.35472349874386466
0.3268533902680544
0.34654913573354695
0.3268533902680544
0.3268533902680544
0.3268533902680544
0.3547235735017491
0.3268533902680544
0.32685331551016994
0.3268533902680544
0.4468490133558735
0.3465497580357172
0.32923470799076704
0.32685331551016994
0.42429021857321325
0.35472349874386466
0.3297733210527992
0.32685276796588414
0.3268533902680544
0.3268533902680544
0.32685331551016994
0.32685331551016994
0.32685331551016994
0.3268533902680544
0.32685331551016994
0.32685331551016994
0.32685331551016994
0.3274143694748356
0.3268526932079997
0.32685331551016994
0.32685331551016994
0.32685331551016994
0.3268526932079997
0.34654968327783275
0.32685331551016994
0.3268533902680544
0.32687808586756706
0.32685331551016994
0.32685331551016994
0.3285887480021438
0.32685331551016994
0.3268533902680544
0.3268533902680544
0.3268533902680544
0.32685331551016994
0.32685331551016994
0.3381299798642556
0.32685331551016994
0.3268533902680544
0.32685331551016994
0.3268533902680544
0.32685276796588414
1.4414505322587012
0.3268533902680544
0.3268533902680544
0.3268526932079997
0.32685331551016994
0.32685331551016994
0.3268526932079997
0.3283978191948042
0.32685331551016994
0.5668306098571383
0.42425582996237565
0.3268533902680544
0.42427718058629993
0.951017817254375
0.3268533902680544
0.32685331551016994
0.32979157543820214
0.3268533902680544
1.4414510735002701
0.32685331551016994
0.32977394335496946
0.326911587732585
0.3268533902680544
0.32685331551016994
0.3268526932079997
0.3268533902680544
0.32685331551016994
0.33853945980210276
0.3385382442396946
0.3268526932079997
0.3268533902680544
0.32685331551016994
0.32685331551016994
0.329773868597085
0.32685331551016994
0.32685331551016994
0.32685331551016994
0.32685331551016994
0.32685331551016994
0.3268533902680544
0.32685331551016994
0.3547235735017491
0.3268533902680544
0.32685331551016994
0.3268533902680544
0.3268533902680544
0.3268533902680544
0.3268533902680544
0.3268533902680544
0.32884362495678165
0.3268533902680544
0.3268526932079997
0.3268533902680544
0.32685331551016994
0.3268533902680544
0.4468801815064599
0.32687102235128707
0.326911587732585
0.3268526932079997
0.3268533902680544
0.3268526932079997
0.3268533902680544
0.32685331551016994
0.32979157543820214
0.32784080261865445
0.3268533902680544
0.32685331551016994
0.32687102235128707
0.32741444423272004
0.32685331551016994
0.32685276796588414
0.32685331551016994
0.3268526932079997
0.32685276796588414
0.3268533902680544
0.3465497580357172
0.32685331551016994
0.4242869981129621
0.3268533902680544
0.32685331551016994
0.3268533902680544
0.3268533902680544
0.3268533902680544
0.3268533902680544
0.32685331551016994
0.3268533902680544
0.32741374717266536
0.8912240674011968
0.32923470799076704
0.32685331551016994
0.5668306098571383
0.3268533902680544
0.32685331551016994
0.3268533902680544
0.3268533902680544
0.42425582996237565
0.3268533902680544
0.32685331551016994
0.3268526932079997
0.3268533902680544
0.3268533902680544
0.3268533902680544
0.3268526932079997
0.3268533902680544
1.4414505322587012
0.34091956196240725
0.3269362085742133
0.32685331551016994
0.3268533902680544
0.4242565408460075
0.34711081200038285
0.32685331551016994
0.3268533902680544
0.32685331551016994
0.32685331551016994
0.3268533902680544
0.3268533902680544
0.32685331551016994
0.32685331551016994
0.32839915238060635
0.32685331551016994
0.3268533902680544
0.3268526932079997
0.3297909531360319
0.32685331551016994
0.32685331551016994
0.3268533902680544
0.32685331551016994
0.3268533902680544
0.3268526932079997
0.3278408773765389
0.32685331551016994
0.9504594396517244
0.3268533902680544
0.7957371859598362
0.33853816948181015
0.3268704000491168
0.3268533902680544
0.3268533902680544
0.32685276796588414
0.32685331551016994
0.32784025507436865
0.33853816948181015
0.32685331551016994
0.32685331551016994
0.32685331551016994
0.3268533902680544
0.3268533902680544
0.3402735272158996
0.32685331551016994
0.3268533902680544
0.32685331551016994
0.3268533902680544
0.32685331551016994
0.32685276796588414
0.3268533902680544
0.3268533902680544
0.32685331551016994
0.32685331551016994
0.3268526932079997
0.32685331551016994
0.32685331551016994
0.3268533902680544
0.32685331551016994
0.32685331551016994
0.32685331551016994
0.3268533902680544
0.3268533902680544
0.3268709475934026
0.3268709475934026
0.326911587732585
0.32685331551016994
0.32741444423272004
0.3268533902680544
0.32685276796588414
0.3268533902680544
0.33853816948181015
0.32839915238060635
0.3268533902680544
0.33813005462214
0.32691096543041476
0.3268533902680544
0.3268533902680544
0.3268526932079997
0.32685276796588414
0.3268709475934026
0.3268533902680544
0.3268526932079997
0.32685331551016994
0.32685331551016994
0.3268533902680544
0.3268533902680544
0.3268533902680544
0.3268533902680544
0.3269362085742133
0.32685331551016994
1.4414514960420408
0.3268533902680544
0.3268533902680544
0.32685331551016994
0.32685331551016994
0.3268533902680544
0.32685331551016994
0.3547816962083953
0.32685331551016994
0.3268533902680544
0.32685331551016994
0.32685331551016994
0.3268533902680544
0.32685331551016994
0.3274143694748356
0.32685331551016994
0.32685276796588414
0.32685331551016994
0.3268533902680544
0.32685331551016994
0.3268533902680544
0.35472349874386466
0.5668296562675345
0.32685331551016994
0.3268533902680544
0.3268533902680544
0.32693628333209773
0.32685331551016994
0.3268533902680544
0.3381299798642556
0.3268533902680544
0.3268774635653968
0.32685331551016994
0.3268533902680544
0.3268533902680544
0.3268533902680544
0.3268533902680544
0.32685331551016994
0.3268533902680544
0.3268533902680544
0.32685331551016994
0.32685331551016994
0.3268533902680544
0.3381294323199697
0.32685331551016994
0.3268533902680544
0.32839915238060635
0.32685331551016994
0.7957372607177207
0.32687102235128707
0.3268533902680544
0.3268526932079997
0.32685331551016994
0.3268533902680544
0.32685331551016994
0.3292594035902798
0.32685276796588414
0.3297915006803177
0.3269362085742133
0.3268533902680544
0.5668306098571383
0.3268533902680544
0.32685331551016994
0.32685331551016994
0.3268533902680544
0.32685331551016994
0.32685331551016994
0.3268533902680544
0.33853816948181015
0.32685276796588414
0.3268533902680544
0.32685276796588414
0.3268533902680544
0.32685276796588414
0.32685331551016994
1.4414514960420408
0.3268533902680544
0.3268533902680544
0.3385382442396946
0.3268526932079997
0.3268533902680544
0.3268533902680544
0.5668283563853936
0.326935586272043
0.3268533902680544
0.32685331551016994
0.3268533902680544
0.3268533902680544
0.32685331551016994
0.3268533902680544
0.329773868597085
0.32685331551016994
0.3268526932079997
0.3268533902680544
0.3268533902680544
0.3268533902680544
0.32784080261865445
0.32685331551016994
0.3268533902680544
0.32685331551016994
0.3268533902680544
0.3278408773765389
0.3292347827486515
0.35472349874386466
0.32685276796588414
0.3268533902680544
0.32685276796588414
0.32685331551016994
0.33813005462214
0.3268526932079997
0.32687102235128707
0.32685331551016994
0.32685331551016994
0.8912240674011968
0.3268533902680544
0.3268533902680544
0.3268533902680544
0.32685331551016994
0.3268533902680544
0.7960324352958629
0.35472349874386466
0.32685276796588414
0.3268533902680544
0.32685276796588414
0.3268709475934026
0.33853816948181015
0.32685331551016994
0.7957372607177207
0.3385382442396946
0.3268533902680544
0.32685331551016994
0.32685331551016994
0.3268526932079997
0.3268533902680544
0.32687102235128707
0.3268533902680544
0.32685331551016994
0.3268533902680544
0.3268533902680544
0.32685331551016994
0.3268533902680544
0.3381299798642556
0.32685331551016994
0.32685331551016994
0.32685331551016994
0.32685331551016994
0.3268533902680544
0.32685331551016994
0.3385382442396946
0.32685331551016994
0.32685331551016994
1.6422925832807038
0.32685331551016994
0.3268533902680544
0.3268709475934026
0.32685331551016994
0.3268533902680544
0.32685331551016994
0.32685276796588414
0.32685331551016994
0.32685331551016994
0.32685331551016994
0.32685276796588414
0.32685276796588414
0.3268533902680544
0.32685331551016994
0.32685331551016994
0.3268533902680544
0.32685331551016994
0.32687808586756706
0.32685276796588414
0.3268533902680544
0.32693628333209773
0.3268533902680544
0.32685331551016994
0.3268533902680544
0.3285887480021438
0.32685331551016994
0.3268780111096826
0.3268533902680544
