0.3268526932079997
0.3268526932079997
0.32685331551016994
0.32685331551016994
0.3268526932079997
0.3268526932079997
0.3268526932079997
0.3268704000491168
0.3268533902680544
0.32741374717266536
0.7960345327386473
0.3268526932079997
0.3268526932079997
0.3268526932079997
0.32685276796588414
0.9520768873439679
0.7957371859598362
0.32685331551016994
0.32685276796588414
0.3268533902680544
0.3268526932079997
0.32685331551016994
0.3268526932079997
0.32685276796588414
0.3268526932079997
0.32685331551016994
0.32685331551016994
0.32685276796588414
0.3269108906725303
0.3268526932079997
0.3268526932079997
0.32685276796588414
0.32685276796588414
0.3268526932079997
0.32685276796588414
0.3268526932079997
0.32685276796588414
0.3268526932079997
0.32685276796588414
0.3268526932079997
0.32691096543041476
0.3268526932079997
0.32685331551016994
0.3268526932079997
0.3268526932079997
0.7957640537600177
0.3268526932079997
0.3268526932079997
0.35067333345297036
0.3268526932079997
0.32685276796588414
0.32685331551016994
0.32685331551016994
0.3268526932079997
0.32685276796588414
0.32857866224046145
0.32685331551016994
0.32685276796588414
0.3268526932079997
0.3465490609756625
0.3268526932079997
0.3268526932079997
0.3268526932079997
0.3268526932079997
0.3268709475934026
0.32685331551016994
0.3268526932079997
0.32685331551016994
0.3278401803164842
0.32685276796588414
0.32685331551016994
0.32685331551016994
0.3268526932079997
0.3471107372424984
0.3381294323199697
0.32741374717266536
0.3268526932079997
0.3268526932079997
0.3268526932079997
0.3283985300784361
0.32685331551016994
0.3268526932079997
0.7960345327386473
0.3465490609756625
0.3268703252912324
0.32685276796588414
0.3268526932079997
0.3268526932079997
0.33813072264026245
0.3268703252912324
0.3268526932079997
0.3268526932079997
0.3385375471796399
0.3268526932079997
0.338538912257817
0.32685276796588414
0.32685331551016994
0.3268526932079997
0.3268526932079997
0.32685331551016994
0.3268526932079997
0.3268526932079997
0.3268526932079997
0.32685276796588414
0.32685276796588414
0.3268526932079997
0.3268526932079997
0.3297909531360319
0.3268526932079997
0.32857866224046145
0.5668283563853936
0.3268709475934026
0.3268526932079997
0.3471101149403282
0.3268703252912324
1.4414501097169305
0.3268526932079997
0.32685331551016994
0.3268526932079997
0.32685331551016994
0.8912240674011968
0.3268533902680544
0.3268526932079997
0.3285962943236942
0.32685331551016994
0.32685331551016994
0.3292493925864818
0.3268526932079997
0.3268526932079997
0.3268526932079997
0.3268526932079997
0.5246383911351074
0.3268526932079997
0.3268703252912324
0.3268533902680544
0.3268780111096826
0.3268526932079997
0.4468490133558735
0.32685276796588414
0.32857866224046145
0.32685331551016994
0.32685276796588414
0.3268703252912324
0.32685331551016994
0.3268526932079997
0.3269291450579333
0.3547228764416944
0.32695321835527574
0.3268709475934026
0.32685276796588414
0.3268526932079997
0.3268526932079997
0.3268526932079997
0.32685331551016994
0.3268526932079997
0.32685331551016994
1.4414395809566978
0.3268533902680544
0.32685276796588414
0.32685276796588414
0.3268526932079997
0.3268526932079997
0.32685331551016994
0.79605922833816
0.3268526932079997
0.32685276796588414
0.3268709475934026
0.3285787369983459
0.32685276796588414
0.32685331551016994
0.3385375471796399
0.3268526932079997
0.3268526932079997
0.3268526932079997
0.3268526932079997
0.32685331551016994
0.32685276796588414
0.3268526932079997
0.3278401803164842
0.32685276796588414
0.32685276796588414
0.3268526932079997
0.3268773888075124
0.3268526932079997
0.3268526932079997
0.3381294323199697
0.3460081146541708
0.326935586272043
0.32685331551016994
0.3268526932079997
0.3268526932079997
0.32685331551016994
0.32685276796588414
0.5589262717124038
0.32685276796588414
0.32685331551016994
0.3268526932079997
0.32685331551016994
0.32685331551016994
0.3268526932079997
0.32685331551016994
0.32685276796588414
0.32685331551016994
0.32693566102992744
0.3268526932079997
0.3268526932079997
0.3268533902680544
0.3268526932079997
0.32685331551016994
0.32839844149697445
0.3268526932079997
0.3268526932079997
0.3268526932079997
0.32741374717266536
0.3268526932079997
0.32685331551016994
0.3547228764416944
0.3268526932079997
0.32685276796588414
0.32685331551016994
0.32685276796588414
0.3268526932079997
0.32685276796588414
0.32685276796588414
0.3268526932079997
0.3268526932079997
0.32685276796588414
0.3268526932079997
0.32741374717266536
0.32685331551016994
0.3268526932079997
0.3268533902680544
0.3268526932079997
0.3269108906725303
0.3268526932079997
0.32685331551016994
0.32685331551016994
0.3268526932079997
0.32685276796588414
0.3268526932079997
0.3268526932079997
0.3268526932079997
0.3268526932079997
0.32685276796588414
0.32685276796588414
0.3268703252912324
0.32685276796588414
0.44687947062282807
0.32685276796588414
0.32685331551016994
0.3547235735017491
0.3268526932079997
0.3268526932079997
0.32685331551016994
0.3268526932079997
0.32685276796588414
0.3268526932079997
0.3268526932079997
0.3268526932079997
0.3268703252912324
1.4414405447400374
0.3268526932079997
0.32689502089074507
0.3268526932079997
0.3268526932079997
0.3268526932079997
0.3268526932079997
0.3268526932079997
0.3268709475934026
0.3268526932079997
0.3268526932079997
0.3268526932079997
0.3268526932079997
0.3268526932079997
0.42425582996237565
0.32685331551016994
0.34656709405584973
0.3547235735017491
0.32741374717266536
0.3268526932079997
0.35472295119957886
0.3297732462949148
0.3268526932079997
0.3268526932079997
0.32685331551016994
0.32685276796588414
0.32685331551016994
0.3297733210527992
0.32685331551016994
0.3268526932079997
0.35472295119957886
0.3268526932079997
0.3292246969869691
0.3268526932079997
0.3268526932079997
0.3268526932079997
0.32685331551016994
0.32685331551016994
0.3268704000491168
0.356047209710564
0.3268526932079997
0.3268526932079997
0.3268526932079997
0.8912319881690218
0.3268526932079997
0.32685331551016994
0.3268526932079997
0.32685331551016994
0.3268526932079997
0.3268526932079997
0.32685331551016994
0.32685276796588414
0.3268533902680544
0.32685276796588414
0.3268526932079997
0.3268526932079997
0.3268526932079997
0.3268526932079997
0.32685276796588414
0.32685276796588414
0.35472295119957886
0.32685331551016994
0.3268526932079997
0.3268533902680544
0.32685331551016994
0.32685276796588414
0.3268526932079997
0.3268526932079997
0.3268526932079997
0.3381293575620853
0.32857866224046145
0.32685331551016994
0.3268526932079997
0.3268526932079997
0.3268533902680544
0.3268526932079997
0.3268526932079997
0.32685276796588414
0.3283978191948042
0.32685276796588414
0.32685331551016994
0.3268526932079997
0.3268533902680544
0.8917913193612763
0.3268526932079997
0.32685331551016994
0.3381294323199697
0.3268526932079997
0.3268526932079997
0.32685331551016994
0.32685276796588414
0.3471101149403282
0.3268526932079997
0.7957371859598362
0.326935586272043
0.4468801815064599
0.3268526932079997
0.3268526932079997
0.35472295119957886
0.32685331551016994
0.3268526932079997
0.3268526932079997
0.32685276796588414
0.3268526932079997
0.3268526932079997
0.32685331551016994
0.3268533902680544
0.3268526932079997
0.3268526932079997
0.32685276796588414
0.3547235735017491
0.3268526932079997
0.3268526932079997
0.3268526932079997
0.32685331551016994
0.3268526932079997
0.3268526932079997
0.3268533902680544
0.3268526932079997
0.32784025507436865
0.3268703252912324
0.32685276796588414
0.32685331551016994
0.32685276796588414
0.3268526932079997
0.3268526932079997
0.32685331551016994
0.32685331551016994
0.3268526932079997
0.3268703252912324
0.32685331551016994
0.3268526932079997
0.3268533902680544
0.32685331551016994
0.32685276796588414
0.32685331551016994
0.3268526932079997
0.3278401803164842
0.3268526932079997
0.3268526932079997
0.3268526932079997
0.3268526932079997
0.32685276796588414
0.3268526932079997
0.3268526932079997
0.32685331551016994
0.3268526932079997
0.3268526932079997
0.32685276796588414
0.3268526932079997
0.3268526932079997
0.3268526932079997
0.3268526932079997
0.3268526932079997
0.32685331551016994
0.3268526932079997
0.3268526932079997
0.3268533902680544
0.3268526932079997
0.3268526932079997
0.32685276796588414
0.32741374717266536
0.4242862872293302
0.3268526932079997
0.32685276796588414
0.32685331551016994
0.32685331551016994
0.32685276796588414
0.9510257380222
0.3268526932079997
0.32784025507436865
0.32685276796588414
0.3268526932079997
0.32685331551016994
0.32685331551016994
0.32685276796588414
0.3268526932079997
0.3268533902680544
0.3268526932079997
0.3268526932079997
0.8912319881690218
0.3268526932079997
0.3268526932079997
0.3268533902680544
0.3297732462949148
0.32685331551016994
0.3268526932079997
0.3268526932079997
0.32741374717266536
0.8917913193612763
0.32685276796588414
0.3268526932079997
0.32685331551016994
0.3268703252912324
0.3268526932079997
0.3268526932079997
0.32685276796588414
0.32685331551016994
0.32685331551016994
0.32685276796588414
0.32741374717266536
0.3268773888075124
0.4242869981129621
0.3268526932079997
0.3268703252912324
0.33853762193752435
0.32685331551016994
0.3268526932079997
0.3268526932079997
0.3268526932079997
0.3268526932079997
0.3268526932079997
0.32685331551016994
0.32685276796588414
0.32685331551016994
0.5239048928593155
0.32685276796588414
0.3285886732442594
0.32685331551016994
0.3268526932079997
1.4414391584149269
0.3268526932079997
0.3268526932079997
0.3268526932079997
0.32685331551016994
0.3268526932079997
0.3268526932079997
0.3268526932079997
0.32685276796588414
0.3268526932079997
0.3268533902680544
0.32685331551016994
0.3268526932079997
0.32685331551016994
0.32685331551016994
0.3268526932079997
0.3268526932079997
0.3465490609756625
0.3268526932079997
1.4414391584149269
0.3268526932079997
0.32685276796588414
0.3268533902680544
0.3268526932079997
0.3268526932079997
0.32685331551016994
0.3471107372424984
0.32685331551016994
0.3268526932079997
0.4245018386735371
0.3268526932079997
0.3268526932079997
0.3268703252912324
0.32685331551016994
0.32685276796588414
0.3268526932079997
0.32685331551016994
0.32685331551016994
0.32685331551016994
0.3268526932079997
0.3268526932079997
0.3268526932079997
0.3268526932079997
0.32685331551016994
0.3268526932079997
0.3268526932079997
0.3292246969869691
0.3391169194284543
0.34654968327783275
0.3268526932079997
0.32741374717266536
0.3268526932079997
0.3268533902680544
0.3268533902680544
0.3268526932079997
0.3268526932079997
0.3268526932079997
0.3268526932079997
0.3268533902680544
0.3268526932079997
0.7957640537600177
0.3268526932079997
0.32685276796588414
0.3268703252912324
0.32685331551016994
0.3268526932079997
0.3268526932079997
0.3268526932079997
0.32685331551016994
0.3465490609756625
0.3268526932079997
0.32685331551016994
0.3268526932079997
0.5542563160867429
0.32685276796588414
0.3268526932079997
0.34656709405584973
0.3268526932079997
0.32685331551016994
0.32685331551016994
0.3268526932079997
0.3268526932079997
0.33243787093287425
0.3268526932079997
0.5542562413288584
0.32685331551016994
0.32685331551016994
0.3292493925864818
0.32685331551016994
0.32685276796588414
0.3268533902680544
0.32685331551016994
0.32685331551016994
0.3268526932079997
0.3268526932079997
0.3268526932079997
0.3268526932079997
0.8912319881690218
0.3268526932079997
0.3274143694748356
0.3268533902680544
0.3268533902680544
0.3268526932079997
0.32685276796588414
0.3547228764416944
0.3268526932079997
0.32685331551016994
0.3268526932079997
0.32685331551016994
0.3268526932079997
0.3268526932079997
0.32685331551016994
0.3268526932079997
0.32685276796588414
0.3268526932079997
0.32685276796588414
0.3268526932079997
0.32691096543041476
0.3268526932079997
0.35199038926216025
0.33853762193752435
0.3268526932079997
0.3268533902680544
0.3268526932079997
0.3268526932079997
0.3381294323199697
0.3268526932079997
0.3268773888075124
0.3268526932079997
0.3268526932079997
0.3268526932079997
0.3278401803164842
0.3268526932079997
0.3269108906725303
0.3268526932079997
0.32685331551016994
0.4242862872293302
0.32685331551016994
1.4414395809566978
0.3268526932079997
0.3268526932079997
1.4414391584149269
0.32685276796588414
0.3268526932079997
0.3268526932079997
0.3268526932079997
0.6745602578090275
0.32685276796588414
0.32685276796588414
0.32692852275576306
0.3465490609756625
0.3268703252912324
0.3268773888075124
0.32685276796588414
0.3268533902680544
0.3268526932079997
0.32685331551016994
0.3268526932079997
0.3268526932079997
0.3268526932079997
0.32685331551016994
0.3268526932079997
0.3268709475934026
0.3268526932079997
0.3268526932079997
0.3268526932079997
0.32784025507436865
0.3268526932079997
0.32685276796588414
1.4414391584149269
0.3268526932079997
0.3268526932079997
0.4468801815064599
1.4414505322587012
0.32685331551016994
0.3268526932079997
0.3268526932079997
0.3268526932079997
0.32784080261865445
0.338154053161598
1.579144861648592
0.6745602578090275
0.3268526932079997
0.32685331551016994
0.3268526932079997
0.3268526932079997
0.3268526932079997
0.3268526932079997
0.8912319881690218
0.3268526932079997
0.3268533902680544
0.32685331551016994
0.326935586272043
0.35472349874386466
0.32685276796588414
0.3268526932079997
0.3268526932079997
0.3268526932079997
0.3268526932079997
0.3268526932079997
0.3268526932079997
0.3268526932079997
0.3268703252912324
0.32685331551016994
0.3268533902680544
0.3268533902680544
0.32693628333209773
0.3268533902680544
0.3268526932079997
0.32741374717266536
0.32685331551016994
0.3268526932079997
0.32685331551016994
0.32685276796588414
0.32685276796588414
0.3268526932079997
0.3268526932079997
0.3268526932079997
0.3268533902680544
0.3268526932079997
0.32685331551016994
0.3465490609756625
0.32685331551016994
0.32685331551016994
0.32685331551016994
0.3268526932079997
0.3268526932079997
0.32685276796588414
0.32685331551016994
0.32685331551016994
0.3268526932079997
0.32685331551016994
0.3268526932079997
0.3268526932079997
0.3268526932079997
0.32685331551016994
0.3268526932079997
0.3278401803164842
0.3268526932079997
0.3268526932079997
0.32685331551016994
0.3268526932079997
0.3268526932079997
0.3268526932079997
0.32685276796588414
0.32685331551016994
0.32685276796588414
0.3268526932079997
0.3268526932079997
0.3465497580357172
0.3268526932079997
0.3268526932079997
0.32685276796588414
0.32685331551016994
0.5668283563853936
0.32685331551016994
0.3268526932079997
0.32685331551016994
0.32685331551016994
0.3268526932079997
0.3268526932079997
0.3268526932079997
0.3268526932079997
0.3268526932079997
0.3268526932079997
0.32685276796588414
0.3283978191948042
0.3268704000491168
1.5791558129505956
0.3268526932079997
0.3268526932079997
0.3268526932079997
0.32685331551016994
0.3268526932079997
0.3268526932079997
0.3385388374999326
0.44687036397979785
0.3268526932079997
0.3268526932079997
0.32685276796588414
0.3268526932079997
1.4414391584149269
0.3268526932079997
0.32857866224046145
0.3268526932079997
0.3268526932079997
0.3268526932079997
0.32685331551016994
1.4414395809566978
0.3268526932079997
0.32685276796588414
0.3268526932079997
0.3268526932079997
0.3471101896982126
0.3268526932079997
0.3268526932079997
0.3268526932079997
0.3268526932079997
0.3268526932079997
0.33815412791948246
0.35472295119957886
1.4414391584149269
0.32685331551016994
0.3268526932079997
0.3268526932079997
0.32685276796588414
1.4414391584149269
0.3268526932079997
0.3268526932079997
0.3268526932079997
0.32685331551016994
0.32685276796588414
0.7960346074965317
0.32685276796588414
0.32685331551016994
0.3268526932079997
0.32685331551016994
0.3268526932079997
0.3268526932079997
0.3268526932079997
0.3268526932079997
0.32685331551016994
0.3547235735017491
0.3268526932079997
0.32685331551016994
0.32685331551016994
0.3268526932079997
0.33986670267652214
0.32685331551016994
0.3268526932079997
0.3268526932079997
0.3268526932079997
0.329773868597085
0.32895679859648314
0.3268526932079997
0.3268526932079997
0.3268526932079997
0.3268526932079997
0.3268526932079997
0.32685276796588414
0.32685331551016994
0.44687947062282807
0.32685331551016994
0.3268526932079997
0.3268533902680544
0.32685331551016994
0.3268526932079997
0.3268526932079997
0.3268526932079997
0.32685276796588414
0.3268533902680544
0.3268526932079997
0.3268526932079997
0.3268533902680544
0.3268526932079997
0.32685331551016994
0.3268526932079997
0.3268533902680544
0.32685331551016994
0.3268526932079997
0.3268526932079997
0.32685276796588414
0.3268526932079997
0.32784080261865445
0.33853762193752435
0.3268526932079997
0.3268526932079997
0.3268526932079997
0.3274138219305498
0.3268526932079997
0.3268526932079997
0.3297965982429178
0.32685331551016994
0.3268526932079997
0.32685331551016994
0.32685331551016994
0.33853762193752435
0.3268526932079997
0.32685331551016994
0.32685331551016994
0.33813127018454825
0.34654968327783275
0.3268526932079997
0.3269108906725303
1.4196435739091426
0.32685331551016994
0.3268780111096826
0.3268526932079997
0.3268526932079997
0.32857866224046145
0.3268526932079997
0.3292493925864818
0.32685331551016994
0.3268526932079997
0.3268526932079997
0.3268709475934026
0.3268526932079997
0.8188377917769589
0.8917833985934511
0.3268533902680544
0.3268526932079997
0.7957640537600177
0.3268526932079997
0.32857866224046145
0.3268526932079997
0.3268526932079997
0.32685331551016994
0.523874435592361
0.3268526932079997
0.3268526932079997
0.3268526932079997
0.3268526932079997
0.32685331551016994
0.7957641285179022
0.3268526932079997
0.3268533902680544
0.3268526932079997
0.3268526932079997
0.3381294323199697
0.32685331551016994
0.3268526932079997
0.3268526932079997
0.32685331551016994
0.32685331551016994
0.32685276796588414
0.3268526932079997
0.32685276796588414
0.3268526932079997
0.3268533902680544
1.4414395809566978
0.3268526932079997
0.3268526932079997
0.32685276796588414
0.32685331551016994
0.3268526932079997
1.5791448377931645
0.3268526932079997
0.32685276796588414
0.32685331551016994
0.5669666250452828
0.44761023546208356
0.5669666250452828
0.3268526932079997
0.3268526932079997
0.32685276796588414
0.3268526932079997
0.3298136727629957
0.3268526932079997
0.32685331551016994
0.32685331551016994
0.3268526932079997
0.3268526932079997
0.3268526932079997
0.32685331551016994
0.3268526932079997
0.32685331551016994
0.3547235735017491
0.3268526932079997
1.4414401221982664
0.32685331551016994
0.3268526932079997
0.3381294323199697
0.3268526932079997
0.3268526932079997
0.3268526932079997
0.32685331551016994
0.32685331551016994
0.32685276796588414
0.32685276796588414
0.3268526932079997
0.3268526932079997
0.3268526932079997
0.3292246969869691
0.32685276796588414
0.32685331551016994
0.32685331551016994
1.4414395809566978
0.32685331551016994
0.3268533902680544
0.32685331551016994
0.32685276796588414
0.3268526932079997
0.32685276796588414
0.3268526932079997
0.5238745103502453
0.32685331551016994
0.3268526932079997
0.32685331551016994
0.7960346074965317
0.3268526932079997
0.3268526932079997
0.3292347827486515
0.3268526932079997
0.32685331551016994
0.32685331551016994
0.3268526932079997
0.3268526932079997
0.32685276796588414
0.3381294323199697
0.3465490609756625
0.32685331551016994
1.4414391584149269
0.32685276796588414
0.3268526932079997
0.32685276796588414
0.3268526932079997
0.32685331551016994
0.3268526932079997
0.3268526932079997
0.32685331551016994
0.3268526932079997
0.3268526932079997
0.32685331551016994
0.7957640537600177
0.3268526932079997
0.32685276796588414
0.32685276796588414
0.3268526932079997
0.32685331551016994
0.7957640537600177
