0.3268533902680544
0.32685276796588414
0.3471107372424984
0.32685276796588414
0.3268533902680544
0.32685276796588414
0.3268533902680544
0.32685276796588414
0.32685276796588414
0.3268526932079997
0.3268526932079997
0.3268526932079997
0.3268526932079997
0.32784025507436865
0.8912329417586258
0.32685276796588414
0.3268533902680544
0.3268533902680544
0.3268533902680544
0.3268533902680544
0.32839915238060635
0.32685276796588414
0.3278585094597716
0.3268533902680544
0.32685276796588414
0.32685276796588414
0.3268526932079997
0.32685276796588414
0.32685276796588414
0.3268526932079997
0.32685276796588414
0.3297732462949148
0.32685276796588414
0.32685331551016994
0.32693566102992744
0.3268526932079997
0.32685276796588414
0.3268533902680544
0.32685276796588414
0.3268533902680544
0.32685276796588414
0.32685276796588414
0.32685276796588414
0.3268533902680544
0.32685276796588414
0.33813005462214
0.32685276796588414
0.3268533902680544
0.5668293099749976
0.32685276796588414
0.3268533902680544
0.32685276796588414
0.32685331551016994
0.32685276796588414
0.3268526932079997
0.32685276796588414
0.32685276796588414
0.3268533902680544
0.32685276796588414
0.32685276796588414
0.7936304631490751
0.32685276796588414
0.32685276796588414
0.3283985300784361
0.32685276796588414
0.3268526932079997
0.32685276796588414
0.32685276796588414
0.32685276796588414
0.3268533902680544
0.3547475720412071
0.32685276796588414
0.3268533902680544
0.32685331551016994
0.32685276796588414
0.3268533902680544
0.3292493925864818
0.32839915238060635
0.32685276796588414
0.32685276796588414
0.32685276796588414
0.32685276796588414
0.35472295119957886
0.32685276796588414
0.3268533902680544
0.32685276796588414
0.3268533902680544
0.32685276796588414
0.32685331551016994
0.32685276796588414
0.32685276796588414
0.3268533902680544
0.3268533902680544
0.32685276796588414
0.32685276796588414
0.32685276796588414
0.3268533902680544
0.32685276796588414
0.32685276796588414
0.32685276796588414
0.5239049676172
0.32741374717266536
0.3268526932079997
0.32685276796588414
0.32685276796588414
0.32685276796588414
0.3278408773765389
0.34711081200038285
0.32685276796588414
0.3268526932079997
0.32685276796588414
0.3268533902680544
0.3268533902680544
0.3268533902680544
0.3268526932079997
0.3292347827486515
0.32922477174485354
0.32685276796588414
0.3268533902680544
0.5668306098571383
0.3268526932079997
0.3268526932079997
0.32685276796588414
0.32685276796588414
0.3268533902680544
0.32685276796588414
0.32685276796588414
0.3268773888075124
0.3268773888075124
0.32685331551016994
0.3268526932079997
0.3268526932079997
0.32685276796588414
0.3268533902680544
0.32685276796588414
0.3268526932079997
0.3268533902680544
0.9801199907228799
0.3268533902680544
0.32685276796588414
0.32685276796588414
0.32685331551016994
0.32685331551016994
0.32685276796588414
1.4414854494087823
0.32685276796588414
0.3465497580357172
0.3268704000491168
0.32685276796588414
0.32685276796588414
0.32685276796588414
0.3283985300784361
0.32685276796588414
0.3274720193950804
0.32685276796588414
0.3268526932079997
0.32685331551016994
0.3289574208986534
0.42425582996237565
0.32685276796588414
0.32685276796588414
0.3268533902680544
0.32685276796588414
0.3268526932079997
0.3268533902680544
0.3268774635653968
1.4519896569757422
0.3268533902680544
0.32685276796588414
0.32685331551016994
0.32685276796588414
0.32685276796588414
0.32685276796588414
0.32687808586756706
0.32685331551016994
0.34656780493948164
0.32685276796588414
0.3268533902680544
0.32685276796588414
0.3268533902680544
0.32685276796588414
0.32685276796588414
0.32685276796588414
0.32685331551016994
0.3547228764416944
0.32693628333209773
0.32685276796588414
0.32685276796588414
0.3268526932079997
0.3268533902680544
0.3268533902680544
0.32685276796588414
0.3292494673443662
0.3268533902680544
0.3268526932079997
0.32685276796588414
0.3268533902680544
0.3278408773765389
0.32685276796588414
0.32685276796588414
0.3268526932079997
0.32940269293992225
0.3268533902680544
0.32685276796588414
0.32685276796588414
0.32685276796588414
0.3268533902680544
0.32685276796588414
0.32741374717266536
0.3268526932079997
0.3268526932079997
0.32685331551016994
0.3268533902680544
0.3268526932079997
0.32685276796588414
0.3268526932079997
0.32685276796588414
0.32685276796588414
0.3274138219305498
0.32685276796588414
0.32839923586725006
0.32685276796588414
0.3268533902680544
0.3268526932079997
0.32685276796588414
0.32685276796588414
0.3274138219305498
0.32685276796588414
0.32685276796588414
0.3560831398386704
0.32685276796588414
0.32691096543041476
0.32685276796588414
0.3268533902680544
0.32685276796588414
0.32685276796588414
0.35472295119957886
0.32685276796588414
0.3268533902680544
0.32685276796588414
0.34711081200038285
0.3268533902680544
0.3268533902680544
0.32685276796588414
0.3268533902680544
0.3268533902680544
0.32685276796588414
0.32685276796588414
0.32685276796588414
0.32687808586756706
0.32685276796588414
0.32685276796588414
0.3268533902680544
0.32685276796588414
0.32685276796588414
0.32685276796588414
0.3268526932079997
0.8912250209908006
0.32685331551016994
0.32685276796588414
0.32685331551016994
0.3268526932079997
0.32685276796588414
1.4414510735002701
0.3268533902680544
0.32685331551016994
0.32685276796588414
0.32691096543041476
0.3268704000491168
0.32685276796588414
0.32685276796588414
0.3292494673443662
0.3268533902680544
0.32685276796588414
0.3268526932079997
0.3268533902680544
0.3268526932079997
0.3268526932079997
0.32685331551016994
0.32685331551016994
0.3292494673443662
0.32685331551016994
0.32685331551016994
0.32691096543041476
0.32685276796588414
0.3268526932079997
0.3268533902680544
0.32685276796588414
0.3292494673443662
0.32685276796588414
0.32685276796588414
0.3292594783481642
0.3268533902680544
0.4468497242395054
0.32685276796588414
0.32685331551016994
0.32685276796588414
0.8912240674011968
0.32685276796588414
0.3268533902680544
0.32685276796588414
0.32685276796588414
0.3268533902680544
0.32685276796588414
0.3268533902680544
0.3268526932079997
0.32685276796588414
0.326911587732585
0.32685276796588414
0.4468801815064599
0.3268533902680544
0.32685276796588414
0.3268526932079997
0.3268526932079997
0.3268533902680544
0.32685331551016994
0.34711081200038285
0.329773868597085
0.32685276796588414
0.32685276796588414
0.3268526932079997
0.32685331551016994
0.3268533902680544
0.32685276796588414
0.32685276796588414
0.32685276796588414
0.3268526932079997
0.32685276796588414
0.32685276796588414
0.32685276796588414
0.3268533902680544
1.4414405447400374
0.32685276796588414
0.32685276796588414
0.3268533902680544
0.3268526932079997
0.32685276796588414
0.3268526932079997
0.3268704000491168
0.3268526932079997
0.3268526932079997
0.32685276796588414
0.32685276796588414
0.3268526932079997
0.32685276796588414
0.3268526932079997
0.32685276796588414
0.32685276796588414
0.3268533902680544
0.32685276796588414
0.32743844277217804
0.338538912257817
1.4414514960420408
0.3268526932079997
0.3268533902680544
0.32685276796588414
0.32685276796588414
0.3268526932079997
0.5246384658929918
0.32685331551016994
0.32685276796588414
0.32685276796588414
0.32685276796588414
0.32685276796588414
0.32685276796588414
0.32685276796588414
0.3283985300784361
0.3268533902680544
0.3268526932079997
0.32685276796588414
0.32685276796588414
0.32685276796588414
0.3268526932079997
0.3274138219305498
0.32685276796588414
0.32685276796588414
0.3268533902680544
0.3268533902680544
0.32685276796588414
0.32685276796588414
0.3268533902680544
0.3268533902680544
0.3268533902680544
0.32685276796588414
0.32685276796588414
0.3268533902680544
0.32685276796588414
0.32685276796588414
0.3268533902680544
0.32685331551016994
0.3268526932079997
0.32685276796588414
0.3268533902680544
0.32685276796588414
0.32685331551016994
0.32685276796588414
0.32685276796588414
0.3268533902680544
0.32685276796588414
0.3268533902680544
0.32685276796588414
0.3268533902680544
0.32685276796588414
0.32685276796588414
0.32685276796588414
0.3268533902680544
0.32685276796588414
0.32685276796588414
0.3471101896982126
0.32685276796588414
0.32693566102992744
0.32685276796588414
0.3385382442396946
0.32685276796588414
0.3268526932079997
0.3268526932079997
0.3268533902680544
0.3268533902680544
0.3268526932079997
0.8912329417586258
0.32685276796588414
0.3268533902680544
0.32685276796588414
0.3268526932079997
0.3268526932079997
0.3547235735017491
0.7957371859598362
0.3268533902680544
0.32685276796588414
0.32685276796588414
0.7957641285179022
0.3268526932079997
0.3268526932079997
0.32685276796588414
0.3268533902680544
0.3268533902680544
0.3268533902680544
0.3547228764416944
0.3268533902680544
0.32685276796588414
0.3292347827486515
0.3268533902680544
0.7960077396963502
0.3268526932079997
0.32685276796588414
0.32685276796588414
0.32685276796588414
0.32685276796588414
0.3268533902680544
0.32685276796588414
0.8912250209908006
0.32685276796588414
0.3268526932079997
0.32685276796588414
0.32685276796588414
0.32685276796588414
0.3268533902680544
0.32685276796588414
0.3268533902680544
0.3292494673443662
0.32685276796588414
0.32685331551016994
0.32685331551016994
0.3274138219305498
0.3268533902680544
0.3268533902680544
0.3268533902680544
0.3268533902680544
0.32685276796588414
0.32685276796588414
0.32685276796588414
0.32685276796588414
0.32685276796588414
0.32685276796588414
0.32685276796588414
0.3268533902680544
0.32685276796588414
0.32685276796588414
0.32685276796588414
0.32685331551016994
0.3268533902680544
0.8912250209908006
0.3298156487355446
0.32685276796588414
0.3268704000491168
0.5246383911351074
0.32685331551016994
0.32685276796588414
0.7960346074965317
0.32685276796588414
0.32685331551016994
0.3268533902680544
0.32685276796588414
0.32685276796588414
0.32685276796588414
0.3268533902680544
0.3268533902680544
0.3268526932079997
0.32685276796588414
0.32685276796588414
0.3268526932079997
0.3268526932079997
0.9504584860621205
0.3268526932079997
0.32977394335496946
0.32685276796588414
0.32685276796588414
0.3268526932079997
0.32685276796588414
0.3381293575620853
0.32685276796588414
0.3268533902680544
0.32685276796588414
0.3268526932079997
0.3268533902680544
0.3268533902680544
0.3268526932079997
0.32685331551016994
0.3268533902680544
0.3471101896982126
0.32685331551016994
0.3268533902680544
1.4414405447400374
0.32685276796588414
0.3268533902680544
0.32685276796588414
0.32685276796588414
0.3268526932079997
0.3268526932079997
0.3268533902680544
0.3268533902680544
0.32685276796588414
0.32685276796588414
0.32685276796588414
0.32685331551016994
0.32685276796588414
0.32685276796588414
0.32685276796588414
0.3268526932079997
0.32685276796588414
0.32685276796588414
0.32685276796588414
0.3268526932079997
0.3268533902680544
0.32685276796588414
0.3268526932079997
0.32685276796588414
0.3268533902680544
0.3268526932079997
0.32685276796588414
0.32685276796588414
0.5668554230048553
0.3268526932079997
0.32685276796588414
0.32685276796588414
0.32685276796588414
0.32685276796588414
0.3268533902680544
0.32685276796588414
0.32979087837814747
0.32685276796588414
0.3268526932079997
0.32687808586756706
0.32685276796588414
0.32685276796588414
0.32685331551016994
0.32685331551016994
0.32685276796588414
0.3268533902680544
0.32839844149697445
0.32685276796588414
0.35472295119957886
0.32685276796588414
0.32685276796588414
0.8912329417586258
0.32685276796588414
0.32685276796588414
0.32685276796588414
0.32685276796588414
0.32685331551016994
0.3268533902680544
0.3268703252912324
0.3268526932079997
0.3268533902680544
0.35472295119957886
0.35472349874386466
0.3268533902680544
0.32685331551016994
1.4414401221982664
0.32685276796588414
0.3268533902680544
0.32685331551016994
0.3268533902680544
0.32685276796588414
0.3268526932079997
0.3268533902680544
0.32685276796588414
0.32685276796588414
0.8912250209908006
0.32685276796588414
0.32685276796588414
2.1572273306229177
0.3385382442396946
0.3268526932079997
0.3381294323199697
0.3547228764416944
0.3268526932079997
0.4468801815064599
0.32685276796588414
0.3268533902680544
0.32685276796588414
0.32685331551016994
0.32685276796588414
0.32685276796588414
0.32685276796588414
0.32685276796588414
0.32895679859648314
0.3268526932079997
0.32685276796588414
0.32685276796588414
0.32685331551016994
0.32685276796588414
0.4242869981129621
0.32685276796588414
0.326911587732585
0.32691096543041476
0.32685276796588414
0.32685276796588414
0.3268526932079997
0.3268533902680544
0.32685276796588414
0.3268774635653968
0.3268533902680544
0.32685276796588414
0.5177446095936231
0.32685276796588414
0.3268533902680544
0.3268526932079997
0.34654913573354695
0.32685276796588414
0.3268533902680544
0.32685276796588414
0.3547235735017491
0.3268533902680544
0.32685276796588414
0.32685276796588414
0.32685276796588414
0.3268533902680544
0.32685276796588414
0.3268533902680544
0.32691096543041476
0.32685331551016994
0.3274138219305498
0.32685276796588414
0.32685331551016994
0.3268533902680544
0.32685276796588414
0.32685276796588414
0.3268533902680544
0.3268526932079997
0.3268526932079997
0.3268526932079997
0.32784025507436865
0.3268526932079997
0.3268526932079997
0.32685276796588414
0.32685331551016994
0.3268526932079997
0.3268533902680544
0.32685331551016994
0.3268526932079997
0.32685276796588414
0.7957641285179022
0.32861344360165656
0.3268526932079997
0.3268526932079997
0.3285787369983459
0.32685276796588414
0.3268533902680544
0.8912250209908006
1.4414391584149269
0.32685276796588414
0.32685276796588414
0.3268526932079997
0.3268533902680544
0.32685276796588414
1.4420827096098114
0.4468801815064599
0.3285787369983459
0.32685276796588414
0.3274138219305498
0.32685276796588414
0.32685276796588414
0.32685331551016994
0.32685276796588414
0.566856722886996
0.3268533902680544
0.32685276796588414
0.32691096543041476
0.32685276796588414
0.3285787369983459
0.32685276796588414
0.3268774635653968
0.32685276796588414
0.3268533902680544
0.32685276796588414
0.3268533902680544
0.32685276796588414
0.3268533902680544
0.3268780111096826
0.32685276796588414
0.3268533902680544
0.3268533902680544
0.3268533902680544
0.35472349874386466
0.32685276796588414
0.32685276796588414
0.3297733210527992
0.32685276796588414
0.32685276796588414
0.32685331551016994
0.32685276796588414
0.3268526932079997
0.3278408773765389
0.3268526932079997
0.3268526932079997
0.3268526932079997
0.32685276796588414
0.32685276796588414
0.3268533902680544
0.32685276796588414
0.32685276796588414
0.32685276796588414
0.32685276796588414
0.3268533902680544
0.3268533902680544
0.32685276796588414
0.3268533902680544
0.32685276796588414
0.32685276796588414
0.32685276796588414
0.32685276796588414
0.3268533902680544
0.32685276796588414
0.32685331551016994
0.32685276796588414
0.32685276796588414
0.32685276796588414
0.32685276796588414
0.32685331551016994
0.32685276796588414
0.32691096543041476
0.32685276796588414
0.32685331551016994
0.32685276796588414
0.35472349874386466
0.328957509480115
0.3268704000491168
0.4242869981129621
0.32685276796588414
0.32922477174485354
0.32685276796588414
0.32685276796588414
1.4414391584149269
0.32685276796588414
0.3297733210527992
0.32685276796588414
0.32685276796588414
0.3268533902680544
0.32685276796588414
0.8912250209908006
0.32685276796588414
0.32685276796588414
0.32691096543041476
0.32741374717266536
0.32685276796588414
0.32685276796588414
0.3268533902680544
0.3268526932079997
0.32685331551016994
0.32685276796588414
0.3268533902680544
0.32685276796588414
0.32685276796588414
0.35472295119957886
0.32685331551016994
0.32685276796588414
0.3274385175300625
0.34711081200038285
0.32685276796588414
0.32685276796588414
0.32685276796588414
0.3268533902680544
0.3268526932079997
1.4414501097169305
0.354806391807908
0.3268526932079997
0.32685276796588414
0.32685276796588414
0.32685276796588414
0.3268533902680544
0.32685276796588414
0.32685276796588414
0.32685276796588414
1.4414510735002701
0.3268526932079997
0.3268526932079997
0.32685276796588414
0.32685276796588414
0.32685276796588414
0.5668530519849063
0.32685276796588414
0.32685331551016994
0.32685276796588414
0.32685276796588414
0.32685276796588414
0.3268526932079997
0.32895821526892893
0.4242869981129621
0.3268533902680544
0.32685276796588414
0.3268533902680544
0.32685276796588414
0.32685276796588414
0.32685276796588414
0.32685331551016994
0.3268533902680544
0.3268526932079997
0.3268533902680544
0.3471101896982126
0.7957372607177207
0.3268533902680544
0.3268526932079997
0.32685276796588414
0.32685276796588414
0.32685276796588414
0.3268526932079997
0.32685276796588414
0.5542563160867429
0.32685276796588414
0.32685331551016994
0.3268533902680544
0.3268526932079997
0.32685331551016994
0.32685276796588414
0.3268533902680544
0.32922477174485354
0.32685276796588414
0.32685276796588414
0.32930766480889695
0.32685276796588414
0.3268526932079997
0.32685276796588414
0.3268533902680544
0.3268526932079997
0.32685276796588414
0.32685276796588414
0.3268526932079997
0.32685276796588414
0.3268526932079997
0.34711081200038285
0.32685331551016994
0.32685276796588414
0.32685276796588414
0.3268533902680544
0.34711081200038285
0.32685276796588414
0.3268533902680544
0.3268533902680544
0.32685276796588414
0.3268533902680544
0.3268533902680544
0.3268533902680544
0.35472295119957886
0.32685331551016994
0.3268533902680544
0.3268526932079997
0.3268526932079997
1.4414401221982664
0.3268533902680544
0.32685276796588414
0.32685276796588414
0.32685276796588414
0.32685276796588414
0.32685276796588414
0.32685276796588414
0.32685276796588414
0.32685276796588414
0.32685276796588414
0.32685276796588414
0.33853762193752435
0.3268526932079997
0.32685276796588414
0.3268533902680544
0.3268526932079997
0.5239048928593155
0.32685276796588414
0.32687808586756706
0.32685276796588414
0.32685276796588414
0.3268526932079997
0.32685276796588414
0.3268773888075124
0.32685276796588414
0.3268526932079997
0.32685276796588414
0.32685276796588414
0.32685276796588414
0.3381293575620853
0.32685276796588414
0.3268526932079997
0.32685276796588414
0.32685276796588414
0.3285886732442594
0.3268533902680544
0.951026691611804
0.8912329417586258
0.32685276796588414
0.3268533902680544
0.32895679859648314
0.32685276796588414
0.32685276796588414
0.4242565408460075
0.3268533902680544
1.4414405447400374
0.3274138219305498
0.32685331551016994
0.32685276796588414
0.7960076649384658
0.3285887480021438
0.32685276796588414
0.32685276796588414
0.32685276796588414
0.32685276796588414
0.32685276796588414
0.3268774635653968
0.3268533902680544
0.3268533902680544
0.7957619563172333
0.32685276796588414
0.32685276796588414
0.32685276796588414
0.32685276796588414
0.8912329417586258
0.5668283563853936
0.3268533902680544
0.32685276796588414
0.3268533902680544
0.32685276796588414
0.3268533902680544
0.32685276796588414
0.32685276796588414
0.5668554230048553
0.3268526932079997
0.32685276796588414
0.3268533902680544
0.32784025507436865
0.3268526932079997
0.3268526932079997
0.3268526932079997
0.3292494673443662
0.3268533902680544
0.32685276796588414
0.3268533902680544
0.3268533902680544
0.32685276796588414
0.32685276796588414
0.32685331551016994
0.32685276796588414
0.32685331551016994
0.3268533902680544
0.32685276796588414
0.3268533902680544
0.32685331551016994
0.32685276796588414
0.3547228764416944
0.7960346074965317
0.32685276796588414
0.32685276796588414
0.32685331551016994
0.32685276796588414
0.3268526932079997
1.4414391584149269
0.32685276796588414
0.32685276796588414
0.32685276796588414
0.32685276796588414
0.3268533902680544
0.3268526932079997
0.34654968327783275
0.32685276796588414
0.3268533902680544
0.3381294323199697
0.3381293575620853
0.32685276796588414
0.32685276796588414
0.32685276796588414
0.3268533902680544
0.3268533902680544
0.3268704000491168
