0.3268526932079997
0.32685276796588414
0.3268533902680544
0.3268526932079997
0.32685331551016994
0.32685276796588414
0.32687808586756706
0.3268780111096826
0.32685331551016994
0.3268533902680544
0.3268533902680544
0.3268533902680544
0.3465490609756625
0.3268533902680544
0.32685331551016994
0.3268773888075124
0.32685331551016994
0.7957371859598362
0.32685331551016994
0.3268526932079997
0.32685276796588414
0.3268526932079997
0.4252638982330779
0.3268526932079997
0.32685331551016994
0.7957640537600177
0.3268533902680544
0.3268533902680544
0.32685276796588414
0.3288437135382433
0.3268780111096826
0.32685331551016994
0.32687808586756706
0.32685276796588414
0.32685331551016994
0.34654913573354695
0.326935586272043
0.3268526932079997
0.4468497242395054
0.3268526932079997
0.3268526932079997
0.4242869981129621
0.32685331551016994
0.3268526932079997
0.32685331551016994
0.3274138219305498
0.32685331551016994
0.3268533902680544
0.32685276796588414
0.32685331551016994
0.32685331551016994
0.32685331551016994
0.32839844149697445
0.3268533902680544
0.3268533902680544
0.3285886732442594
0.3268526932079997
0.3283985300784361
0.32685276796588414
0.32685276796588414
0.3292494673443662
0.32693566102992744
0.32685276796588414
0.32689502089074507
0.3268773888075124
0.33853762193752435
0.3268533902680544
0.32685276796588414
0.79605922833816
0.3268526932079997
0.34654968327783275
0.32685276796588414
0.32685331551016994
0.3465497580357172
0.32685331551016994
0.32685276796588414
0.3268526932079997
0.32685331551016994
0.3268526932079997
1.4414514960420408
0.3268533902680544
0.3268526932079997
0.3268526932079997
0.3268533902680544
1.4414510735002701
0.3268533902680544
0.3268526932079997
1.4414410764371075
0.5674400016708366
0.3268526932079997
0.3268526932079997
0.3268526932079997
0.32687808586756706
0.6638484467143454
1.6422109443905129
0.32685331551016994
0.3268526932079997
0.32685331551016994
0.32685276796588414
0.3292347827486515
0.3289574208986534
0.32685331551016994
0.5821300838432796
0.32685331551016994
0.32685276796588414
0.3268526932079997
0.32685331551016994
0.3268780111096826
0.32685276796588414
0.3268526932079997
0.3268526932079997
0.3278401803164842
0.3268533902680544
0.3268533902680544
0.32685331551016994
0.32685276796588414
0.3283985300784361
0.34657383133305963
0.3268526932079997
0.32685276796588414
0.32685276796588414
0.32685276796588414
0.338130647882378
0.3268773888075124
0.3268774635653968
0.3268773888075124
0.7957640537600177
0.329773868597085
0.32685276796588414
0.3268533902680544
0.5469619727906934
0.32685331551016994
0.3268526932079997
0.32685331551016994
0.3268533902680544
0.32685276796588414
0.5535227430530666
0.3283985300784361
0.3268526932079997
0.32685331551016994
0.32685276796588414
0.3268526932079997
0.4251671189585119
0.3268526932079997
0.32685276796588414
0.3268773888075124
0.3268526932079997
0.32693566102992744
0.3268533902680544
0.3268526932079997
0.3283978191948042
0.36381539689610987
0.5358704829766741
0.3268533902680544
0.3268526932079997
0.4242862872293302
0.32685276796588414
0.32685331551016994
0.32685276796588414
0.3268526932079997
0.3268526932079997
0.3638147745939397
0.7957641285179022
0.3268780111096826
0.32685331551016994
0.3269108906725303
0.32685331551016994
0.32685276796588414
0.32685331551016994
0.32685331551016994
0.32685276796588414
0.32741374717266536
0.3268526932079997
0.32685276796588414
0.3292347827486515
0.32685331551016994
0.3274138219305498
0.32685276796588414
0.32685331551016994
0.32685276796588414
0.3268526932079997
0.3268533902680544
0.33853762193752435
0.32685276796588414
0.32685276796588414
0.33853816948181015
0.32685276796588414
0.32685331551016994
0.3268526932079997
0.3268526932079997
0.32685276796588414
0.32685331551016994
0.32685276796588414
0.3268533902680544
0.3268533902680544
0.3268703252912324
0.3268533902680544
0.32685331551016994
0.35480646656579246
0.3268526932079997
0.3268780111096826
0.7960346074965317
0.32685276796588414
0.3268773888075124
0.32685276796588414
0.3268533902680544
0.5240899870365678
0.32685331551016994
0.33853816948181015
0.32685331551016994
0.32685276796588414
0.3268526932079997
0.3268526932079997
0.3268533902680544
0.5239209693856308
0.32685331551016994
0.32857866224046145
0.3268526932079997
0.32685331551016994
0.32685276796588414
0.32866163006238924
0.32867156630830274
0.3268533902680544
0.32685276796588414
0.32685331551016994
0.7960345327386473
0.32685276796588414
0.3274143694748356
0.3268780111096826
0.32685331551016994
0.3268526932079997
0.32685276796588414
0.32685331551016994
0.3268533902680544
0.3268533902680544
0.32685331551016994
0.3268533902680544
0.3268526932079997
0.3268780111096826
0.32741374717266536
0.3268533902680544
0.3268533902680544
0.32685331551016994
0.32685331551016994
0.32923470799076704
0.3268533902680544
0.3268533902680544
0.32685331551016994
0.32685331551016994
0.3268526932079997
0.3268533902680544
0.32685276796588414
0.3297985641965977
0.3268774635653968
0.3268526932079997
0.32685276796588414
0.3547475720412071
0.3268533902680544
0.3268533902680544
0.32687808586756706
0.7957641285179022
0.7957371859598362
1.4414510735002701
0.3297915006803177
0.32685276796588414
0.3471101896982126
0.5240900617944523
0.3269108906725303
0.3268526932079997
0.32685331551016994
0.3268526932079997
0.35050971618491517
0.32685276796588414
0.32685276796588414
1.4519778503074257
0.32685276796588414
0.5668296562675345
0.5821323373150242
0.32685331551016994
0.3268526932079997
0.3268533902680544
0.3268780111096826
0.3268533902680544
0.3268533902680544
0.3268526932079997
0.3268533902680544
0.9504673604195495
0.32685276796588414
0.3268526932079997
0.32685276796588414
0.32685331551016994
0.3268526932079997
0.32685276796588414
0.32687808586756706
0.3268526932079997
0.32685276796588414
0.3268533902680544
0.51796016103783
0.3268780111096826
0.32685276796588414
0.326935586272043
0.3268526932079997
0.32687808586756706
0.32867156630830274
0.3268533902680544
0.3285886732442594
0.42425582996237565
0.33853816948181015
0.3268526932079997
0.32691096543041476
0.32687808586756706
0.3268533902680544
0.3385382442396946
1.5571373730854747
0.3297733210527992
0.3268526932079997
0.32685331551016994
0.32687808586756706
0.3268780111096826
1.4414514960420408
0.553492285786112
0.3268533902680544
0.3268533902680544
0.3268533902680544
0.32685276796588414
0.3268774635653968
0.3381294323199697
0.32685276796588414
0.32685276796588414
0.32685331551016994
0.3268526932079997
0.32685276796588414
0.34654968327783275
0.3268773888075124
0.32839915238060635
0.32685276796588414
0.3268533902680544
0.32685276796588414
0.32687102235128707
0.32685276796588414
0.32685276796588414
0.3268533902680544
0.3268533902680544
0.3268526932079997
0.3268704000491168
0.8912329417586258
0.3268533902680544
0.3268526932079997
1.4414405447400374
0.4468801815064599
0.32685276796588414
0.32687808586756706
0.326911587732585
0.32685331551016994
1.4414505322587012
0.32685331551016994
0.32685331551016994
0.32685331551016994
0.32685276796588414
0.3268533902680544
0.3268526932079997
0.5668306098571383
1.4414395809566978
0.34028821181161434
0.32741374717266536
0.32685331551016994
0.3268533902680544
0.32685331551016994
0.3268533902680544
2.1624934996042895
0.5358704829766741
1.4414391584149269
1.4414395809566978
0.5821571504627411
0.3268533902680544
0.32685331551016994
0.3268526932079997
0.3268533902680544
1.4511109907795177
0.32685276796588414
0.326911587732585
0.3268526932079997
0.3268526932079997
0.32685331551016994
0.34654968327783275
0.3268533902680544
0.3268704000491168
0.3268533902680544
0.3471101896982126
0.32685276796588414
0.3268533902680544
0.3268773888075124
0.32685276796588414
0.32861344360165656
1.4414405447400374
0.32685331551016994
0.32685276796588414
0.4549106450194843
0.3283985300784361
0.32685276796588414
0.3268780111096826
0.32685276796588414
0.32923470799076704
0.674619542480045
0.3268526932079997
0.3268533902680544
0.3268526932079997
0.3268533902680544
0.32685331551016994
0.3268533902680544
0.3268533902680544
0.32685276796588414
0.32685276796588414
0.5668296562675345
0.32685331551016994
0.3385382442396946
0.32685276796588414
0.45490600279196935
0.32685276796588414
0.3283978191948042
0.32685331551016994
0.3268774635653968
0.32693566102992744
1.4414401221982664
0.32922477174485354
0.3268533902680544
0.32685276796588414
0.3268526932079997
0.3283985300784361
0.3292347827486515
0.3269108906725303
0.3268526932079997
0.32685276796588414
0.3268526932079997
0.3268526932079997
0.3268533902680544
0.3268526932079997
0.33853762193752435
0.3268780111096826
0.3268526932079997
0.3268526932079997
0.3268526932079997
0.3268533902680544
0.3268533902680544
0.3268533902680544
0.3268526932079997
0.5668306098571383
0.3268774635653968
0.32687808586756706
0.32685276796588414
0.3286716410661872
0.3268533902680544
0.32685331551016994
0.553522817810951
0.5668283563853936
0.3501312069973796
0.32685276796588414
0.32685276796588414
0.3268773888075124
0.32685276796588414
1.4414391584149269
0.8186384648419961
0.32842384798011903
0.3268703252912324
0.3268526932079997
0.32929290545529777
0.3285887480021438
0.3268526932079997
0.3268533902680544
0.3268526932079997
0.32685331551016994
0.32685331551016994
0.3268533902680544
0.32685276796588414
0.3268533902680544
0.3268526932079997
0.3268526932079997
0.3268526932079997
0.32693566102992744
0.32685331551016994
0.3268780111096826
0.329773868597085
0.3268533902680544
0.32685276796588414
0.3268526932079997
0.32685276796588414
0.3268526932079997
0.3268533902680544
0.32685331551016994
0.32685331551016994
0.3268526932079997
0.3268533902680544
0.32685276796588414
0.3268533902680544
0.5239049676172
0.3268526932079997
0.3268780111096826
0.3268526932079997
0.32685331551016994
0.3283985300784361
0.32685276796588414
0.3268526932079997
0.32685276796588414
0.3268526932079997
0.32685331551016994
0.32693566102992744
0.32842384798011903
0.3268526932079997
0.3268533902680544
0.32685276796588414
0.3268773888075124
0.3268704000491168
0.32685331551016994
0.32685331551016994
0.3268709475934026
0.32685331551016994
0.3471354328420111
0.32685276796588414
0.4468490133558735
0.3268703252912324
0.33853762193752435
0.32685331551016994
0.3268780111096826
0.3381313449424327
1.5791438978652526
0.3268526932079997
0.32685331551016994
0.3274966402367087
0.3278401803164842
0.32685276796588414
0.3547228764416944
0.3465490609756625
0.3268533902680544
0.3268533902680544
0.32691096543041476
0.3268526932079997
0.32685276796588414
0.3268533902680544
0.32685331551016994
0.32685276796588414
0.3268774635653968
0.32685331551016994
0.3268526932079997
0.32685276796588414
0.32685276796588414
0.3268703252912324
0.32685331551016994
0.548592278189524
0.3268533902680544
0.3268533902680544
0.32685276796588414
0.5239048928593155
0.32685276796588414
0.32685276796588414
0.3268526932079997
0.3268533902680544
0.424502549557169
0.7957371859598362
0.32685276796588414
0.5248540173371986
0.3297909531360319
0.32691151297470056
0.3268773888075124
0.3268526932079997
0.3268533902680544
0.3268533902680544
0.3268533902680544
0.3268526932079997
0.5537382944972735
0.32685276796588414
0.34654968327783275
0.3547235735017491
0.3268526932079997
0.32685331551016994
0.3268526932079997
0.32784025507436865
0.3268526932079997
0.32685276796588414
0.32685276796588414
0.32685276796588414
0.3268526932079997
0.3268526932079997
0.3268526932079997
0.33813127018454825
0.32685276796588414
0.32685331551016994
0.32685276796588414
0.3268526932079997
0.5240899870365678
0.3268526932079997
0.32685276796588414
0.32685276796588414
0.32685276796588414
0.32685276796588414
0.3268526932079997
0.32922477174485354
0.32741444423272004
0.32685276796588414
0.3268533902680544
0.5821323373150242
1.4414391584149269
0.3773285492250815
0.32685331551016994
0.3285887480021438
0.4468490133558735
0.32685276796588414
0.3381294323199697
0.3268773888075124
1.4414391584149269
0.32685276796588414
0.32685276796588414
0.3268780111096826
0.32685276796588414
0.35472295119957886
0.3268533902680544
0.3268526932079997
0.32685331551016994
0.3268533902680544
0.35472349874386466
0.3268533902680544
0.8892563966397153
0.3268526932079997
0.32685276796588414
0.4468801815064599
0.3268526932079997
0.33813072264026245
0.32685276796588414
0.3278408773765389
0.32685276796588414
0.32685331551016994
0.3268533902680544
0.3268774635653968
0.32685276796588414
0.3268526932079997
0.3278408773765389
0.3268533902680544
0.3268526932079997
0.32687808586756706
0.3268526932079997
0.32685331551016994
0.32685331551016994
0.3268526932079997
0.32923470799076704
0.32685276796588414
0.3285886732442594
0.32685276796588414
0.3268533902680544
0.3268526932079997
0.3268526932079997
0.3268526932079997
0.3268526932079997
0.32685276796588414
0.3268533902680544
0.32685331551016994
0.3268526932079997
0.3381294323199697
0.523874435592361
0.3268533902680544
0.3547235735017491
0.32685276796588414
0.3268533902680544
0.3268780111096826
0.3268533902680544
0.32839844149697445
0.32685276796588414
0.3268774635653968
0.32685331551016994
0.3268526932079997
0.32685331551016994
1.4624171363320295
0.32685276796588414
0.32685331551016994
0.32784080261865445
0.5668296562675345
0.32685276796588414
0.32685276796588414
0.32923470799076704
0.5668283563853936
0.34711081200038285
0.3268780111096826
0.5668306098571383
0.32685276796588414
0.3268704000491168
0.3268526932079997
0.32685276796588414
0.3268533902680544
0.32685276796588414
0.32685276796588414
0.35472349874386466
0.3268526932079997
0.33853816948181015
0.33813127018454825
0.32685331551016994
0.3471107372424984
0.32685276796588414
0.32687102235128707
0.3268704000491168
0.7957641285179022
0.32685276796588414
0.32685331551016994
0.3268709475934026
0.32685276796588414
0.3268526932079997
0.32685331551016994
0.3268533902680544
0.32685276796588414
0.32687808586756706
0.32685276796588414
0.3268526932079997
0.32685276796588414
0.32741444423272004
0.3268774635653968
0.3268526932079997
0.32687808586756706
0.3268526932079997
0.8912487630007094
0.3268526932079997
0.32685276796588414
0.3268780111096826
0.3268533902680544
0.3268533902680544
1.4414501097169305
0.3268533902680544
0.32685331551016994
0.4468801815064599
0.5821570329145369
0.32685276796588414
0.3268533902680544
0.3268533902680544
0.33853816948181015
0.535839950951835
0.3268773888075124
0.32685331551016994
0.32687102235128707
0.326935586272043
0.3268533902680544
0.3268526932079997
0.32685276796588414
0.3269108906725303
0.3268773888075124
0.3268526932079997
0.32687808586756706
0.32685276796588414
0.32685331551016994
0.3547235735017491
0.3268533902680544
0.3268526932079997
0.7957641285179022
0.32923470799076704
0.32687808586756706
0.32685276796588414
0.3268526932079997
0.32685276796588414
0.3268533902680544
0.3268533902680544
0.3268774635653968
0.3268526932079997
1.4414405447400374
0.3268533902680544
0.32685276796588414
0.32685276796588414
0.3268709475934026
0.3268526932079997
0.32687808586756706
0.3268526932079997
0.7957371859598362
0.8912240674011968
0.33813127018454825
0.3471101896982126
0.32685276796588414
0.7957640537600177
0.32685276796588414
0.3268526932079997
0.32685276796588414
0.3268533902680544
0.3268533902680544
0.3278401803164842
0.32685276796588414
0.3268780111096826
0.32922477174485354
0.32685331551016994
0.32685331551016994
0.3268526932079997
0.3268526932079997
0.3268533902680544
0.32685276796588414
0.3268526932079997
0.3268526932079997
0.4468801815064599
0.3297915006803177
0.32685331551016994
0.3274138219305498
0.32685331551016994
0.32685331551016994
0.32981557397766015
0.3268526932079997
0.3268533902680544
0.3297909531360319
0.3547228764416944
0.3268526932079997
0.7960593030960443
0.32685276796588414
0.3268526932079997
1.557147360604139
0.3268774635653968
0.32685276796588414
0.3268526932079997
0.32685276796588414
0.3268533902680544
0.32685331551016994
0.3268774635653968
0.32685331551016994
0.3268526932079997
0.32741444423272004
0.3268526932079997
0.3268526932079997
0.3268773888075124
0.32685331551016994
0.3268533902680544
0.32685276796588414
0.3268533902680544
0.32784025507436865
0.3268526932079997
0.3268533902680544
0.3268533902680544
0.3283978191948042
0.3268774635653968
0.3268526932079997
0.3385375471796399
0.33853762193752435
0.32864687070879006
0.326935586272043
0.32685276796588414
0.326935586272043
0.3268533902680544
0.3268773888075124
0.3381294323199697
0.3268526932079997
0.32685276796588414
0.32685276796588414
0.3268773888075124
0.3268526932079997
0.32687808586756706
0.32685276796588414
0.32685276796588414
0.3268526932079997
0.3268533902680544
0.33813127018454825
0.32685276796588414
0.32685276796588414
0.32685331551016994
0.7960346074965317
0.32685276796588414
0.3268526932079997
0.32685276796588414
0.7957372607177207
0.4242862872293302
0.32685331551016994
0.3268703252912324
0.32685331551016994
0.32685331551016994
0.32685276796588414
0.44687947062282807
0.3268526932079997
0.3547235735017491
0.32685331551016994
0.3385375471796399
0.32685276796588414
0.3268533902680544
0.328957509480115
0.33869239890709835
0.32685276796588414
0.9504673604195495
0.3268533902680544
0.34657437887734543
0.32685331551016994
0.32685276796588414
0.338130647882378
0.3268526932079997
0.33856286508132283
1.5571473844595665
0.3268533902680544
0.7957641285179022
1.4414395809566978
0.3285886732442594
0.3268780111096826
0.35011302086548934
0.32685331551016994
0.32685276796588414
0.32685331551016994
0.7957371859598362
0.3268533902680544
0.32685276796588414
0.3268526932079997
0.32685276796588414
0.32685276796588414
0.32868919839153543
0.3268704000491168
0.32685276796588414
0.3268526932079997
0.32685331551016994
0.32857866224046145
0.328957509480115
0.3471107372424984
0.3465490609756625
0.3471107372424984
0.3268533902680544
0.3268526932079997
0.7960076649384658
0.32685276796588414
0.32685276796588414
0.32685276796588414
0.3268533902680544
0.32685331551016994
0.32685276796588414
0.3268526932079997
0.3268773888075124
0.3274385175300625
0.32685276796588414
0.3268533902680544
0.3285887480021438
0.3268526932079997
0.3268533902680544
0.3268526932079997
0.3286716410661872
0.7957371859598362
0.3268704000491168
0.4245018386735371
0.3268533902680544
0.32685331551016994
1.4414514960420408
0.4468497242395054
0.32857866224046145
0.3268533902680544
0.32685276796588414
0.3268526932079997
0.3268526932079997
0.326935586272043
0.3268526932079997
0.3268526932079997
0.5535227430530666
0.3268526932079997
0.32687808586756706
0.8551218724583467
0.3285787369983459
0.3268533902680544
0.3268533902680544
0.3268533902680544
0.3268526932079997
0.32685276796588414
0.3268533902680544
0.32685331551016994
0.3285886732442594
0.3268526932079997
0.32685276796588414
0.3268533902680544
0.32685276796588414
0.3268774635653968
0.32685276796588414
0.32685276796588414
0.32685331551016994
0.32685276796588414
0.5469620475485778
0.32685276796588414
0.3268533902680544
0.3268526932079997
0.3292246969869691
0.3268526932079997
0.32685276796588414
0.32685276796588414
0.3268533902680544
0.3268533902680544
0.3268533902680544
0.32685331551016994
0.3268533902680544
0.3268526932079997
0.8912566837685346
0.3268526932079997
0.32685276796588414
0.3268533902680544
0.3268526932079997
0.32685331551016994
0.3268533902680544
0.33853762193752435
0.32741444423272004
0.3268526932079997
0.3268526932079997
0.3268533902680544
0.32685331551016994
0.3471101896982126
0.3268780111096826
0.3269108906725303
0.3268526932079997
0.3268526932079997
0.7320943553631327
0.32685331551016994
0.32685331551016994
0.32685331551016994
0.32685331551016994
0.3268773888075124
