0.3268709475934026
0.3268703252912324
0.3268533902680544
0.3268533902680544
0.3268956431929153
0.32687808586756706
0.3268526932079997
0.7960345327386473
0.3547811486641095
0.3268526932079997
0.3268533902680544
0.3501137317491212
0.3268526932079997
0.34654968327783275
0.3268533902680544
0.3268526932079997
0.3285887480021438
0.32685331551016994
0.32685331551016994
0.5239048928593155
0.32693566102992744
0.32839844149697445
0.3385395345599872
0.3285787369983459
0.32687102235128707
0.3471278217814453
0.32685331551016994
1.4414405447400374
0.32923470799076704
0.3547228764416944
0.32687102235128707
0.32687102235128707
0.32685331551016994
0.8912329417586258
0.32922477174485354
0.3268533902680544
0.3268533902680544
0.3268526932079997
0.32687102235128707
0.32685331551016994
0.32685276796588414
0.32839844149697445
0.32687102235128707
0.3269108906725303
0.32685276796588414
1.4414514960420408
1.4414505322587012
0.3268533902680544
0.3268533902680544
0.32685276796588414
0.3465684272416519
0.3268533902680544
0.3268533902680544
0.3268703252912324
0.3268704000491168
1.4422082525140032
0.3278401803164842
0.3268533902680544
0.33813005462214
1.605116127682161
0.3268526932079997
0.32685276796588414
0.32685331551016994
0.32685276796588414
1.4414391584149269
0.32687102235128707
0.32687102235128707
0.8912240674011968
0.32693628333209773
0.32685276796588414
0.32685276796588414
0.32685276796588414
0.34654913573354695
0.32685331551016994
0.3268533902680544
0.32685276796588414
0.3268533902680544
0.3268526932079997
0.3268709475934026
0.3268533902680544
0.3268533902680544
0.32839844149697445
0.3268533902680544
0.32685331551016994
0.32685276796588414
0.3268526932079997
0.3268533902680544
0.7957371859598362
1.292102558727372
0.32685331551016994
0.3385382442396946
0.3268709475934026
0.3268526932079997
0.3268533902680544
0.5668293099749976
0.3268704000491168
0.32685276796588414
0.32841600532669446
0.3268709475934026
0.3268526932079997
0.3268709475934026
0.3268533902680544
0.3268533902680544
0.329773868597085
0.3268533902680544
0.3465845693041081
0.3268526932079997
0.3268703252912324
0.32685331551016994
0.3268526932079997
0.3268533902680544
0.566856722886996
0.3268533902680544
0.32784080261865445
0.3297733210527992
0.32685276796588414
0.32685276796588414
0.3385382442396946
0.32685276796588414
0.3268526932079997
0.32685331551016994
0.3268704000491168
0.32685276796588414
0.3268709475934026
0.32685276796588414
0.3268533902680544
0.3268533902680544
0.32685331551016994
0.32685331551016994
0.32685331551016994
0.34656780493948164
0.7958599014031973
0.3268533902680544
0.3268533902680544
0.32685331551016994
0.32687102235128707
0.32685276796588414
0.3268704000491168
0.5177446095936231
0.3268533902680544
0.32685276796588414
0.3286615553045048
0.3268709475934026
0.32685276796588414
0.32685331551016994
0.3385395345599872
0.3292347827486515
0.32687102235128707
0.3268533902680544
0.5238745103502453
0.3268533902680544
0.3385382442396946
0.4468490133558735
0.32685331551016994
0.3547235735017491
0.32685276796588414
0.32685276796588414
0.3268709475934026
0.3268533902680544
0.32685331551016994
0.7960076649384658
0.3268533902680544
0.3268533902680544
0.3268703252912324
0.32685331551016994
0.32685276796588414
0.32685331551016994
0.3268526932079997
0.8912240674011968
0.3268526932079997
0.3268526932079997
0.32685331551016994
0.3297732462949148
0.8912240674011968
0.32685276796588414
0.7957640537600177
0.338130647882378
0.32685276796588414
0.3268526932079997
0.32685276796588414
0.32685331551016994
0.3268703252912324
0.3285787369983459
0.3292246969869691
0.3268704000491168
0.3268526932079997
0.3268526932079997
0.32685276796588414
0.3268526932079997
0.3268526932079997
0.32685276796588414
0.3268526932079997
0.5668709415880964
0.3268533902680544
0.3285886732442594
0.32685331551016994
0.32687102235128707
0.3268526932079997
1.4414401221982664
0.4242862872293302
0.3268533902680544
0.32685276796588414
0.3285962943236942
0.42425582996237565
0.32685331551016994
0.32685331551016994
0.3268533902680544
0.3547412055849818
0.32866163006238924
0.3268526932079997
0.32685276796588414
0.3268533902680544
0.3268526932079997
0.5924470818259978
1.128165657536503
0.32685276796588414
0.3268533902680544
0.3268526932079997
0.32685276796588414
0.3268703252912324
0.326935586272043
0.3268533902680544
0.32839844149697445
0.7957641285179022
0.3292347827486515
0.32685276796588414
0.32693566102992744
0.3268533902680544
0.32695321835527574
0.3269362085742133
0.32687808586756706
0.3268533902680544
0.326911587732585
0.3385382442396946
0.3268526932079997
0.3268709475934026
0.32685331551016994
0.3286615553045048
0.3268533902680544
0.32685331551016994
0.3268533902680544
0.32685276796588414
0.3268533902680544
0.32685331551016994
0.32685331551016994
0.32685331551016994
0.3268526932079997
0.3268533902680544
0.3268533902680544
0.32685276796588414
0.32685276796588414
0.8912240674011968
0.3283978191948042
0.3278578123997169
0.3268533902680544
0.789195971329396
0.32685276796588414
0.3268533902680544
0.32685331551016994
0.3268533902680544
0.32685331551016994
0.32685276796588414
0.3268533902680544
0.32685276796588414
0.5239210441435151
0.32685276796588414
0.5596597699881956
0.3268709475934026
0.3268526932079997
0.3268526932079997
0.3268533902680544
0.32687808586756706
0.3268526932079997
0.32687102235128707
0.3268533902680544
0.9504594396517244
0.3268703252912324
0.3268533902680544
0.32685331551016994
0.32685331551016994
0.32685276796588414
0.32687102235128707
0.3268526932079997
0.32685331551016994
0.32685331551016994
0.32685331551016994
0.3268533902680544
0.3268533902680544
0.32685276796588414
0.3286791873877375
0.3268533902680544
0.3268526932079997
0.3839086241079846
0.3268526932079997
0.3268526932079997
0.3268533902680544
0.3268704000491168
0.32685276796588414
0.3268533902680544
0.3268533902680544
0.32685331551016994
0.9801120699550547
0.3268526932079997
0.3285886732442594
0.3268533902680544
0.32685331551016994
0.3268533902680544
0.32685276796588414
0.3547228764416944
0.32685331551016994
0.32687102235128707
0.3268526932079997
0.3268526932079997
0.3268533902680544
0.32685331551016994
0.3268526932079997
0.3268526932079997
0.3268526932079997
0.32685331551016994
0.3268533902680544
0.326911587732585
0.3268533902680544
0.33853816948181015
0.3268703252912324
0.7961304551397113
0.32922591023890313
0.3268533902680544
0.32693566102992744
0.3268533902680544
0.32685331551016994
0.3268533902680544
0.3297732462949148
0.32687102235128707
0.3268526932079997
0.3268533902680544
0.3268533902680544
0.3268703252912324
0.32693628333209773
0.4242565408460075
0.32685331551016994
0.32685331551016994
0.674604288289576
0.32685331551016994
0.3268533902680544
0.32693566102992744
0.3268526932079997
0.32693628333209773
0.3268533902680544
0.32685331551016994
0.3268533902680544
0.32687102235128707
0.33853816948181015
0.3268526932079997
0.32685276796588414
0.32685276796588414
0.32685276796588414
0.32685331551016994
0.32685331551016994
0.3268526932079997
0.32693628333209773
0.3268526932079997
0.3268526932079997
0.32685276796588414
0.3268533902680544
1.2663213133279925
0.32685331551016994
0.5240116372063417
0.32685276796588414
0.3268533902680544
0.7958599014031973
0.3268533902680544
0.5239515014104698
0.3268533902680544
0.32691151297470056
0.3268533902680544
0.3268533902680544
0.3297915006803177
0.3268533902680544
0.32685331551016994
0.3268533902680544
0.32685276796588414
0.32685276796588414
0.32685276796588414
0.4556679357818114
0.32685276796588414
0.3268709475934026
0.3268533902680544
0.3268704000491168
0.3283985300784361
0.32685331551016994
0.32685331551016994
0.4556679357818114
0.32685276796588414
0.3268709475934026
1.3290909135931837
0.9505618666781996
0.32685276796588414
0.32685331551016994
0.32685331551016994
0.32687102235128707
0.3268526932079997
0.3268704000491168
0.3268704000491168
1.4414405447400374
0.32685331551016994
0.32685276796588414
0.8912319881690218
0.32685276796588414
0.3268533902680544
0.3268533902680544
0.32685276796588414
0.5668283563853936
0.3268533902680544
0.32685276796588414
0.3268526932079997
0.3268526932079997
0.32685276796588414
0.32685276796588414
0.3268533902680544
0.3268533902680544
0.32685276796588414
0.3268703252912324
0.32685331551016994
0.3268526932079997
0.3268703252912324
0.3268533902680544
0.44687947062282807
0.32685276796588414
0.3268526932079997
0.3268704000491168
0.32685276796588414
0.32685276796588414
0.3268533902680544
0.3269108906725303
0.32685276796588414
0.32691096543041476
0.3268704000491168
0.32685276796588414
0.3268703252912324
0.3268533902680544
0.3283978191948042
0.3268533902680544
0.3268533902680544
0.3268704000491168
0.3268533902680544
0.32685276796588414
0.32687102235128707
0.32693628333209773
0.3268533902680544
0.32685276796588414
0.3268533902680544
0.8922830496062941
0.32685276796588414
0.3268533902680544
0.3268533902680544
0.32923470799076704
0.3268526932079997
0.32685276796588414
0.3268533902680544
0.5239049676172
0.32685331551016994
0.3268703252912324
0.32693628333209773
0.35472349874386466
0.32685331551016994
0.34656771635802
0.3268533902680544
0.35417691272016194
0.3292246969869691
0.9505539459103746
0.32685331551016994
0.32685276796588414
0.3268704000491168
0.3268533902680544
0.32685276796588414
0.3285887480021438
0.3268533902680544
1.4414501097169305
0.32839915238060635
0.3268533902680544
0.5596293127212411
0.32685276796588414
0.3268533902680544
0.3268533902680544
0.32685331551016994
0.32685276796588414
0.32687102235128707
0.326935586272043
0.3268526932079997
0.32685331551016994
0.3268533902680544
0.3268526932079997
0.3268526932079997
0.32685331551016994
0.3269285975136475
0.32685331551016994
0.34654913573354695
1.4414501097169305
0.3268526932079997
0.3465684272416519
0.3471101149403282
0.32685276796588414
0.32685331551016994
0.32685331551016994
0.3268533902680544
0.3268709475934026
0.32685331551016994
0.32860630532749213
0.3268526932079997
0.4468490133558735
0.3268526932079997
0.32685276796588414
0.32685276796588414
0.32685276796588414
0.3268533902680544
0.3268526932079997
0.32839844149697445
0.32685331551016994
0.3268526932079997
0.3268533902680544
0.34654913573354695
0.32685331551016994
0.32685331551016994
0.4468490133558735
0.3268526932079997
0.32685276796588414
0.32685331551016994
0.3268533902680544
0.5239515014104698
0.3268526932079997
0.32691096543041476
0.3268709475934026
0.3269362085742133
0.3268533902680544
0.523874435592361
0.32685331551016994
0.42425582996237565
0.3268533902680544
0.3268533902680544
0.4242862872293302
0.32693628333209773
0.32685331551016994
0.3269108906725303
0.32687102235128707
0.32685276796588414
0.3268704000491168
0.3268526932079997
0.32685276796588414
0.8912240674011968
0.3285886732442594
0.3268703252912324
0.32685276796588414
0.3268704000491168
0.32685276796588414
0.3268533902680544
0.32685276796588414
0.3278408773765389
0.3268533902680544
0.3268526932079997
0.32685276796588414
0.8912240674011968
0.32859636908157863
0.3268533902680544
0.3268533902680544
0.3268526932079997
0.3268533902680544
0.3268526932079997
0.3268533902680544
0.3268526932079997
0.3268526932079997
0.3268533902680544
0.3268526932079997
0.32685331551016994
0.32685276796588414
0.32685331551016994
0.32685331551016994
0.32685276796588414
0.32685276796588414
0.32685331551016994
0.32685331551016994
0.7957641285179022
0.32922477174485354
0.3268709475934026
0.32685331551016994
0.32685276796588414
0.32685276796588414
0.32687102235128707
0.3268709475934026
0.5241968061414786
0.32979157543820214
0.32685331551016994
0.34656731536106544
0.3268533902680544
0.3268526932079997
0.32685276796588414
0.32685331551016994
0.3283985300784361
0.32685276796588414
0.3269108906725303
0.5668306098571383
0.3268526932079997
0.3268533902680544
0.32685276796588414
0.3268533902680544
0.3268704000491168
0.32685331551016994
0.32685276796588414
0.3268704000491168
0.3268533902680544
0.3268533902680544
0.3268533902680544
0.32691151297470056
0.32685331551016994
0.32687102235128707
0.32685331551016994
0.3268709475934026
0.3268704000491168
0.32685331551016994
0.32685276796588414
0.32685276796588414
0.32685331551016994
0.32685331551016994
0.32857866224046145
0.3268533902680544
0.32689571795079975
0.32861344360165656
0.3268533902680544
0.32685276796588414
0.3268533902680544
0.3268526932079997
0.3268533902680544
0.32685331551016994
0.3292347827486515
0.35011435405129143
0.32685331551016994
0.3286615553045048
0.32685331551016994
0.32685331551016994
0.3278585094597716
0.3268703252912324
0.32691151297470056
0.3268703252912324
0.3471101896982126
0.3274143694748356
0.3268704000491168
0.3268526932079997
0.32685276796588414
0.4468490133558735
0.3268533902680544
0.3385382442396946
0.32685331551016994
0.3268533902680544
0.3268704000491168
0.3268533902680544
0.3297733210527992
0.3268709475934026
0.32685331551016994
0.32685331551016994
0.32685276796588414
0.3268533902680544
0.3268526932079997
0.32685331551016994
0.3268709475934026
0.32860343259785857
0.3268526932079997
0.32685331551016994
0.3268533902680544
0.32685331551016994
0.3268533902680544
0.8912250209908006
0.32685331551016994
0.3292347827486515
0.3268533902680544
0.3268533902680544
0.32685276796588414
0.3385382442396946
0.32685331551016994
0.3268533902680544
0.32685331551016994
0.3268526932079997
0.3268526932079997
0.3286615553045048
0.32685331551016994
0.3268533902680544
0.34654913573354695
1.4414395809566978
0.32685276796588414
0.32685331551016994
1.4414405447400374
0.32685331551016994
1.4414405436030535
0.3268533902680544
0.3268533902680544
0.5239049676172
0.3268709475934026
0.3268526932079997
0.32685331551016994
0.32693566102992744
0.3268533902680544
0.32685276796588414
0.32685276796588414
0.32685276796588414
0.34656771635802
0.32685331551016994
0.3268526932079997
0.34654968327783275
0.3268533902680544
0.33853816948181015
0.32685331551016994
0.3268703252912324
0.3268533902680544
0.3386210625458535
0.34711081200038285
0.3268533902680544
0.32685276796588414
0.32979157543820214
0.3268533902680544
0.3268526932079997
0.3471101149403282
0.3268533902680544
0.3268526932079997
0.32687102235128707
0.3268526932079997
0.32685331551016994
0.3268533902680544
0.3268526932079997
0.3268533902680544
0.32685331551016994
0.3268533902680544
0.35472349874386466
0.3268704000491168
0.3471683124048588
0.3268533902680544
0.3465497580357172
0.3268533902680544
0.3268533902680544
0.32867156630830274
0.32693566102992744
0.32685276796588414
0.32693566102992744
0.32685331551016994
0.32685276796588414
0.3268533902680544
0.3268526932079997
0.32685276796588414
0.32685276796588414
0.8912250209908006
0.32691151297470056
0.3268533902680544
0.32685276796588414
0.32685331551016994
0.3268526932079997
0.3268526932079997
0.32922477174485354
0.32842393146676274
0.32685276796588414
0.3268526932079997
0.3268526932079997
0.3268526932079997
0.3268709475934026
0.329773868597085
0.3268526932079997
1.2788069722572826
0.3268704000491168
0.32685331551016994
0.3471101896982126
0.3268533902680544
0.32685276796588414
0.32685331551016994
0.3268533902680544
0.32685276796588414
0.3268526932079997
0.32685276796588414
0.3268533902680544
0.3268533902680544
0.32685276796588414
0.32685331551016994
1.1770440293118192
0.32860343259785857
0.3501137317491212
0.8912566837685346
0.3268533902680544
0.3268704000491168
0.32685331551016994
0.4468801815064599
0.3268533902680544
0.3547235735017491
0.32685331551016994
0.32685276796588414
0.3268526932079997
0.32685276796588414
1.4414391584149269
0.3268533902680544
0.3268526932079997
0.32685276796588414
1.4414401221982664
0.3268533902680544
0.32867156630830274
0.3268533902680544
0.32685276796588414
0.3285787369983459
0.32687102235128707
0.32693566102992744
0.3268526932079997
0.8912319881690218
0.32685276796588414
0.3268533902680544
1.4414514960420408
0.3268533902680544
0.3268526932079997
0.33813005462214
0.32685276796588414
0.7960345327386473
0.8913530972063926
0.32685331551016994
0.326935586272043
0.34654913573354695
0.32685331551016994
0.32685276796588414
0.44474307918078493
0.32685276796588414
0.32685276796588414
1.4414501097169305
0.3268526932079997
0.3268773888075124
0.3268533902680544
0.3381313449424327
0.32685276796588414
0.3471101149403282
0.3268704000491168
0.3268533902680544
0.3268533902680544
1.4414395809566978
0.8912319881690218
0.32685276796588414
0.3268533902680544
0.3292246969869691
0.32839915238060635
0.3268533902680544
0.3268533902680544
0.3268533902680544
0.3268533902680544
0.3268526932079997
0.3268533902680544
0.32685331551016994
0.32685331551016994
0.32685276796588414
0.32685276796588414
0.3268709475934026
0.5238745103502453
0.32687102235128707
0.338595819402055
0.32693566102992744
0.3268533902680544
0.7960077396963502
1.4414405447400374
0.32685331551016994
0.9801711200301807
0.3268533902680544
0.32922591023890313
0.3283985300784361
0.5668804648969048
0.32685331551016994
0.3268703252912324
0.35011302086548934
0.8912250209908006
0.32685331551016994
0.3268533902680544
0.32685331551016994
0.32691151297470056
0.3268526932079997
0.3268703252912324
0.3268526932079997
0.32685276796588414
0.3268526932079997
0.32685276796588414
0.3268709475934026
0.3292347827486515
0.55965984474608
0.3268526932079997
0.32685331551016994
1.4414514960420408
0.3268526932079997
0.3268533902680544
0.3268526932079997
0.3268704000491168
0.3268709475934026
0.4556374785148568
0.32685276796588414
0.32685331551016994
0.3285787369983459
0.3268533902680544
0.3268703252912324
0.32685331551016994
0.3268526932079997
0.3268533902680544
0.3268533902680544
0.35359001150712205
1.4414505322587012
0.32685331551016994
0.32685331551016994
0.3292246969869691
0.3292347827486515
0.32685276796588414
0.32685331551016994
0.3268533902680544
0.32685276796588414
0.32685276796588414
0.32685276796588414
0.32685331551016994
1.4414510735002701
0.32685276796588414
0.3268533902680544
0.32839844149697445
1.4414514960420408
0.3268526932079997
0.3268533902680544
0.32685331551016994
0.3268533902680544
0.32685331551016994
0.3268533902680544
0.3268526932079997
0.3268533902680544
0.32685276796588414
0.9504664068299455
0.32687102235128707
0.3465490609756625
0.3268709475934026
0.3268533902680544
0.3268533902680544
0.32685276796588414
0.3395257313481791
0.3268526932079997
0.3286716410661872
0.3268533902680544
1.4414534140642214
0.32685331551016994
0.5238745103502453
0.3292347827486515
0.3268780111096826
0.3268533902680544
0.3268533902680544
0.32685276796588414
0.3268709475934026
0.32687102235128707
0.32685331551016994
0.32685331551016994
0.32685331551016994
0.7957372607177207
0.3268704000491168
0.3268526932079997
0.8912240674011968
0.3268533902680544
0.3268533902680544
0.3268526932079997
0.32685276796588414
0.32685331551016994
0.5535227430530666
0.8912319881690218
0.32685331551016994
0.32685331551016994
0.3268526932079997
0.32685331551016994
0.3268533902680544
0.3268526932079997
0.32685276796588414
0.3268526932079997
0.32685276796588414
0.3268533902680544
0.32685276796588414
0.3268526932079997
0.32685331551016994
0.32685331551016994
0.33986541235622947
0.32685276796588414
0.32685276796588414
0.3268533902680544
0.3268533902680544
0.32839844149697445
0.3268533902680544
0.3268533902680544
0.4556367676312249
0.32685331551016994
0.3268526932079997
0.327941402523815
0.3268709475934026
0.7970397520891255
0.3268774635653968
0.32685331551016994
0.3297915006803177
0.3268533902680544
0.3268533902680544
0.3268533902680544
0.3268533902680544
0.3268709475934026
0.3839086241079846
0.3381299798642556
0.32685331551016994
0.3269362085742133
0.32685331551016994
