0.3268533902680544
0.3268780111096826
0.32685331551016994
0.5668306098571383
0.32685276796588414
0.3285787369983459
0.32685276796588414
0.3268780111096826
0.3268533902680544
0.3268533902680544
0.3268533902680544
0.3286210646810913
0.32685331551016994
0.3268533902680544
1.451975932285245
0.32685276796588414
0.3285887480021438
0.3268773888075124
0.3268533902680544
0.32685276796588414
0.3268533902680544
0.3268533902680544
0.32861344360165656
0.3268780111096826
0.3268533902680544
0.32691096543041476
0.3268709475934026
0.3268774635653968
0.3283985300784361
0.3268533902680544
0.3268533902680544
0.3268533902680544
0.32685331551016994
0.3289574208986534
0.32685331551016994
0.3268533902680544
0.3268533902680544
0.326911587732585
0.32685331551016994
0.3471354328420111
0.951017817254375
0.3268533902680544
0.32685331551016994
0.3268533902680544
0.32685331551016994
0.32691151297470056
0.3268526932079997
0.32685331551016994
0.3268533902680544
0.3268533902680544
0.32786557297605157
0.32685276796588414
0.3268773888075124
0.32685276796588414
0.4242869981129621
0.32687808586756706
0.32685276796588414
0.32685331551016994
0.3268533902680544
0.3268780111096826
0.3268774635653968
0.32685276796588414
0.360198312024396
0.32687808586756706
0.3268533902680544
0.3381299798642556
0.3268780111096826
0.3268780111096826
0.3268533902680544
0.3268533902680544
0.3268533902680544
0.32685276796588414
0.3547475720412071
0.32685331551016994
0.7957371859598362
0.3274143694748356
0.3268533902680544
0.32693628333209773
0.3547235735017491
0.32839844149697445
0.32685331551016994
0.3268956431929153
0.8917843521830551
0.32685331551016994
0.32685331551016994
0.3268526932079997
0.32685331551016994
0.3285887480021438
0.32685331551016994
0.3268533902680544
1.4414405447400374
0.32685331551016994
0.3268533902680544
0.3268533902680544
0.32685331551016994
0.3268533902680544
0.3268533902680544
0.32687808586756706
0.32685331551016994
0.3268526932079997
0.3268704000491168
0.3268533902680544
0.32685276796588414
0.32977394335496946
0.32687808586756706
0.3268526932079997
0.32895821526892893
0.32685331551016994
0.3268773888075124
0.3268780111096826
0.7957618815593489
0.32687808586756706
0.3269362085742133
0.3268533902680544
0.3268533902680544
0.3268780111096826
0.32685276796588414
0.32979157543820214
0.32687808586756706
0.3268533902680544
0.329773868597085
0.3269362085742133
0.3268533902680544
0.3268533902680544
0.3268774635653968
0.32693628333209773
0.3268533902680544
0.32861344360165656
0.32685276796588414
0.3268533902680544
0.32687808586756706
0.32687808586756706
0.32685331551016994
0.32685331551016994
0.32685331551016994
0.3268533902680544
0.3269108906725303
0.32685331551016994
0.7957372607177207
0.3268780111096826
0.3268533902680544
0.32977394335496946
0.3268533902680544
0.3268780111096826
0.32685276796588414
0.3268773888075124
0.32685276796588414
0.32685276796588414
0.3268533902680544
0.32685331551016994
0.32685331551016994
0.3268526932079997
0.32687102235128707
0.32685331551016994
0.5668306098571383
0.3268533902680544
0.3268780111096826
0.32685331551016994
0.3268780111096826
0.3268774635653968
0.3268780111096826
0.3268533902680544
0.32685331551016994
0.3268533902680544
0.3268533902680544
0.3269108906725303
0.32977394335496946
0.32687808586756706
0.3268533902680544
0.3268533902680544
0.32685276796588414
0.32685276796588414
0.32685331551016994
0.3268533902680544
0.3268533902680544
0.32685331551016994
0.3268533902680544
0.32685331551016994
0.32685331551016994
0.32857866224046145
0.32685331551016994
0.32685331551016994
0.32685331551016994
0.32685331551016994
0.3268533902680544
0.32685276796588414
0.32687808586756706
0.32685331551016994
0.32685276796588414
0.3268533902680544
0.3268780111096826
0.3268533902680544
0.32687808586756706
0.32687808586756706
0.3268780111096826
0.3268533902680544
0.35607320359275685
0.3268533902680544
0.3268773888075124
0.32685331551016994
0.32685331551016994
0.3268533902680544
0.3268533902680544
0.3268533902680544
0.3268533902680544
0.3268533902680544
0.32685331551016994
0.32685331551016994
0.3268526932079997
0.32685331551016994
0.3268533902680544
0.32687808586756706
0.3268533902680544
0.32687102235128707
0.3268533902680544
0.3268533902680544
0.3268533902680544
0.32685331551016994
0.3268533902680544
0.3268533902680544
0.32685276796588414
0.3268533902680544
0.32685331551016994
0.3268533902680544
0.32685276796588414
0.32685276796588414
0.3268526932079997
0.3268780111096826
0.3268526932079997
0.8917913193612763
0.32687808586756706
0.3268526932079997
0.3268780111096826
0.3268526932079997
0.3268774635653968
0.32685331551016994
0.3268533902680544
0.3268780111096826
0.32685276796588414
0.3268533902680544
0.3268526932079997
0.32685331551016994
0.3268533902680544
1.4414510735002701
0.3268533902680544
0.3268780111096826
0.32685276796588414
0.3268533902680544
0.32685331551016994
0.3268533902680544
0.32687102235128707
0.32685276796588414
0.3268780111096826
0.3268526932079997
0.32687808586756706
0.3268533902680544
0.34711081200038285
0.32687808586756706
0.326911587732585
1.0342731537107492
0.3268780111096826
0.3268533902680544
0.3268533902680544
0.3268526932079997
1.4414501097169305
0.3268533902680544
0.3286716410661872
0.32685331551016994
0.32685331551016994
0.32685331551016994
0.7957372607177207
0.32687808586756706
0.32689502089074507
0.328957509480115
0.3268526932079997
0.3268780111096826
0.3268533902680544
0.3268533902680544
0.3268780111096826
0.3268703252912324
0.3268774635653968
0.32685331551016994
0.32685331551016994
0.32685331551016994
0.32685276796588414
0.3268773888075124
0.8912240674011968
0.3268533902680544
0.32685276796588414
0.3268526932079997
0.3268526932079997
0.797428904608498
0.32687808586756706
0.32685331551016994
0.5822940016922854
0.32687808586756706
0.3278401803164842
0.32685331551016994
0.7957371859598362
0.32685331551016994
0.3268533902680544
0.32685331551016994
0.9069880648449179
0.32685331551016994
0.3268533902680544
0.3268773888075124
0.32685331551016994
0.32741444423272004
0.3268533902680544
0.32685331551016994
0.3268533902680544
0.32685276796588414
0.3285886732442594
0.3268526932079997
0.3268533902680544
0.8912240674011968
0.32687808586756706
0.3274143694748356
0.32784025507436865
0.3269532931131602
0.32685331551016994
0.32685331551016994
0.3268533902680544
0.3286133688437721
0.3268533902680544
0.7957372607177207
0.3268533902680544
0.3268526932079997
0.4242604721898906
0.3278408773765389
0.3381299798642556
0.32685331551016994
0.32685331551016994
0.32685331551016994
0.32685276796588414
0.32979157543820214
0.32685331551016994
0.35472295119957886
0.36464157615704706
0.3268533902680544
0.3268533902680544
0.3268533902680544
0.32741374717266536
0.3268526932079997
0.3268780111096826
0.33853816948181015
0.32685331551016994
0.32685331551016994
0.32691151297470056
0.32685331551016994
0.3268533902680544
0.32687808586756706
0.32685331551016994
0.32685331551016994
0.32784080261865445
0.3268780111096826
0.32685331551016994
0.3268526932079997
0.32685276796588414
0.3466079555002478
0.338154053161598
0.32687808586756706
0.32685331551016994
0.326935586272043
0.32687808586756706
0.326911587732585
0.3268533902680544
0.3269108906725303
0.32685331551016994
0.328957509480115
0.3268533902680544
0.32685331551016994
0.3268533902680544
0.32685331551016994
0.5246080086260372
0.3268533902680544
1.4414501097169305
0.3268526932079997
0.32687102235128707
0.3268533902680544
0.3269108906725303
0.3268780111096826
0.3268704000491168
0.3268526932079997
0.32685331551016994
0.3268533902680544
0.32685331551016994
0.32685331551016994
0.3268774635653968
0.3285886732442594
0.3268533902680544
0.3547816962083953
0.32685331551016994
0.32687808586756706
0.32691151297470056
0.32685331551016994
0.3268780111096826
0.32687808586756706
0.3268526932079997
0.32685331551016994
0.3269362085742133
0.32687808586756706
0.32685331551016994
0.32685276796588414
0.32685331551016994
0.32685331551016994
0.3268774635653968
0.33813005462214
0.3268533902680544
0.3268526932079997
0.32685331551016994
0.33853816948181015
0.7957372607177207
0.3268533902680544
0.32685276796588414
0.32685276796588414
0.32687808586756706
0.3268704000491168
0.32685331551016994
0.3268774635653968
0.3501136431676596
0.3268533902680544
0.3268533902680544
0.32689502089074507
0.32685276796588414
0.3667754145579511
0.326911587732585
0.3465497580357172
0.32685331551016994
0.32685276796588414
0.32685331551016994
0.32685276796588414
0.32685276796588414
0.32687808586756706
0.32687808586756706
0.3268526932079997
0.3268533902680544
0.3268533902680544
0.3268533902680544
0.3268533902680544
0.32685276796588414
0.3547475720412071
0.32685331551016994
0.5668306098571383
0.3268533902680544
0.3268533902680544
0.32685331551016994
0.3269362085742133
0.32685331551016994
0.32687808586756706
0.32685331551016994
0.3268533902680544
0.3268709475934026
0.3268780111096826
0.32685331551016994
0.3268774635653968
0.3268526932079997
0.3268780111096826
0.3268533902680544
0.7957619563172333
0.32685331551016994
0.32685276796588414
0.5248234853123597
0.3274314540137825
0.3268533902680544
0.3268533902680544
0.3268533902680544
0.3268773888075124
0.3274138219305498
0.3268526932079997
0.3268774635653968
0.3268780111096826
0.3547235735017491
0.7957618815593489
0.3268780111096826
0.3268533902680544
0.32685331551016994
0.3268780111096826
0.32685276796588414
0.32685276796588414
0.3268773888075124
0.32687808586756706
0.32685331551016994
0.32784080261865445
0.32685276796588414
0.32685331551016994
0.3268774635653968
0.3268533902680544
0.32691151297470056
0.3268533902680544
0.32685331551016994
0.3465490609756625
0.32685331551016994
0.3268526932079997
0.32685276796588414
0.32685331551016994
0.32685276796588414
0.3268533902680544
0.3268780111096826
0.3465490609756625
0.3268533902680544
0.3268533902680544
0.32685331551016994
0.32685331551016994
0.3268780111096826
0.3268533902680544
0.3547228764416944
0.6745849534085402
0.3268533902680544
0.32685276796588414
0.3268950956486295
0.3268773888075124
0.3268526932079997
0.523874435592361
0.3268533902680544
0.3385382442396946
0.3268533902680544
0.32685331551016994
0.3269108906725303
0.3268526932079997
0.32685331551016994
0.3268526932079997
0.3268533902680544
1.4414514960420408
0.3268774635653968
0.3268533902680544
0.3268533902680544
0.32685331551016994
0.3268533902680544
0.3268533902680544
0.3268533902680544
0.32685331551016994
0.3268780111096826
0.33856293983920727
0.3268533902680544
1.4421974115042828
0.3268526932079997
0.3285887480021438
0.3268533902680544
0.3547235735017491
0.32685276796588414
0.8912250209908006
0.32685331551016994
0.3278408773765389
0.3292493925864818
0.32693628333209773
0.32685331551016994
0.3268526932079997
0.3268774635653968
0.3268533902680544
0.32685331551016994
0.32685331551016994
0.32687808586756706
0.32687808586756706
0.3268533902680544
0.32685331551016994
0.3268780111096826
0.32685331551016994
0.3297733210527992
0.3268709475934026
0.3269362085742133
0.32687808586756706
0.3268780111096826
0.32687808586756706
0.3385375471796399
0.32685276796588414
0.3274726416972507
0.42447209229021443
0.32685331551016994
0.3268533902680544
0.32685276796588414
0.35474819434337734
0.32685331551016994
0.32685331551016994
0.3268526932079997
0.32685331551016994
0.32685331551016994
0.32685331551016994
0.32685331551016994
0.32691096543041476
0.3268533902680544
0.3268774635653968
0.3268533902680544
0.3268533902680544
0.32685331551016994
0.32685331551016994
0.3268533902680544
0.32685331551016994
0.3268526932079997
0.32685331551016994
0.3268533902680544
0.3268526932079997
0.3268533902680544
0.32687808586756706
0.32685331551016994
0.32685276796588414
0.3274143694748356
0.33856293983920727
0.3268709475934026
0.32687808586756706
0.3268533902680544
0.3268526932079997
0.3268780111096826
0.3268533902680544
0.3268533902680544
0.3268533902680544
0.32691151297470056
0.32685331551016994
0.3268526932079997
0.3268773888075124
0.32685331551016994
0.3547817709662797
0.32685331551016994
0.32685331551016994
0.32842384798011903
0.32687102235128707
0.32691096543041476
0.32685276796588414
0.3268533902680544
0.32687808586756706
0.3268709475934026
0.32691151297470056
0.3268709475934026
0.3268533902680544
0.32786549821816713
0.3268774635653968
0.3268780111096826
0.32685331551016994
0.3268533902680544
0.3268533902680544
0.44709573295066685
0.951017817254375
0.3268773888075124
0.3268780111096826
0.3268533902680544
0.3268526932079997
0.32691151297470056
0.3547228764416944
0.32685276796588414
0.32689502089074507
0.3274143694748356
0.32685331551016994
0.32685276796588414
0.32685276796588414
0.32685331551016994
0.33911684467056985
0.35472349874386466
0.32685276796588414
0.32687102235128707
0.3268533902680544
0.32685331551016994
0.35472295119957886
0.32685331551016994
0.3268533902680544
0.32685276796588414
0.3268533902680544
0.3268780111096826
0.32685276796588414
0.3268780111096826
0.3268526932079997
0.3268526932079997
0.32685276796588414
0.3268526932079997
0.3268774635653968
0.5537079119882033
0.32685276796588414
0.33813005462214
0.3268526932079997
0.3268526932079997
0.32695384065744604
0.42447138140658247
0.32685276796588414
0.3268533902680544
0.326911587732585
0.3268780111096826
0.32685276796588414
0.3268526932079997
0.3268780111096826
0.32685331551016994
0.3268774635653968
0.3268533902680544
0.3268533902680544
0.33853816948181015
0.32685331551016994
0.3268533902680544
0.32685331551016994
0.32685276796588414
0.32685331551016994
0.32692921981581774
0.32687808586756706
0.32685331551016994
0.7960323605379784
0.3268533902680544
0.3268774635653968
0.32685331551016994
0.3268533902680544
0.32687808586756706
0.3268533902680544
0.3268526932079997
0.3268526932079997
0.32693628333209773
0.32687102235128707
0.3298162710377149
0.3268780111096826
0.3268780111096826
0.32685276796588414
0.3268526932079997
0.32685276796588414
0.3268533902680544
0.33853816948181015
0.3268533902680544
0.3268526932079997
0.3268533902680544
0.3268533902680544
0.32685331551016994
0.35472349874386466
0.3268704000491168
0.3268709475934026
0.4251678298421438
0.32687102235128707
0.3268533902680544
0.32685331551016994
0.3268533902680544
0.32687808586756706
0.32839844149697445
0.3268533902680544
0.3274391398322327
0.3268774635653968
0.3268533902680544
0.3268526932079997
0.32685331551016994
0.3268533902680544
0.3268533902680544
0.3480977646911927
0.32685331551016994
0.32685331551016994
0.32685331551016994
0.32685331551016994
0.3297915006803177
0.32685276796588414
0.32687808586756706
0.3278408773765389
0.3268533902680544
0.3268533902680544
0.3268704000491168
0.32685331551016994
0.32685331551016994
0.3268774635653968
0.3268773888075124
0.3268773888075124
0.3268533902680544
0.3268533902680544
0.34654913573354695
0.32741374717266536
0.3268774635653968
0.32685331551016994
0.32685331551016994
0.35472349874386466
0.32687808586756706
0.32685331551016994
0.3268533902680544
0.32685331551016994
0.32685276796588414
0.32691096543041476
0.32685276796588414
0.3268526932079997
0.32685276796588414
0.32685331551016994
0.32685331551016994
0.3284231370964871
0.3268533902680544
0.3268533902680544
0.32693628333209773
0.32685331551016994
0.32685331551016994
0.7960324352958629
0.3268533902680544
0.3297733210527992
0.3268709475934026
0.4470645648000804
0.32689571795079975
0.32685331551016994
0.35472349874386466
0.32685276796588414
0.3268533902680544
0.3268533902680544
0.3268526932079997
0.33813005462214
0.3268533902680544
0.3268533902680544
0.32685331551016994
0.32685331551016994
0.32687808586756706
0.32839915238060635
0.3268533902680544
0.32685331551016994
0.32685331551016994
0.32685331551016994
0.32685331551016994
1.4414516063343241
0.32685331551016994
0.3268533902680544
0.3268780111096826
0.32687808586756706
0.32685276796588414
1.4414501097169305
0.3268773888075124
0.3268533902680544
0.3268533902680544
0.32685331551016994
0.35472349874386466
0.3268773888075124
0.3268533902680544
0.3268533902680544
0.32691151297470056
0.32685331551016994
0.32685276796588414
0.3268526932079997
0.32685331551016994
0.3465497580357172
0.32685331551016994
0.35604775725484983
0.3268533902680544
0.32860343259785857
0.3385382442396946
0.32685331551016994
0.32685276796588414
0.32685276796588414
0.3286133688437721
0.3269291450579333
0.32685331551016994
0.3268533902680544
0.3268526932079997
0.3268533902680544
0.32687808586756706
0.326911587732585
0.32687808586756706
0.3268533902680544
0.32786549821816713
0.5821570329145369
0.32685331551016994
0.3268533902680544
0.3268780111096826
0.32685276796588414
0.32784025507436865
0.32685331551016994
0.3268526932079997
0.32687808586756706
0.3268533902680544
0.3268533902680544
0.3268533902680544
0.3547235735017491
1.4414510735002701
0.3268533902680544
0.32687808586756706
0.32685331551016994
0.3268774635653968
0.3268773888075124
0.32685331551016994
0.3283985300784361
0.3268526932079997
0.32685331551016994
0.32839915238060635
0.32687808586756706
0.3286133688437721
0.3268533902680544
0.32687808586756706
0.5676039195198425
0.32685331551016994
0.32685331551016994
0.3268533902680544
0.3268774635653968
0.32693628333209773
0.3268780111096826
0.33853816948181015
0.32685331551016994
0.32691151297470056
0.32685331551016994
0.32685276796588414
0.3268533902680544
0.326911587732585
0.3268533902680544
0.32979863895448214
0.3471107372424984
0.7960076649384658
0.32685331551016994
0.3268773888075124
0.32685331551016994
0.32687102235128707
0.3274138219305498
0.32685331551016994
0.3268774635653968
0.32685331551016994
0.3268526932079997
0.3547235735017491
0.32685276796588414
0.32687808586756706
0.3268533902680544
0.951017817254375
0.32685276796588414
0.32687102235128707
0.3268526932079997
0.5246079338681527
0.3465744536352299
0.3268774635653968
0.3268780111096826
0.3268526932079997
0.8912497165903133
0.32685331551016994
0.3268773888075124
0.3268526932079997
0.3268774635653968
0.3268533902680544
0.3268526932079997
0.7957618815593489
0.3268780111096826
0.3268774635653968
0.3269362085742133
0.3268533902680544
0.3268533902680544
0.3268703252912324
0.32784025507436865
0.32687102235128707
0.3268533902680544
0.3465497580357172
0.3268533902680544
0.3268526932079997
0.32685331551016994
0.3547235735017491
0.32685331551016994
0.7957619563172333
0.32685276796588414
0.3274138219305498
0.32687808586756706
0.3268533902680544
0.3268533902680544
0.3268533902680544
0.7957887493595304
0.5240899870365678
0.7960076649384658
0.32685276796588414
0.32685331551016994
0.3471107372424984
0.32687808586756706
0.3284225147943169
0.32685331551016994
0.3268526932079997
0.3268709475934026
0.3268533902680544
0.32687808586756706
0.3268526932079997
0.5542562413288584
0.34711081200038285
0.8917922729508803
0.3268533902680544
0.3268780111096826
0.32784025507436865
0.32685331551016994
0.3547228764416944
0.32685276796588414
0.524714678215179
0.32687808586756706
0.32685276796588414
0.3268533902680544
0.32685331551016994
0.32685331551016994
0.3268533902680544
0.3268533902680544
0.3268526932079997
0.3268533902680544
0.3471107372424984
0.3268533902680544
0.32685331551016994
0.32685331551016994
0.3268533902680544
0.32898282738179796
0.3381293575620853
0.3268533902680544
0.3268533902680544
0.32693628333209773
0.32691151297470056
0.32685276796588414
0.3268780111096826
0.4468536555833884
0.32685331551016994
0.32685276796588414
0.3268780111096826
0.32687808586756706
0.3268533902680544
0.3268780111096826
0.32685331551016994
0.32685276796588414
0.3268533902680544
0.32685331551016994
0.3268526932079997
0.4242565408460075
0.3268526932079997
0.32685276796588414
0.3268533902680544
0.3269362085742133
