0.32691151297470056
0.32685331551016994
0.32695321835527574
0.3297915006803177
0.3268526932079997
0.3268526932079997
0.3268780111096826
0.32979794189442746
0.3268956431929153
0.32685331551016994
0.3268526932079997
0.326935586272043
0.3269362085742133
0.3268709475934026
0.9504594396517244
0.5668804648969048
0.32689571795079975
0.42447138140658247
0.3268526932079997
0.32685276796588414
0.3668336867803662
0.3268709475934026
0.3606767433473603
0.32687808586756706
0.3268780111096826
0.32693628333209773
0.7958330336030156
0.32685276796588414
0.32695384065744604
0.3268526932079997
0.32685331551016994
0.3547987807473422
0.3268773888075124
0.3268780111096826
0.3466325763418761
0.3268709475934026
0.3268773888075124
0.3285886732442594
0.3268526932079997
0.3268526932079997
0.3269108906725303
0.3268526932079997
0.32685331551016994
0.3269362085742133
0.3268773888075124
0.3269362085742133
0.32685331551016994
0.3269108906725303
0.32689502089074507
0.3268526932079997
0.32685276796588414
0.5239514266525853
1.4414396912489809
0.3269362085742133
0.3268526932079997
0.3268709475934026
0.3269108906725303
0.3268780111096826
0.3268704000491168
0.3268703252912324
0.32689502089074507
0.32685331551016994
0.32685331551016994
0.32685276796588414
0.3268533902680544
0.3268773888075124
0.3269108906725303
0.32691151297470056
1.1864248724768665
1.7621286329060648
0.3268526932079997
0.32695384065744604
0.5668543518670471
0.32691151297470056
0.3268709475934026
0.32695321835527574
0.3268709475934026
0.32691151297470056
0.3268526932079997
0.3268709475934026
0.32691151297470056
0.326935586272043
0.8914190047970398
0.3385382442396946
0.3268526932079997
0.3268526932079997
0.42425582996237565
0.3284225147943169
0.3268526932079997
0.3268533902680544
0.3268956431929153
0.32693628333209773
0.3283978191948042
0.32695384065744604
0.32685276796588414
0.9726754922345516
0.326935586272043
0.3268709475934026
0.3381313449424327
0.32687808586756706
0.32685331551016994
0.3268526932079997
0.3268780111096826
0.3269362085742133
0.3268526932079997
0.32685331551016994
0.32685331551016994
0.7957371859598362
0.3268774635653968
0.32691151297470056
0.32685331551016994
0.326935586272043
0.32685331551016994
0.3268773888075124
0.3269108906725303
0.32685331551016994
0.3268780111096826
0.3548057695057377
0.3268780111096826
0.3268956431929153
0.32685331551016994
0.3268703252912324
0.3501136431676596
0.32685331551016994
0.3269362085742133
0.3268526932079997
0.3268526932079997
0.32695321835527574
0.3268780111096826
0.32693566102992744
0.32895679859648314
1.4528720592037114
0.8912566837685346
0.6745333900088459
0.3268533902680544
0.326935586272043
0.3268780111096826
0.3547235735017491
0.3268709475934026
0.42425582996237565
0.3268526932079997
0.32685276796588414
0.3268780111096826
0.3268773888075124
0.3268526932079997
0.32685331551016994
0.3268704000491168
0.32691151297470056
0.7957887493595304
0.32784080261865445
0.32685331551016994
0.3274143694748356
0.7957371859598362
0.32685331551016994
0.329773868597085
0.3268709475934026
0.3268956431929153
0.3268773888075124
0.32685331551016994
0.326935586272043
0.3268773888075124
0.32685331551016994
0.3268526932079997
0.3268780111096826
0.32685331551016994
0.8666731806795499
0.3268526932079997
0.32695321835527574
0.3268780111096826
0.3268773888075124
0.3285886732442594
0.3268780111096826
0.3268780111096826
0.79605922833816
0.3268526932079997
0.3547817709662797
0.3268526932079997
0.32691151297470056
0.32839844149697445
0.3268526932079997
0.3268780111096826
0.3268703252912324
0.3268703252912324
0.32695384065744604
0.35482402389114076
1.4414410775740913
0.32788313030139987
0.326935586272043
0.3269108906725303
0.32685331551016994
0.32693566102992744
0.326935586272043
0.32692852275576306
0.553492285786112
0.326935586272043
0.3268956431929153
0.32691151297470056
0.326935586272043
0.32689502089074507
0.3268533902680544
0.3268526932079997
0.3268526932079997
0.32685331551016994
0.5668804648969048
0.3268526932079997
0.3268773888075124
0.3269362085742133
0.3268780111096826
0.326935586272043
0.32685331551016994
0.3268709475934026
0.3268956431929153
0.3268703252912324
0.3268526932079997
0.32695321835527574
0.3269108906725303
0.3268526932079997
0.32685331551016994
0.3268773888075124
0.3268773888075124
0.3269291450579333
0.3268526932079997
0.3268773888075124
0.3268526932079997
0.42447138140658247
0.32685331551016994
0.3269291450579333
0.3268526932079997
0.32691151297470056
0.3268773888075124
0.3268526932079997
0.32933523313804314
0.3268780111096826
0.32685331551016994
0.3268773888075124
0.3471283693257311
0.326935586272043
0.3606767433473603
0.3268703252912324
0.3269362085742133
0.32685331551016994
0.3268703252912324
0.3268526932079997
0.3268526932079997
0.3268526932079997
0.3268780111096826
0.32792307338052756
0.32786549821816713
0.32923470799076704
0.32689502089074507
0.32692852275576306
0.3268526932079997
0.3268774635653968
0.326935586272043
0.3268709475934026
0.326935586272043
0.3268526932079997
0.3268526932079997
0.3268526932079997
0.32689502089074507
0.7957887493595304
0.3268526932079997
0.3268773888075124
0.32685331551016994
0.8917833985934511
0.3560585189970421
0.3268526932079997
0.3268773888075124
0.3269108906725303
0.5668296562675345
0.3274143694748356
0.32685276796588414
0.3268773888075124
0.32685276796588414
0.32691151297470056
0.3268526932079997
0.3268780111096826
0.3268773888075124
0.3278990000831851
1.4414506425509845
0.32685276796588414
0.33815467546376826
0.32685331551016994
0.3268956431929153
0.3268526932079997
0.3268526932079997
0.3268703252912324
0.3268526932079997
0.3269108906725303
0.3268780111096826
0.3268526932079997
0.32695384065744604
0.3268526932079997
0.3269362085742133
0.3268526932079997
0.3268526932079997
0.32685331551016994
0.3269362085742133
0.3268773888075124
0.3269362085742133
0.326935586272043
0.5716882915133217
0.5239811799393872
0.3269291450579333
0.3268526932079997
0.3268773888075124
0.32985621411684257
0.3268526932079997
0.326911587732585
0.32685331551016994
0.3268526932079997
0.3269108906725303
0.3268526932079997
0.3268526932079997
0.32691151297470056
0.3268956431929153
0.42447138140658247
0.3268780111096826
0.3268773888075124
0.326935586272043
0.32685331551016994
0.3268773888075124
0.3268526932079997
0.3268526932079997
0.326935586272043
0.3289814941959958
0.3268780111096826
0.32695321835527574
0.3268709475934026
0.3268773888075124
0.3269362085742133
0.32693628333209773
0.3268773888075124
0.32685331551016994
0.32689571795079975
0.3268709475934026
0.326935586272043
0.3274143694748356
0.32685331551016994
0.32689502089074507
0.3297732462949148
0.32685331551016994
0.4245018386735371
0.32685331551016994
0.32685331551016994
0.32685331551016994
0.32687808586756706
0.3269362085742133
0.32689502089074507
0.3269362085742133
0.3268780111096826
0.3269362085742133
0.32685331551016994
0.326935586272043
0.3297732462949148
0.32695384065744604
0.32685331551016994
0.3268526932079997
0.3269108906725303
0.3268703252912324
0.3268703252912324
0.3268526932079997
0.3268526932079997
0.3292246969869691
0.32685276796588414
0.32685331551016994
0.3268780111096826
0.3268526932079997
0.32689502089074507
0.3269362085742133
0.5242272634084331
0.3268780111096826
0.3269362085742133
0.32687102235128707
0.3269362085742133
0.326935586272043
0.32685331551016994
0.3268703252912324
0.3269362085742133
0.3269362085742133
0.3268773888075124
0.3465490609756625
0.8912329417586258
0.3269362085742133
0.3269362085742133
0.3547235735017491
0.3268703252912324
0.32685331551016994
0.3268526932079997
0.3667754145579511
0.326935586272043
0.326935586272043
0.3268780111096826
0.3269362085742133
0.32695384065744604
0.32685331551016994
0.3268526932079997
0.3269362085742133
0.32695384065744604
0.3268773888075124
0.7957618815593489
0.3268773888075124
0.3268526932079997
0.3269108906725303
0.326935586272043
0.32689502089074507
0.3268526932079997
0.32692921981581774
0.3268526932079997
0.32685331551016994
0.3268526932079997
0.3268533902680544
0.32687102235128707
0.3269362085742133
0.32691151297470056
0.32685276796588414
0.3465490609756625
0.3268780111096826
0.32685331551016994
0.3269362085742133
0.3269362085742133
0.3278578123997169
0.3268709475934026
0.32685331551016994
0.35530225954964745
0.3268703252912324
0.3269362085742133
0.566879165014764
0.3269108906725303
0.32687808586756706
0.3268526932079997
0.7957640537600177
0.5240899870365678
0.7957640537600177
0.327471944637196
0.3268526932079997
0.32685331551016994
0.3269362085742133
0.3268950956486295
0.3268709475934026
0.32693566102992744
0.3268956431929153
0.3268773888075124
0.3268773888075124
0.32685331551016994
0.3465920109605781
0.3269108906725303
0.34654968327783275
0.3268956431929153
0.3268773888075124
0.32685331551016994
0.3268526932079997
0.32685331551016994
0.3268703252912324
0.3268526932079997
0.3268703252912324
0.3268780111096826
0.32685276796588414
0.3269108906725303
0.32687808586756706
0.32689502089074507
0.3268780111096826
0.32685331551016994
0.326935586272043
0.3268526932079997
0.3268703252912324
0.32685331551016994
0.3268709475934026
0.3268773888075124
0.3268526932079997
0.32695384065744604
0.3268780111096826
0.32693628333209773
0.32685331551016994
0.32689571795079975
0.3268526932079997
0.32692852275576306
0.3268709475934026
0.32792369568269786
0.3268780111096826
0.3268526932079997
0.326935586272043
0.3268703252912324
0.3268526932079997
0.3268773888075124
0.3381299798642556
0.33856286508132283
0.32685331551016994
0.3268703252912324
0.32685331551016994
0.3268780111096826
0.3466319540397058
0.32898291086844167
0.3297733210527992
0.32693628333209773
0.3269291450579333
0.32689502089074507
0.3268709475934026
0.3269108906725303
0.34091956196240725
0.3268773888075124
0.35011302086548934
0.32685331551016994
0.3268709475934026
0.32898211649816606
0.326935586272043
0.32685331551016994
0.3269291450579333
0.32741374717266536
0.32695321835527574
0.326935586272043
0.3268526932079997
0.3268526932079997
0.3269362085742133
0.33856293983920727
0.32685331551016994
0.3269291450579333
0.7960076649384658
0.3268526932079997
1.4414510735002701
0.3268526932079997
0.3268780111096826
0.32685331551016994
0.5668283563853936
0.3269362085742133
0.32685276796588414
0.3268773888075124
0.32691151297470056
0.3268780111096826
0.3268956431929153
0.5668461284403795
0.326935586272043
0.3297915006803177
0.35472295119957886
0.3268709475934026
0.32695321835527574
0.32685331551016994
0.3268780111096826
0.3268780111096826
0.3268780111096826
0.32689502089074507
0.3269362085742133
0.3668589299241647
0.3268526932079997
0.3268709475934026
0.3268526932079997
0.32691096543041476
0.32685331551016994
0.326911587732585
0.34662496528131026
0.3269108906725303
0.3268709475934026
0.3268703252912324
0.8912319881690218
0.3268526932079997
0.32693566102992744
0.5242432651768638
0.326935586272043
0.3268526932079997
0.32685331551016994
0.3465938286299785
0.3268773888075124
0.3269108906725303
0.5239048928593155
0.3268773888075124
0.3268709475934026
0.32685331551016994
0.32691151297470056
0.3547475720412071
0.3268526932079997
0.326935586272043
0.32687808586756706
0.7957887493595304
0.3268780111096826
0.3268526932079997
0.32692852275576306
0.3268773888075124
0.32685331551016994
0.3268533902680544
0.326935586272043
0.8912566837685346
0.3292347827486515
0.326911587732585
0.9506287278584509
0.32685331551016994
1.4414409661448242
0.3268773888075124
0.32691151297470056
0.3268773888075124
0.32784080261865445
0.32685331551016994
0.3268773888075124
0.32695384065744604
0.35478107390622504
0.326935586272043
0.326935586272043
0.3268774635653968
0.3268773888075124
0.32693566102992744
0.3268526932079997
0.3269362085742133
0.3268773888075124
0.3268526932079997
0.32693566102992744
0.3268956431929153
0.32685331551016994
0.32693566102992744
0.32691151297470056
0.355342750173061
0.32691151297470056
0.3269362085742133
0.3268773888075124
0.32784080261865445
0.32685331551016994
0.328424553768933
0.7957371859598362
0.3268773888075124
0.32685331551016994
0.3269108906725303
0.3269362085742133
1.4414505322587012
0.3268526932079997
0.32685276796588414
0.3268703252912324
0.3268956431929153
0.32685331551016994
0.7957640537600177
0.32868919839153543
0.8913442228489635
0.3269108906725303
0.32685331551016994
0.3268526932079997
0.3268526932079997
0.3269291450579333
0.32685331551016994
0.32691151297470056
0.32685331551016994
0.3268780111096826
0.7957371859598362
0.32685276796588414
0.3269108906725303
0.3269285975136475
0.3284225147943169
0.3268780111096826
0.3268526932079997
0.326935586272043
0.32786549821816713
0.32685276796588414
0.3268956431929153
0.32685331551016994
0.32685331551016994
0.32864687070879006
0.3268703252912324
0.3268526932079997
0.3269362085742133
0.32685331551016994
0.3297732462949148
0.3268526932079997
0.3268774635653968
0.32685331551016994
0.3268780111096826
0.32689571795079975
0.3268780111096826
0.3283978191948042
0.3466319540397058
0.3268704000491168
0.3268709475934026
0.3286368597049921
0.3297732462949148
0.35472349874386466
0.3466502084251088
0.32685331551016994
0.32685331551016994
0.3547228764416944
0.3269362085742133
0.326935586272043
0.3268703252912324
0.3268780111096826
0.32691151297470056
0.3268773888075124
0.35013975543961806
0.326911587732585
0.32741374717266536
0.32685276796588414
0.5240116372063417
0.3268526932079997
0.3269108906725303
0.3268773888075124
0.3269362085742133
0.3268773888075124
0.3268526932079997
0.3268526932079997
0.326935586272043
0.3385375471796399
0.32867156630830274
0.32695321835527574
0.32685331551016994
0.3548057695057377
0.32685331551016994
0.3268526932079997
0.3268526932079997
0.3322281431379276
0.3269108906725303
1.4414506425509845
0.34654968327783275
0.3268780111096826
0.32691151297470056
0.4249905261455142
0.3268526932079997
0.3268526932079997
0.32685331551016994
0.3269291450579333
0.34659208571846256
0.32695321835527574
0.3268709475934026
0.3269108906725303
0.3269362085742133
0.326935586272043
0.32689502089074507
1.4414519174468279
0.3268703252912324
0.32933523313804314
0.3269362085742133
0.3268526932079997
0.3268526932079997
0.3268773888075124
0.3278983777810148
0.3268780111096826
0.32685331551016994
0.35474113082709735
0.3268703252912324
0.32685331551016994
0.3268780111096826
0.32685331551016994
0.3268533902680544
0.3268773888075124
0.3268703252912324
0.3268526932079997
0.326935586272043
0.32687808586756706
0.3269362085742133
0.3269362085742133
0.32784080261865445
0.3268773888075124
0.3268709475934026
0.3269108906725303
0.326935586272043
0.32689502089074507
0.3269362085742133
0.32689502089074507
0.32695384065744604
0.5668708240398922
0.32685331551016994
0.3269362085742133
0.32691151297470056
0.32741374717266536
0.32691096543041476
0.32695321835527574
0.32692852275576306
0.3286368597049921
0.3268780111096826
0.3268773888075124
0.3268780111096826
0.3268526932079997
0.3268773888075124
0.3269108906725303
0.32691151297470056
0.326935586272043
0.3269108906725303
0.8912319881690218
0.32691151297470056
0.32692852275576306
0.32685276796588414
0.3269362085742133
0.3269362085742133
0.5242432651768638
0.32685331551016994
0.3269108906725303
0.3268780111096826
0.3268773888075124
0.7961303803818267
0.32693566102992744
0.3268709475934026
0.32685331551016994
0.3268533902680544
0.32691151297470056
0.32691151297470056
0.3268709475934026
0.3269539154153305
0.7957371859598362
0.3268526932079997
0.32685331551016994
0.3269362085742133
0.32685331551016994
0.32685331551016994
1.441452027739111
0.3268526932079997
0.3465490609756625
0.4243083487368864
0.32689502089074507
0.32685331551016994
0.3268526932079997
0.32788313030139987
0.3268773888075124
0.32860630532749213
0.3268773888075124
0.3268526932079997
0.32685276796588414
0.3269362085742133
0.3465490609756625
0.3268526932079997
0.32685331551016994
0.3268774635653968
0.32685331551016994
0.3285887480021438
0.3297732462949148
0.3297732462949148
0.3646669397746821
0.32691151297470056
0.3268780111096826
0.32685331551016994
0.3268526932079997
0.326935586272043
0.3268956431929153
0.326935586272043
0.9504664068299455
0.32693566102992744
0.32691151297470056
0.32685331551016994
0.32695384065744604
0.3268709475934026
0.3274320763159527
0.3268526932079997
0.3268709475934026
0.3268703252912324
0.32687102235128707
0.3268780111096826
0.3268773888075124
0.3268526932079997
0.32685331551016994
0.3285886732442594
0.3269108906725303
0.3268526932079997
0.9504584860621205
0.3269362085742133
0.32898211649816606
0.3268704000491168
0.3268526932079997
0.32685331551016994
1.5571373730854747
0.3268526932079997
0.35474113082709735
0.3268703252912324
1.4414391584149269
0.32687102235128707
0.3268526932079997
0.3268526932079997
0.32695384065744604
0.5239209693856308
0.8915065438774687
0.523874435592361
0.3269108906725303
0.3268526932079997
0.32685276796588414
0.5240899870365678
0.3268703252912324
0.3268780111096826
0.3269362085742133
0.3268704000491168
0.3268526932079997
0.32691151297470056
0.3268773888075124
0.797428904608498
0.3268703252912324
0.3269362085742133
0.32685331551016994
0.32693628333209773
0.3284225147943169
0.3268709475934026
0.3268780111096826
0.3386205150015677
0.3268526932079997
0.32933523313804314
0.32695321835527574
0.3385388374999326
0.3268956431929153
0.3268780111096826
0.3268526932079997
0.3268526932079997
0.32685331551016994
0.3268773888075124
0.3268526932079997
0.32685331551016994
0.3268709475934026
0.3268709475934026
0.32685331551016994
0.32685331551016994
0.3292493925864818
0.79605922833816
0.3268956431929153
0.3268526932079997
0.3268526932079997
0.32695321835527574
0.33993821965859045
0.3386210625458535
0.3268526932079997
0.4242862872293302
0.3465917896553624
0.32689502089074507
0.32685331551016994
0.3268773888075124
0.3268703252912324
0.32687808586756706
0.32685331551016994
0.32689502089074507
0.32685331551016994
0.326935586272043
0.326935586272043
0.32685276796588414
0.3268526932079997
0.32691151297470056
0.3268703252912324
0.3268526932079997
0.32685331551016994
0.3268526932079997
0.3268709475934026
1.4414505322587012
1.4414405447400374
0.3268773888075124
0.3268526932079997
0.32691151297470056
0.35604775725484983
0.3268780111096826
0.3268956431929153
0.3268773888075124
1.4414396912489809
0.32689502089074507
0.326935586272043
0.3268780111096826
0.3268526932079997
0.326935586272043
0.326935586272043
0.7961551507392239
0.3268526932079997
0.3268526932079997
0.32685331551016994
0.3268780111096826
0.326935586272043
0.3268780111096826
0.3268526932079997
0.32685331551016994
0.3278990000831851
0.9515175561517134
0.32691151297470056
0.3638147745939397
0.326935586272043
0.3269362085742133
0.3269108906725303
0.3268773888075124
0.3268780111096826
0.32692852275576306
0.3284400786240369
0.3268773888075124
0.3268526932079997
0.3268773888075124
0.32691151297470056
0.32685331551016994
0.326935586272043
0.33862173056397593
0.33813005462214
0.32691151297470056
0.3268780111096826
0.3292594783481642
0.32685331551016994
0.3268773888075124
0.3268780111096826
0.34657437887734543
0.3268526932079997
0.3268709475934026
0.3268773888075124
0.3268526932079997
0.3268526932079997
0.3385388374999326
0.3268780111096826
0.32695384065744604
0.5668814184865086
0.3268956431929153
0.5538451136021841
0.3284225147943169
0.3268774635653968
0.7960076649384658
0.33821232538401313
0.33242857081270816
0.3268956431929153
0.3268526932079997
0.3286615553045048
0.326935586272043
0.3268956431929153
0.32685331551016994
0.32685331551016994
