0.3276052193034541
0.32716003584364683
0.32715861917120104
0.32716003584364683
0.9880782337845921
0.32716003584364683
0.32715861917120104
0.32715861917120104
0.32715861917120104
0.32716003584364683
0.3271593300548329
0.32715861917120104
0.3303931200262814
0.327161369029449
0.3271593300548329
0.3271606581458171
0.32715861917120104
0.327161369029449
0.3271606581458171
0.32715861917120104
0.35963851062006297
0.32716003584364683
0.32715861917120104
0.36381528577708777
0.32715861917120104
0.32716003584364683
0.3271593300548329
0.3271592414733713
0.32715861917120104
0.3271592414733713
0.32718535374532975
0.32716003584364683
0.3271760944194594
0.32716003584364683
0.32717547211728915
0.3271593300548329
0.3271833147707137
0.32715861917120104
0.3271606581458171
0.32983144375944545
0.32715861917120104
0.32715861917120104
0.32716003584364683
0.32716074672727874
0.32715861917120104
0.32715861917120104
0.3271606581458171
0.3271592414733713
0.3271847314431595
0.32715861917120104
0.3271592414733713
0.3271606581458171
0.3271592414733713
0.3271833147707137
0.33099078019952843
0.3271606581458171
0.3271768053030913
0.3271593300548329
0.32715861917120104
0.32716003584364683
0.32716003584364683
0.32715861917120104
0.32715861917120104
0.32715861917120104
0.32716003584364683
0.32715861917120104
0.3271606581458171
0.327161369029449
0.3596407492951629
0.32717759967336685
0.3271592414733713
0.3271599523570031
0.33033430025958044
0.32715861917120104
0.3271599523570031
0.32715861917120104
0.32715861917120104
0.32715861917120104
0.32716003584364683
0.32715861917120104
0.32716003584364683
0.32715861917120104
0.3450423302000963
1.6201697862055797
0.32715861917120104
0.34504295250226646
0.32716003584364683
0.3283978191948042
0.3271592414733713
0.3271593300548329
0.3271593300548329
0.3271599523570031
0.32716003584364683
0.32715861917120104
0.3271592414733713
0.32716074672727874
0.32715861917120104
0.32716003584364683
0.32717688878973494
1.6201714162358731
0.32716074672727874
0.32716003584364683
0.3271593300548329
0.3450423302000963
0.5298409560867731
0.32715861917120104
0.32716074672727874
0.32715861917120104
0.32716003584364683
0.32716003584364683
0.3271593300548329
0.32715861917120104
0.32716003584364683
0.34559989292932936
0.32717547211728915
0.32715861917120104
0.327161369029449
0.3271593300548329
0.3271599523570031
0.327161369029449
0.3271606581458171
0.32715861917120104
0.32715861917120104
0.32715861917120104
0.34560264278757735
0.3271847314431595
0.9881046674923802
1.620170220404379
0.3271606581458171
0.32716003584364683
0.32716003584364683
1.6201697862055797
0.33098936352708264
0.3271593300548329
0.32715861917120104
0.32715861917120104
0.359640038411531
0.32716003584364683
0.32715861917120104
0.32715861917120104
0.32716003584364683
0.32715861917120104
0.3271847314431595
0.3271606581458171
0.32717547211728915
0.3271592414733713
0.32716003584364683
0.4252943555000325
0.32718393707288396
0.32716074672727874
0.32716074672727874
0.32715861917120104
0.3271592414733713
0.32716003584364683
0.33122478318122955
0.32716003584364683
0.32718393707288396
0.3271606581458171
0.327161369029449
0.32760380263100825
0.32715861917120104
0.32717688878973494
0.32715861917120104
0.3638147745939397
0.32715861917120104
0.32716003584364683
0.32715861917120104
0.32715861917120104
0.32715861917120104
0.32716003584364683
0.32715861917120104
0.32715861917120104
0.3271606581458171
0.32715861917120104
0.32771759857287996
0.32716074672727874
0.9881046674923802
0.32716003584364683
0.351574290527128
0.32716003584364683
0.32716003584364683
0.32983214081950013
0.3271593300548329
0.32718606462896166
0.32715861917120104
0.32715861917120104
0.3271593300548329
0.32715861917120104
0.32716003584364683
0.32716003584364683
0.32715861917120104
0.32715861917120104
0.3297733210527992
0.32715861917120104
0.3271593300548329
0.32715861917120104
0.32716003584364683
0.3271593300548329
0.32715861917120104
0.327161369029449
0.32716074672727874
0.3309653788112018
0.32716003584364683
0.3271606581458171
0.3271593300548329
0.32715861917120104
0.3271606581458171
0.32715861917120104
0.32715861917120104
0.32716003584364683
0.32716003584364683
0.32717688878973494
0.32717688878973494
0.3271592414733713
0.3515734961568524
0.32716074672727874
0.3271593300548329
0.32715861917120104
0.3271593300548329
0.32715861917120104
0.32715861917120104
0.7279004856657298
0.32715861917120104
0.331199381792903
0.3271593300548329
0.3271606581458171
0.7280376727725826
0.32716003584364683
0.3271593300548329
0.32716003584364683
0.3271592414733713
0.32717547211728915
0.32715861917120104
0.3277344515189681
0.3271599523570031
0.3271599523570031
0.3271592414733713
0.32715861917120104
0.32716003584364683
0.3271592414733713
0.3271606581458171
0.3271593300548329
0.32715861917120104
0.9880456174172543
0.351574290527128
0.327161369029449
0.4252982868439156
0.3271593300548329
0.727899185783589
0.3271592414733713
0.3271593300548329
0.42526854046059287
0.7280370647598947
0.32715861917120104
0.32716003584364683
0.32716003584364683
0.32716003584364683
0.32716003584364683
0.3515734961568524
0.32716003584364683
0.3309760956038137
0.32718393707288396
0.32716074672727874
0.32716003584364683
0.32715861917120104
0.32715861917120104
0.32715861917120104
0.32715861917120104
0.327161369029449
0.32760380263100825
0.32839844149697445
0.32715861917120104
0.3271592414733713
0.3456006038129613
0.32715861917120104
0.34504091352765043
0.3271592414733713
0.3271599523570031
0.3271606581458171
0.32716003584364683
0.3271606581458171
0.3271593300548329
0.3271592414733713
0.32715861917120104
0.32716003584364683
0.32715861917120104
0.32716003584364683
0.327161369029449
0.32716003584364683
0.32716003584364683
0.3271593300548329
1.6201698123046004
0.32716074672727874
0.3271592414733713
0.32715861917120104
0.32715861917120104
0.32715861917120104
0.3271592414733713
0.3271599523570031
0.32716074672727874
0.32715861917120104
0.32715861917120104
0.34504153582982067
0.3271606581458171
0.32716003584364683
0.3271847314431595
0.3271760944194594
0.32716003584364683
0.32715861917120104
0.3271593300548329
0.34559989292932936
0.32760584160562434
0.32715861917120104
0.32716003584364683
0.32715861917120104
0.32715861917120104
0.32716003584364683
0.32716003584364683
0.3596394161093607
0.32715861917120104
0.32716003584364683
0.3271593300548329
0.3271606581458171
0.32715861917120104
0.32715861917120104
0.32716003584364683
0.32716003584364683
0.32715861917120104
0.3271593300548329
0.32715861917120104
0.32716003584364683
0.32717688878973494
0.3271606581458171
0.32715861917120104
0.3271833147707137
0.5306049116295194
0.3271592414733713
0.3271606581458171
0.3271760944194594
0.32715861917120104
0.32716003584364683
0.32715861917120104
0.32716003584364683
0.32716074672727874
0.3271593300548329
0.3271592414733713
0.32715861917120104
0.3271606581458171
0.32716074672727874
0.32715861917120104
0.3271593300548329
0.3271593300548329
0.32717547211728915
0.32716003584364683
0.3271854423267914
0.32715861917120104
0.3271606581458171
0.32716003584364683
0.7557613849691184
0.32717618300092105
0.3271593300548329
0.3271592414733713
0.32716074672727874
0.32716003584364683
0.32716003584364683
0.32717547211728915
0.32715861917120104
0.32716003584364683
0.3271592414733713
0.3271599523570031
0.32716074672727874
0.9880782337845921
0.3271593300548329
0.32716003584364683
0.32716003584364683
0.3271606581458171
0.32716003584364683
0.3271593300548329
0.9880720511250425
0.32716003584364683
0.32716074672727874
0.6901604284050438
0.6891882787211245
0.3271599523570031
0.3271606581458171
0.32715861917120104
0.3276052193034541
0.3271592414733713
0.32716003584364683
0.3271592414733713
0.32715861917120104
0.32716003584364683
0.3720271838236573
0.32715861917120104
0.32716003584364683
0.32715861917120104
0.7280370647598947
0.32716003584364683
0.32715861917120104
0.3271592414733713
0.3271606581458171
0.32715861917120104
0.4252638982330779
0.32716003584364683
0.32841529444306256
0.351574290527128
0.32716003584364683
0.32715861917120104
0.32715861917120104
0.3271592414733713
0.3271593300548329
0.32716003584364683
0.9880782337845921
0.32716074672727874
0.32715861917120104
0.32717759967336685
0.3271606581458171
0.32716003584364683
0.4549371709425558
0.3271593300548329
0.32715861917120104
0.3271593300548329
0.32715861917120104
0.32717759967336685
0.32715861917120104
0.3271592414733713
0.32715861917120104
0.3271593300548329
0.327161369029449
0.3271593300548329
0.32716003584364683
0.3271593300548329
0.32715861917120104
0.3271606581458171
0.3271592414733713
0.32716003584364683
0.32716003584364683
0.3271593300548329
0.32716003584364683
0.32716003584364683
0.32716074672727874
0.32716003584364683
0.34504091352765043
0.3271592414733713
0.32716003584364683
0.3271599523570031
0.34504295250226646
0.32718535374532975
0.32715861917120104
0.32715861917120104
0.32715861917120104
0.32716074672727874
0.6901844131209245
0.3638147745939397
0.3600838051988924
0.3271593300548329
0.32715861917120104
0.32715861917120104
0.3276044249331785
0.4252943555000325
0.3271592414733713
0.32771901524532576
0.3596379994369149
0.32715861917120104
0.3271592414733713
0.3271606581458171
0.32716003584364683
0.32716003584364683
0.6891028371335574
0.32716003584364683
0.32715861917120104
0.3271593300548329
0.3271593300548329
0.32717618300092105
0.32716003584364683
0.3271606581458171
0.32716003584364683
0.32715861917120104
0.3271592414733713
0.32715861917120104
0.33096466792756996
0.327161369029449
0.3271592414733713
0.32716003584364683
0.32716003584364683
0.3271593300548329
0.32715861917120104
0.3271833147707137
0.32716003584364683
0.3638147745939397
0.3636701677272647
0.32716003584364683
0.35964012699299264
0.3271606581458171
0.32716003584364683
0.3271592414733713
0.3515721629710503
0.32717547211728915
0.3271599523570031
0.3271592414733713
0.32716003584364683
0.32716003584364683
0.32716003584364683
0.3271593300548329
0.32715861917120104
0.32716074672727874
0.3271833147707137
0.5297342864976313
0.3271606581458171
0.32715861917120104
0.3271606581458171
0.32716074672727874
0.3271592414733713
0.3271593300548329
0.32715861917120104
0.32716003584364683
1.620180763606604
0.3271606581458171
0.3283985300784361
0.32716003584364683
0.32716003584364683
0.32716003584364683
0.3271599523570031
0.32715861917120104
0.32715861917120104
0.32716003584364683
0.3271606581458171
0.3309760956038137
0.32715861917120104
0.32718535374532975
0.9880703130167671
0.32841467214089237
0.32716003584364683
0.3276044249331785
0.32715861917120104
0.3271606581458171
0.45058660785953186
0.32715861917120104
0.327161369029449
0.32715861917120104
0.32717688878973494
0.32718535374532975
0.32715861917120104
0.32716074672727874
0.32715861917120104
0.32717547211728915
0.32715861917120104
0.32716003584364683
0.32716003584364683
0.32715861917120104
0.3271606581458171
0.3271847314431595
0.32715861917120104
0.32715861917120104
0.32715861917120104
0.3276051358168104
0.3271606581458171
0.3638159966607196
0.3271593300548329
0.32716074672727874
0.5304981672824932
0.3271593300548329
0.32716003584364683
0.32715861917120104
0.32716003584364683
0.32716003584364683
0.32717618300092105
0.32716074672727874
0.36383947019345236
0.32715861917120104
1.6201819855371187
0.32715861917120104
0.32715861917120104
0.3271592414733713
0.3271592414733713
0.32716003584364683
0.32716003584364683
0.32716003584364683
0.32715861917120104
0.3271593300548329
0.32716003584364683
0.32716003584364683
0.9880535381850795
0.32716003584364683
0.32716003584364683
0.32716003584364683
0.3271593300548329
0.3271592414733713
0.32718606462896166
0.32716003584364683
0.3271854423267914
0.32715861917120104
0.32717751109190524
0.3271593300548329
0.32715861917120104
0.32715861917120104
0.3271593300548329
0.3271593300548329
0.32716003584364683
0.32716003584364683
0.32715861917120104
0.3271833147707137
0.3271606581458171
0.32771759857287996
0.32716003584364683
0.32715861917120104
0.32715861917120104
0.32715861917120104
0.3638161912663855
0.32715861917120104
0.3271606581458171
0.3309760956038137
0.32715861917120104
0.3271592414733713
0.32716003584364683
0.32715861917120104
0.32715861917120104
0.3596379994369149
0.3271592414733713
0.32715861917120104
0.32717547211728915
0.32716003584364683
0.3271606581458171
0.32716074672727874
0.32716003584364683
0.32716003584364683
0.3271593300548329
0.3271592414733713
0.32717618300092105
0.32716003584364683
0.32715861917120104
0.32715861917120104
0.32716074672727874
0.3271592414733713
0.32715861917120104
0.3271592414733713
0.32715861917120104
0.3271606581458171
0.3271593300548329
0.32715861917120104
0.32716003584364683
0.3271592414733713
0.32716003584364683
0.3271760944194594
0.32715861917120104
0.32715861917120104
0.32715861917120104
0.6862417489444248
0.32715861917120104
0.327161369029449
0.32715861917120104
0.32715861917120104
0.3271606581458171
0.32715861917120104
0.32715861917120104
0.3271606581458171
0.3271593300548329
0.32716074672727874
0.32716003584364683
0.4252943555000325
0.32715861917120104
0.32715861917120104
0.3271593300548329
0.32716003584364683
0.7419526246176084
0.32716003584364683
0.32716003584364683
0.32715861917120104
0.32715861917120104
0.3271854423267914
0.32715861917120104
0.32715861917120104
0.32715861917120104
0.32716074672727874
0.4252989977275474
0.32715861917120104
0.3271593300548329
0.33119007657791893
0.3271606581458171
0.32715861917120104
0.3450416244112824
0.7278997937962769
0.32715861917120104
0.3309760956038137
0.32715861917120104
0.7547052154648958
0.32715861917120104
0.32716003584364683
0.32715861917120104
0.327161369029449
0.32718606462896166
0.32715861917120104
0.32716074672727874
0.32715861917120104
0.32716003584364683
0.35964012699299264
0.32715861917120104
0.32715861917120104
0.3271593300548329
0.32717688878973494
0.32715861917120104
0.32715861917120104
0.32716003584364683
0.3271606581458171
0.3271833147707137
0.32716003584364683
0.32715861917120104
0.6891297049337389
0.32716003584364683
0.3271593300548329
0.32716074672727874
0.32715861917120104
0.3271606581458171
0.3271593300548329
0.3638161912663855
0.32715861917120104
0.3271606581458171
0.3271592414733713
0.3271592414733713
0.3271592414733713
0.32716003584364683
0.3271606581458171
0.32716074672727874
0.32715861917120104
0.32716003584364683
0.3312154830610635
0.3271768053030913
0.3271599523570031
0.327161369029449
0.32716003584364683
0.3450416244112824
0.3271606581458171
0.3271592414733713
0.32715861917120104
0.3271592414733713
0.32715861917120104
0.3271592414733713
0.32715861917120104
0.3271592414733713
0.32715861917120104
0.32717618300092105
0.32715861917120104
0.3271599523570031
0.32715861917120104
0.32716003584364683
0.36381661896288986
0.32715861917120104
0.3271592414733713
0.3271592414733713
0.9880547593249444
0.32715861917120104
0.3271592414733713
0.32716074672727874
0.32716003584364683
0.32716074672727874
0.32715861917120104
0.32716074672727874
0.32716003584364683
0.32716003584364683
0.32716003584364683
0.3271592414733713
0.32716003584364683
0.3271606581458171
0.32715861917120104
0.3271592414733713
0.32716003584364683
0.32715861917120104
0.32760380263100825
0.3271606581458171
1.0247608300366702
0.32716003584364683
0.32716003584364683
0.3271760944194594
0.32715861917120104
0.32716003584364683
0.3271606581458171
0.32715861917120104
0.9881058886322451
0.6891297049337389
0.32716003584364683
0.32716003584364683
0.32760380263100825
0.327161369029449
0.45059053920341496
0.3271606581458171
0.32715861917120104
0.32716074672727874
0.32715861917120104
1.620170220404379
0.3271592414733713
0.32715861917120104
0.3271592414733713
0.32715861917120104
0.32716074672727874
0.3271592414733713
0.32716003584364683
0.32717751109190524
0.7279010936784176
0.32715861917120104
0.32716003584364683
0.3271592414733713
0.32760584160562434
0.32716074672727874
0.32715861917120104
0.32715861917120104
0.32716003584364683
0.32715861917120104
0.32715861917120104
0.3271592414733713
0.32715861917120104
0.3271606581458171
0.3271592414733713
0.32715861917120104
0.36381670244953357
0.3271606581458171
0.32716003584364683
0.32716003584364683
0.3271593300548329
0.32715861917120104
0.32716003584364683
0.32716003584364683
0.32716074672727874
0.32715861917120104
0.32715861917120104
0.3271840256543456
0.32717547211728915
0.32715861917120104
0.32715861917120104
0.32715861917120104
0.327161369029449
0.32716003584364683
0.32716003584364683
0.3271593300548329
0.32716003584364683
0.3271593300548329
0.32718535374532975
0.32716074672727874
0.32715861917120104
0.32715861917120104
0.3271592414733713
0.32716003584364683
0.32716074672727874
0.32715861917120104
0.32715861917120104
0.32715861917120104
0.32715861917120104
0.3271592414733713
1.6201807375075834
0.9880782337845921
0.32715861917120104
0.32715861917120104
0.32715861917120104
0.32715861917120104
0.32716003584364683
0.3271606581458171
0.32715861917120104
0.32715861917120104
0.32716074672727874
0.32715861917120104
0.32715861917120104
0.327161369029449
0.32716003584364683
0.3312007984653488
0.3271592414733713
0.32716003584364683
0.32716074672727874
0.32715861917120104
0.3271593300548329
0.3596379994369149
0.3271593300548329
0.32715861917120104
0.3271593300548329
0.3271592414733713
0.32716003584364683
0.32715861917120104
0.3596386217390852
0.33096608460001575
0.32715861917120104
0.32715861917120104
0.32715861917120104
0.3271606581458171
0.32715861917120104
0.32715861917120104
0.689161410920943
0.32715861917120104
0.32715861917120104
0.3271833147707137
0.32716074672727874
0.3271592414733713
0.32715861917120104
0.32715861917120104
0.3596379994369149
0.3271768053030913
0.34504091352765043
0.32715861917120104
0.32716003584364683
0.3271606581458171
0.32715861917120104
0.32762269455171245
0.32841467214089237
0.3638147745939397
0.3271592414733713
0.32715861917120104
0.32715861917120104
0.32716003584364683
0.32718606462896166
0.32715861917120104
0.32716003584364683
0.32715861917120104
0.32715861917120104
0.3283999467508819
0.3271592414733713
0.3271606581458171
0.32715861917120104
0.3271606581458171
0.3271592414733713
1.5836117504037555
0.3271593300548329
0.3271606581458171
0.32717547211728915
0.32715861917120104
0.32715861917120104
0.3271592414733713
0.32716003584364683
0.32715861917120104
0.3271593300548329
0.3271782219755371
0.32716003584364683
0.36381539689610987
0.3283985300784361
0.3271847314431595
0.32715861917120104
0.32716003584364683
0.3271833147707137
0.32716003584364683
0.3271606581458171
0.32715861917120104
0.32715861917120104
0.3271593300548329
0.3271593300548329
0.32716003584364683
0.35034998699341025
0.3271593300548329
0.32716074672727874
0.32716003584364683
0.32716003584364683
0.3271592414733713
0.32715861917120104
0.32715861917120104
0.32716074672727874
0.3271592414733713
0.32715861917120104
0.32715861917120104
0.3271592414733713
0.32715861917120104
0.32718535374532975
0.3271833147707137
0.32716074672727874
0.3271592414733713
0.32716003584364683
0.32715861917120104
0.32715861917120104
0.3271599523570031
0.32716003584364683
0.32715861917120104
0.3276052193034541
0.32715861917120104
0.35158963821930866
0.32715861917120104
0.32715861917120104
0.32716003584364683
0.32715861917120104
0.32715861917120104
0.3271599523570031
0.32716074672727874
0.32715861917120104
0.3271599523570031
0.32716003584364683
0.32715861917120104
0.32716003584364683
0.3271606581458171
0.32715861917120104
0.32716003584364683
0.32715861917120104
0.32716074672727874
0.32715861917120104
0.32715861917120104
0.32715861917120104
0.3271606581458171
0.32716003584364683
0.32715861917120104
0.3271833147707137
0.32716074672727874
0.32716003584364683
0.3271593300548329
0.3271592414733713
0.32716003584364683
0.3271833147707137
0.32715861917120104
0.32715861917120104
