0.32685276796588414
0.32685276796588414
0.3268533902680544
0.3268526932079997
0.8912319881690218
0.32685331551016994
0.3268526932079997
0.3268533902680544
0.32685276796588414
0.32685276796588414
0.3268526932079997
0.3268533902680544
0.5238745103502453
0.32685276796588414
0.32693628333209773
0.32685276796588414
0.3268533902680544
0.5821310374328834
0.3268526932079997
0.32685276796588414
1.4414510735002701
0.3268533902680544
0.3268533902680544
0.32685276796588414
0.3268526932079997
0.32685276796588414
0.32685276796588414
1.4414405447400374
0.6747144254766558
0.32685276796588414
0.32685276796588414
0.3268533902680544
0.3385382442396946
0.3268780111096826
0.32741444423272004
0.3268533902680544
0.32685276796588414
0.32685276796588414
0.32685276796588414
0.32685276796588414
0.32685276796588414
0.3268526932079997
0.3268533902680544
0.3285787369983459
0.32685276796588414
0.3381299798642556
0.3274138219305498
0.3278401803164842
0.32685331551016994
0.32685276796588414
0.3268533902680544
0.3268533902680544
0.32685331551016994
0.3268533902680544
0.32685276796588414
0.32685276796588414
0.3283978191948042
0.32685276796588414
0.32685331551016994
0.32693628333209773
0.3285887480021438
0.32685276796588414
0.7957641285179022
0.32685276796588414
0.3268533902680544
0.3268526932079997
0.3268533902680544
0.32685276796588414
0.32685276796588414
0.3268533902680544
0.3547235735017491
0.34938965108168585
0.3268533902680544
0.32685331551016994
0.32685276796588414
0.3274143694748356
0.3268526932079997
0.7957371859598362
0.3268533902680544
0.32687808586756706
0.3268526932079997
0.3268526932079997
0.3268533902680544
0.9510187708439789
0.3268533902680544
0.32685276796588414
0.32685276796588414
0.3268533902680544
0.32685331551016994
0.32685276796588414
0.6678206069987569
0.3268533902680544
0.32685276796588414
0.3456421523585621
0.3268533902680544
0.3292347827486515
0.5669666250452828
0.3268533902680544
0.4242869981129621
0.3268526932079997
0.3471101149403282
0.3268526932079997
0.3268533902680544
0.32685276796588414
0.3385375471796399
0.32685331551016994
0.3268526932079997
0.3278408773765389
0.3268533902680544
0.3268533902680544
0.32685276796588414
0.32685331551016994
0.32685331551016994
0.32685276796588414
0.32685276796588414
0.3297732462949148
0.3268526932079997
0.3465490609756625
0.32685276796588414
0.32685331551016994
0.32685331551016994
0.3268533902680544
0.3268526932079997
0.3268533902680544
0.3268533902680544
0.3268526932079997
0.32685276796588414
0.3268526932079997
0.3268526932079997
0.42226089288119706
0.3268526932079997
0.32685276796588414
0.34711081200038285
0.3268533902680544
0.33853762193752435
0.3268526932079997
0.3268526932079997
0.3268533902680544
0.32685276796588414
0.4468490133558735
0.5669675786348868
0.3268533902680544
0.32685276796588414
0.32685276796588414
0.32685331551016994
0.32685276796588414
0.5669666250452828
0.3268526932079997
0.32685276796588414
0.8912240674011968
0.3268526932079997
0.3268526932079997
0.3465497580357172
0.3268526932079997
0.3268533902680544
0.32685276796588414
0.3268533902680544
0.32685276796588414
0.3285787369983459
0.32685276796588414
0.3268526932079997
0.32685276796588414
0.32685276796588414
0.32685276796588414
0.32685276796588414
0.3268526932079997
1.4414401221982664
0.3268526932079997
0.3268526932079997
0.32685331551016994
0.5669688785170275
0.4468497242395054
0.32685276796588414
0.3268533902680544
0.32685276796588414
0.3268526932079997
0.3268526932079997
0.3547235735017491
0.3268533902680544
0.5668306098571383
1.4414391584149269
0.3268526932079997
0.3268526932079997
0.3268533902680544
0.3268526932079997
0.7957641285179022
0.32685276796588414
0.32685276796588414
0.32860343259785857
0.32685276796588414
0.32685276796588414
0.32685276796588414
0.32685276796588414
0.32685276796588414
0.3268526932079997
0.3268526932079997
0.32685276796588414
0.3268526932079997
0.4242565408460075
0.3268533902680544
0.3385375471796399
0.32685276796588414
0.3268533902680544
0.3268533902680544
0.3268533902680544
0.3268526932079997
0.3268533902680544
0.3385375471796399
0.32685331551016994
0.32685276796588414
0.3268526932079997
0.3268526932079997
0.3268526932079997
0.32741374717266536
0.3268526932079997
0.32685331551016994
0.3268533902680544
0.32685276796588414
0.3268526932079997
0.3547228764416944
0.3268533902680544
0.32685276796588414
0.4242565408460075
0.3268526932079997
0.32685331551016994
0.32685276796588414
0.32685331551016994
0.32685276796588414
0.3465497580357172
0.32839915238060635
0.32685276796588414
0.32685276796588414
0.3285886732442594
0.3268526932079997
0.32685276796588414
0.3268533902680544
0.3268526932079997
0.3268526932079997
0.32685276796588414
0.3268533902680544
0.32685276796588414
0.32685276796588414
0.32685276796588414
0.32685331551016994
0.32685276796588414
0.32685276796588414
0.326911587732585
0.4468490133558735
0.3268533902680544
0.3268704000491168
0.32685276796588414
0.328957509480115
0.32685276796588414
0.3268533902680544
0.32685331551016994
0.33853816948181015
0.3268526932079997
0.3268526932079997
0.32685276796588414
0.32685331551016994
0.32685276796588414
0.3268526932079997
0.32685276796588414
0.3268526932079997
0.32685331551016994
0.32685276796588414
0.32685331551016994
0.32685331551016994
0.32685276796588414
0.34656780493948164
0.32685276796588414
0.3268533902680544
0.32685276796588414
0.3268533902680544
0.32685276796588414
0.32860343259785857
0.32685276796588414
0.3268526932079997
0.3465490609756625
0.3268533902680544
0.3268533902680544
0.3268533902680544
0.32685331551016994
0.32685276796588414
0.3385375471796399
0.3268533902680544
0.32685276796588414
0.32685276796588414
0.32839915238060635
0.3289574208986534
0.32685276796588414
0.3274138219305498
0.32685276796588414
0.3268533902680544
0.32685276796588414
0.5669688785170275
0.32685331551016994
0.3268533902680544
0.32685276796588414
0.3381299798642556
0.55965984474608
0.3268526932079997
0.32685276796588414
0.7957641285179022
0.32685331551016994
0.3286716410661872
0.3385382442396946
0.32860343259785857
0.32685276796588414
0.32685331551016994
0.42226089288119706
0.32685276796588414
0.32861344360165656
0.3268533902680544
0.32685276796588414
0.3268533902680544
0.4468490133558735
0.32685276796588414
0.3268526932079997
0.3268526932079997
0.32685331551016994
0.3268533902680544
0.3268533902680544
0.3268533902680544
0.3268533902680544
0.3268526932079997
0.3268533902680544
0.3268526932079997
0.32685276796588414
0.3268526932079997
0.5238745103502453
0.32685331551016994
0.32685276796588414
0.32685276796588414
0.32685276796588414
0.32685276796588414
0.32685276796588414
0.32685276796588414
0.32685276796588414
0.32685276796588414
0.3268533902680544
0.32685276796588414
0.32685276796588414
0.3268533902680544
0.32685276796588414
0.32685276796588414
0.3268526932079997
0.32685276796588414
0.5668293099749976
0.3268533902680544
0.32685331551016994
0.3268533902680544
0.32922477174485354
0.32685331551016994
0.32691096543041476
0.32685276796588414
0.3268526932079997
0.3268533902680544
0.3268533902680544
0.3268533902680544
0.32685276796588414
0.32685276796588414
0.3268533902680544
0.3297915006803177
0.32685276796588414
0.3268526932079997
0.5669679249274236
0.3268526932079997
0.3268533902680544
0.32685276796588414
0.32685276796588414
0.3268526932079997
0.3268533902680544
0.3268533902680544
0.32685276796588414
0.3268533902680544
0.3268533902680544
0.329773868597085
0.3268526932079997
0.3268533902680544
0.3466078807423634
0.3471101896982126
0.3471107372424984
0.3268533902680544
0.3268526932079997
0.32685276796588414
0.32685276796588414
0.3268533902680544
0.3268533902680544
0.32685276796588414
0.32685331551016994
0.3268526932079997
0.32685276796588414
0.3268533902680544
0.3268703252912324
0.32860335783997413
0.3268526932079997
0.32685331551016994
0.7957641285179022
0.44687947062282807
0.3268533902680544
0.3285887480021438
0.32685331551016994
0.32685276796588414
0.32685276796588414
0.3268533902680544
0.3268533902680544
0.32685276796588414
0.32685276796588414
0.3268526932079997
0.3268533902680544
0.32685276796588414
0.32685276796588414
0.3268533902680544
0.3268526932079997
0.32691096543041476
0.3547235735017491
0.32685331551016994
0.32685276796588414
0.3268533902680544
0.3268533902680544
0.32685331551016994
0.32685331551016994
0.3268533902680544
0.32685331551016994
0.3268533902680544
0.3268533902680544
0.32685331551016994
0.3268533902680544
0.32685276796588414
0.32860343259785857
0.32685276796588414
0.5668306098571383
0.3268533902680544
0.32685276796588414
0.32685331551016994
0.32685276796588414
0.32685331551016994
0.32685276796588414
0.32914301717485983
0.3268533902680544
0.3268526932079997
0.3268533902680544
0.3268533902680544
0.3268533902680544
0.32685331551016994
0.32685331551016994
0.32922477174485354
0.3268533902680544
0.32685276796588414
0.3268533902680544
0.3268533902680544
0.32685276796588414
0.3268526932079997
0.32784080261865445
0.3268526932079997
0.32685276796588414
0.32685276796588414
0.3465490609756625
0.3268526932079997
0.3268533902680544
0.3465497580357172
0.3268533902680544
0.42226089288119706
0.32685276796588414
0.32685276796588414
0.32685276796588414
1.4414401221982664
0.3268533902680544
0.32685276796588414
0.3268533902680544
0.7957372607177207
0.3268526932079997
0.3268533902680544
0.3268533902680544
0.32685276796588414
0.3471101896982126
0.32685276796588414
0.32685276796588414
0.3268533902680544
0.3268533902680544
0.3268526932079997
0.3268533902680544
0.3268526932079997
0.32857866224046145
0.3268533902680544
0.3268533902680544
0.3268526932079997
0.3268533902680544
0.3268526932079997
0.3268533902680544
0.32685276796588414
0.3268533902680544
0.32685276796588414
0.3268533902680544
0.3268533902680544
0.3268533902680544
0.32685331551016994
0.3268526932079997
0.32685276796588414
0.32685276796588414
0.32685276796588414
0.32685276796588414
0.35472295119957886
0.32685276796588414
0.32685331551016994
0.3268704000491168
0.32685276796588414
0.32685276796588414
0.32685331551016994
0.32685331551016994
0.32685276796588414
0.3268526932079997
0.32685276796588414
0.32685276796588414
0.3268533902680544
0.32685331551016994
0.3268533902680544
0.3268533902680544
0.3268533902680544
0.3268526932079997
0.3268526932079997
0.3268533902680544
0.32685276796588414
0.3268533902680544
0.32685331551016994
0.32685276796588414
0.3268533902680544
0.4242869981129621
0.32685276796588414
0.3268526932079997
0.32685276796588414
0.32685276796588414
0.32685276796588414
0.3268533902680544
0.32685276796588414
0.32685276796588414
0.3268526932079997
0.32685276796588414
0.32922477174485354
0.32685276796588414
0.3493895763238014
0.3268533902680544
0.32685276796588414
0.3268533902680544
0.3268533902680544
0.32685276796588414
0.32685331551016994
0.32685276796588414
0.32685276796588414
0.32685331551016994
0.7957371859598362
0.3268526932079997
0.32685276796588414
0.32685276796588414
0.3268703252912324
0.3292347827486515
0.32685331551016994
0.3268709475934026
0.3268526932079997
0.3268533902680544
0.32685331551016994
0.32685276796588414
0.3268533902680544
0.3274143694748356
0.32685331551016994
0.32685276796588414
0.3268533902680544
0.32685276796588414
0.3268533902680544
0.3268533902680544
0.3481892592779666
0.32685276796588414
0.9319189121350345
0.32685276796588414
0.3268533902680544
0.32685276796588414
0.4242862872293302
0.3268533902680544
0.3268526932079997
0.32685276796588414
0.34654913573354695
0.3268533902680544
0.3268533902680544
0.32685331551016994
0.44687947062282807
0.32685276796588414
0.3268526932079997
0.32685276796588414
0.32685276796588414
0.32685331551016994
0.3297909531360319
0.3268703252912324
0.3292347827486515
0.32685276796588414
0.3268526932079997
0.3268526932079997
0.32685276796588414
0.32685276796588414
0.3268526932079997
0.3268526932079997
0.32685276796588414
0.3268526932079997
0.3268533902680544
0.3268533902680544
0.3268533902680544
0.32685276796588414
0.3268526932079997
0.3268526932079997
0.3268533902680544
0.3268533902680544
0.3268526932079997
0.3268533902680544
0.32685331551016994
0.5668296562675345
0.3285787369983459
0.3269362085742133
0.32685276796588414
0.32685276796588414
0.3268526932079997
0.3274143694748356
0.3268526932079997
0.3292246969869691
0.3268533902680544
0.32685331551016994
0.3268533902680544
0.3268533902680544
0.32685276796588414
0.3268526932079997
0.32685331551016994
0.3268533902680544
0.32685276796588414
0.3268533902680544
0.3268526932079997
0.3268526932079997
0.32685276796588414
0.32685276796588414
0.32685276796588414
0.7960345327386473
0.32685331551016994
0.5821310374328834
0.3268533902680544
0.3268533902680544
0.3268526932079997
0.3268533902680544
0.3268533902680544
0.3268533902680544
0.32685276796588414
0.3268526932079997
0.3268526932079997
0.32685331551016994
0.8912319881690218
0.32685276796588414
0.32685331551016994
0.32922477174485354
0.32685331551016994
0.32685276796588414
0.32861344360165656
0.32685276796588414
0.32685331551016994
0.3268526932079997
0.3268526932079997
0.32685276796588414
0.3268526932079997
0.32685331551016994
0.32685331551016994
0.3268526932079997
0.3268526932079997
0.32685331551016994
0.523874435592361
0.32685276796588414
0.7891175280268861
0.3268533902680544
0.3268533902680544
0.32685276796588414
0.32685276796588414
0.32685276796588414
0.3268533902680544
0.3268533902680544
0.32685331551016994
0.3268533902680544
0.3268533902680544
0.3268533902680544
0.32685331551016994
0.3268533902680544
0.32685276796588414
0.3268533902680544
0.32741374717266536
0.3268533902680544
0.32685276796588414
0.3268533902680544
0.3268533902680544
0.32685276796588414
0.32685276796588414
0.3268526932079997
0.32685276796588414
0.32685276796588414
0.32685331551016994
0.32685276796588414
0.3268526932079997
0.32685331551016994
0.32685276796588414
0.32685276796588414
0.3268533902680544
0.3268526932079997
0.3283978191948042
0.3268526932079997
0.32685276796588414
0.32685331551016994
0.32685331551016994
0.32685331551016994
0.32685276796588414
0.32685331551016994
0.3268533902680544
0.3268533902680544
0.3268533902680544
0.32685276796588414
0.3268526932079997
0.32685276796588414
0.34711081200038285
0.32685276796588414
0.3268533902680544
0.3268533902680544
0.32685276796588414
0.32685331551016994
0.32685276796588414
0.3268533902680544
0.32685276796588414
0.3268526932079997
0.32685331551016994
0.3268526932079997
0.3268533902680544
0.32685276796588414
0.3278408773765389
0.3268533902680544
0.3268526932079997
0.3268526932079997
0.32687808586756706
0.32685276796588414
0.32784080261865445
0.3268533902680544
0.4242862872293302
0.32685276796588414
0.4242565408460075
0.32685276796588414
0.32685331551016994
0.32685331551016994
0.32685276796588414
0.3268526932079997
0.32685276796588414
0.3268533902680544
0.3481892592779666
0.3268533902680544
0.3268533902680544
0.3268533902680544
0.32685276796588414
0.3268533902680544
0.32685276796588414
0.3268526932079997
0.3268526932079997
0.6679611291303907
0.3268533902680544
0.3268533902680544
0.3268533902680544
0.9504673604195495
0.3268526932079997
0.3268533902680544
0.32685276796588414
0.3268533902680544
0.32685331551016994
0.3268526932079997
0.32685276796588414
0.3268526932079997
0.32685276796588414
0.3268533902680544
0.32685276796588414
0.3268533902680544
0.3268533902680544
0.3268533902680544
0.32685331551016994
0.3268533902680544
0.32685276796588414
0.3268533902680544
0.32685276796588414
0.32685276796588414
0.3268526932079997
0.32685276796588414
0.3268526932079997
0.3268526932079997
0.3268526932079997
0.891394309197527
0.3268526932079997
0.32685331551016994
0.32685276796588414
0.3268533902680544
0.32685276796588414
0.32685276796588414
0.3268526932079997
1.4414510650927552
0.32685276796588414
0.32685331551016994
0.33853762193752435
0.3268526932079997
0.32685276796588414
0.3268526932079997
0.32685331551016994
0.32685276796588414
0.3297915006803177
0.44687947062282807
0.3268526932079997
0.3268526932079997
0.3268526932079997
0.3268533902680544
0.3268533902680544
0.32685276796588414
0.3285887480021438
0.3278408773765389
0.32685331551016994
0.3285787369983459
0.32685276796588414
0.3268533902680544
0.3268533902680544
0.7957371859598362
0.32895679859648314
0.3285787369983459
0.8912319881690218
0.32685276796588414
0.3268526932079997
0.3268533902680544
0.32685276796588414
0.3268533902680544
0.32685276796588414
0.32685331551016994
0.3268533902680544
0.32685331551016994
0.3268526932079997
0.3268703252912324
0.32685276796588414
0.32685276796588414
0.32685276796588414
0.326935586272043
0.34654968327783275
0.3268533902680544
0.32685276796588414
0.3268526932079997
0.32685276796588414
0.3268533902680544
0.7957372607177207
0.3268526932079997
0.32685276796588414
0.3268526932079997
0.32685331551016994
0.3268526932079997
0.3268526932079997
0.32685331551016994
0.338130647882378
0.3268704000491168
0.32685331551016994
0.3268526932079997
0.3268526932079997
0.3268533902680544
0.3268526932079997
0.3268533902680544
0.32685276796588414
0.3268533902680544
0.32685276796588414
0.3268526932079997
0.32685276796588414
0.3471101896982126
0.3268526932079997
0.32685276796588414
1.4414395809566978
0.3268526932079997
0.3268533902680544
0.32685276796588414
0.3268526932079997
0.3297732462949148
0.32685331551016994
0.3268526932079997
0.33853762193752435
0.3297732462949148
0.32685276796588414
0.3268704000491168
0.32685276796588414
0.32685276796588414
0.32741374717266536
0.3268533902680544
0.3268533902680544
0.32685331551016994
0.8912329417586258
0.3268526932079997
0.3268526932079997
0.32685276796588414
0.3268526932079997
0.3268533902680544
0.3381299798642556
0.3268533902680544
0.32685276796588414
0.3268533902680544
0.32685276796588414
0.3268533902680544
0.3268533902680544
0.32685276796588414
0.4468497242395054
0.32685276796588414
0.32922477174485354
0.32685276796588414
0.4242565408460075
0.32685276796588414
0.3268526932079997
0.32685276796588414
0.32685331551016994
0.3268533902680544
0.32685276796588414
0.3268526932079997
0.5668296562675345
0.32685276796588414
0.32685276796588414
0.33853762193752435
0.32685331551016994
0.329773868597085
0.3268526932079997
0.5822706059749134
0.32685276796588414
0.32685331551016994
0.3268526932079997
0.3268526932079997
0.3285787369983459
0.32685276796588414
0.3268526932079997
0.3268526932079997
0.32685276796588414
0.3268533902680544
0.32685276796588414
0.32685276796588414
0.32685276796588414
0.32685276796588414
0.3268526932079997
0.32685331551016994
0.5669666250452828
0.3268526932079997
0.32685276796588414
0.3268526932079997
0.32685276796588414
0.3268533902680544
0.32685276796588414
0.32687808586756706
0.3268526932079997
0.3268533902680544
0.32685331551016994
0.3269362085742133
0.32685276796588414
0.32685331551016994
0.32685276796588414
0.3268526932079997
0.3268533902680544
0.3268533902680544
0.32685276796588414
0.3268526932079997
0.32685276796588414
0.3268533902680544
0.3268526932079997
0.3268533902680544
0.32685276796588414
0.32685276796588414
0.3268533902680544
0.32685276796588414
0.3268526932079997
0.3268533902680544
0.32685276796588414
0.3268526932079997
0.32685331551016994
0.32685276796588414
0.32685276796588414
0.32685276796588414
0.3268533902680544
0.3268526932079997
0.3292523400739998
0.32685276796588414
0.32685276796588414
0.3283985300784361
0.3268533902680544
0.3268526932079997
0.4468490133558735
1.4414510735002701
0.326911587732585
0.32685276796588414
0.3268526932079997
0.3268533902680544
0.32685276796588414
0.3268526932079997
0.32685276796588414
0.3327660735647003
0.3268526932079997
0.32685331551016994
0.32685276796588414
0.3268533902680544
0.32784080261865445
0.32687102235128707
0.3268533902680544
