0.3268780111096826
0.32687808586756706
0.3268533902680544
0.3268533902680544
0.3268533902680544
0.7957640537600177
0.5668543518670471
0.32685331551016994
0.3268780111096826
0.32786557297605157
0.32687808586756706
0.3268780111096826
0.32687808586756706
0.32685331551016994
0.32687808586756706
0.32685331551016994
0.32687808586756706
0.32685331551016994
0.32685331551016994
0.3268533902680544
0.3268533902680544
0.32687808586756706
0.3268780111096826
0.3268780111096826
0.32687808586756706
0.3268774635653968
0.3268533902680544
0.3646661969986753
0.3268774635653968
0.3268533902680544
0.326911587732585
0.3268780111096826
0.3268780111096826
0.32687808586756706
0.3268773888075124
0.32685276796588414
0.32687808586756706
0.3268533902680544
1.4414510735002701
0.3268780111096826
0.32685331551016994
0.32687808586756706
0.3268533902680544
0.3268533902680544
0.3268533902680544
1.4414520288760948
0.3268533902680544
0.3268533902680544
0.32687808586756706
0.32687808586756706
0.3268780111096826
0.3268780111096826
0.32687808586756706
0.3268533902680544
0.3268533902680544
0.32687808586756706
0.3268526932079997
0.3268533902680544
0.32685331551016994
0.3268780111096826
0.4468497242395054
1.4414506425509845
0.3268780111096826
0.32687808586756706
0.35474819434337734
0.32685331551016994
0.32687808586756706
0.3268780111096826
0.32687808586756706
0.32687808586756706
0.3268780111096826
0.3268780111096826
0.3268780111096826
0.32685331551016994
0.32687808586756706
0.32687808586756706
0.36466627175655975
0.32685331551016994
0.32687808586756706
0.32687808586756706
0.3268533902680544
0.32687808586756706
0.3268773888075124
0.32687808586756706
0.3268773888075124
0.3268533902680544
0.3471354328420111
0.3268526932079997
0.3268780111096826
0.3268533902680544
0.32685331551016994
0.3268533902680544
0.3268533902680544
0.32685331551016994
0.32687808586756706
0.3268780111096826
0.566855305456651
0.32687808586756706
0.32685331551016994
0.32685331551016994
0.32931760105481045
0.3268533902680544
0.32687808586756706
0.32861344360165656
0.3268533902680544
0.32685331551016994
0.32685331551016994
0.32687808586756706
0.32685331551016994
0.3268774635653968
0.32687808586756706
0.3268533902680544
0.32687808586756706
0.3286469454666745
0.3268780111096826
0.32687808586756706
0.3268533902680544
0.8918090477825678
0.3268533902680544
0.3268774635653968
0.32687808586756706
0.3268533902680544
0.32687808586756706
0.3268780111096826
0.3385382442396946
0.3268780111096826
0.5674422551425813
0.32687808586756706
0.3268533902680544
0.32687808586756706
0.8676073227442458
0.3268533902680544
0.3385382442396946
0.32687808586756706
0.3268533902680544
0.32687808586756706
0.3268533902680544
0.3268533902680544
0.32687808586756706
0.3268533902680544
0.32685276796588414
0.3268533902680544
0.3268533902680544
0.32687808586756706
0.32685331551016994
0.5668306098571383
0.3268533902680544
0.32685331551016994
0.32687808586756706
0.3385382442396946
0.3268533902680544
0.3268780111096826
0.32687808586756706
0.32687808586756706
0.32685331551016994
0.32687808586756706
0.3268780111096826
0.32687808586756706
0.32685331551016994
0.3268533902680544
0.8918090477825678
0.32685276796588414
0.3268774635653968
0.3268780111096826
0.32687808586756706
0.3268533902680544
0.3268780111096826
0.32687808586756706
0.3268533902680544
0.3268533902680544
0.32687808586756706
0.3268533902680544
0.32685331551016994
0.3268533902680544
0.8917843521830551
0.3268533902680544
0.32685276796588414
0.3268780111096826
0.3268533902680544
0.32687808586756706
0.3268526932079997
0.3268533902680544
0.32685331551016994
0.8912240674011968
0.32685331551016994
0.3268780111096826
0.3268533902680544
0.3268533902680544
0.3268533902680544
0.32685331551016994
0.3278648759159969
0.3268533902680544
0.3268774635653968
0.32687808586756706
0.3268774635653968
0.32691151297470056
0.3268533902680544
0.3268780111096826
0.3268773888075124
0.32687808586756706
0.32687808586756706
0.32784080261865445
0.32685276796588414
0.3268774635653968
0.32685276796588414
0.3268780111096826
0.3646661969986753
0.32685331551016994
0.3268780111096826
0.32685276796588414
0.32687808586756706
0.3268533902680544
0.7957619563172333
0.32691151297470056
0.32687808586756706
0.32687808586756706
0.3268533902680544
0.32685331551016994
0.32687808586756706
0.32687808586756706
0.32685331551016994
0.3268533902680544
0.3292347827486515
0.32685331551016994
0.32687808586756706
0.32687808586756706
0.32685276796588414
0.3268533902680544
0.32979157543820214
0.3268533902680544
0.32687808586756706
0.3268533902680544
0.3268533902680544
0.3268533902680544
0.3268533902680544
0.32687808586756706
0.3268533902680544
0.32687808586756706
0.3268773888075124
0.3268780111096826
0.3268780111096826
0.3268780111096826
0.3268533902680544
0.3274391398322327
0.32687808586756706
0.32687808586756706
0.32685331551016994
0.3268533902680544
0.32685331551016994
0.3268533902680544
0.3268533902680544
0.32685331551016994
0.36464157615704706
0.3268774635653968
0.32685276796588414
0.3268773888075124
0.3268533902680544
0.3268533902680544
0.3268533902680544
0.3284232256779488
0.3268780111096826
0.32687808586756706
0.3268533902680544
0.32685331551016994
0.3268533902680544
0.3268533902680544
0.32685331551016994
0.3268533902680544
0.3268780111096826
0.32685331551016994
0.3268533902680544
0.32687808586756706
0.32687808586756706
0.3268780111096826
0.8918080941929639
0.32693628333209773
0.3268526932079997
0.3268533902680544
0.32685331551016994
0.32687808586756706
0.7957619563172333
0.32687808586756706
0.32685331551016994
0.32685331551016994
0.3268533902680544
0.3268533902680544
0.3268533902680544
0.7307528840867028
0.32685331551016994
0.3268533902680544
0.3268533902680544
0.32687808586756706
0.32685331551016994
0.32687808586756706
0.3268533902680544
0.3268780111096826
0.7957372607177207
0.3268780111096826
0.3268533902680544
0.3268533902680544
0.32687808586756706
0.3268780111096826
0.32687808586756706
0.3268774635653968
0.32687808586756706
0.32687808586756706
0.3268533902680544
0.3268533902680544
0.32685331551016994
0.32687808586756706
0.32687808586756706
0.3268533902680544
0.3268533902680544
0.3268533902680544
0.32685331551016994
0.5238745103502453
0.3268526932079997
0.32687808586756706
0.32687808586756706
0.32685276796588414
0.32685276796588414
0.32685331551016994
0.32687808586756706
0.5596293874791254
0.8665774077942549
0.3268533902680544
0.3268533902680544
0.32687808586756706
0.3268703252912324
0.3268533902680544
0.3268533902680544
0.3268780111096826
0.3268533902680544
0.3268774635653968
0.32687808586756706
0.3268780111096826
0.32685331551016994
0.3268533902680544
0.3268533902680544
0.3268533902680544
0.3268533902680544
0.3268533902680544
0.8912240674011968
0.3268774635653968
0.3268780111096826
0.32685331551016994
0.32687808586756706
0.3268533902680544
0.32685331551016994
0.33853816948181015
0.32685331551016994
0.3646415013991626
0.3268526932079997
0.3268533902680544
0.32687808586756706
0.32687808586756706
0.3268533902680544
0.3268780111096826
0.32687808586756706
0.3268780111096826
0.32685331551016994
0.3268780111096826
0.32842384798011903
0.3268780111096826
0.329773868597085
0.7960323605379784
0.3465744536352299
0.8913873420193058
0.3268526932079997
0.32685276796588414
0.32685331551016994
0.3268780111096826
0.3268780111096826
0.32687808586756706
0.3297733210527992
0.32687808586756706
0.3268533902680544
0.3268780111096826
0.32685331551016994
0.3268533902680544
0.32687808586756706
0.32685276796588414
0.32687808586756706
0.32687808586756706
0.3268780111096826
0.3268780111096826
0.3268533902680544
0.34659241195753265
0.3268780111096826
0.32687808586756706
0.3268533902680544
0.32687808586756706
0.32842384798011903
0.32685331551016994
0.3278408773765389
0.5668296562675345
0.3268533902680544
0.3268780111096826
0.3268533902680544
0.32687808586756706
0.32685331551016994
0.32693628333209773
0.32685331551016994
0.32687808586756706
0.3268780111096826
0.32685331551016994
0.3268780111096826
0.3268533902680544
0.32693566102992744
0.3268533902680544
0.32687808586756706
0.3268780111096826
0.3268533902680544
0.5238745103502453
0.3268533902680544
0.3268780111096826
0.32685331551016994
0.32687808586756706
0.32687808586756706
0.3268533902680544
0.3268780111096826
0.3268533902680544
0.3268533902680544
0.3268780111096826
0.3268533902680544
0.3268533902680544
0.3268533902680544
0.3268533902680544
0.3268533902680544
0.3268780111096826
0.8912250209908006
0.32685331551016994
0.3268533902680544
0.32685331551016994
0.3268533902680544
0.32685331551016994
0.3268780111096826
0.5668296562675345
0.3268780111096826
0.32687808586756706
0.7957372607177207
0.3268533902680544
0.3268533902680544
0.8912487630007094
0.3268533902680544
0.3268780111096826
0.32687808586756706
0.32685331551016994
0.32691151297470056
0.32687808586756706
0.8917843521830551
0.3268533902680544
0.3268533902680544
0.32687808586756706
0.32687808586756706
0.33856293983920727
0.32685331551016994
0.32687808586756706
0.32687808586756706
0.32685331551016994
0.32687808586756706
0.3268533902680544
0.3268533902680544
0.32687808586756706
0.3268533902680544
0.32687808586756706
0.32685331551016994
1.4414514960420408
0.3268533902680544
0.32687808586756706
0.3268780111096826
0.32685331551016994
0.3268533902680544
0.3268533902680544
0.3268533902680544
0.32685276796588414
0.3268774635653968
0.32687808586756706
0.32685331551016994
0.32685331551016994
0.3268780111096826
0.3268533902680544
0.32687808586756706
0.3268533902680544
0.32687808586756706
0.3268774635653968
0.7957618815593489
0.32687102235128707
0.7957887493595304
0.3268526932079997
0.3268774635653968
0.3268533902680544
0.3268533902680544
0.3268780111096826
0.32687808586756706
0.3268533902680544
0.4468497242395054
0.32685331551016994
0.32685331551016994
0.32687808586756706
0.32687808586756706
0.32687808586756706
0.32687808586756706
0.3268780111096826
0.32687808586756706
0.32687808586756706
0.32687808586756706
0.3268780111096826
0.3268774635653968
0.3268533902680544
0.32687808586756706
0.3268780111096826
0.32685331551016994
0.32687102235128707
0.3268533902680544
0.32685331551016994
0.3297985641965977
0.32685331551016994
0.3268780111096826
0.32685331551016994
0.32687808586756706
0.32687808586756706
0.3268780111096826
0.3268533902680544
0.3268780111096826
0.3268780111096826
0.8912250209908006
0.3268780111096826
0.32687808586756706
0.3268780111096826
0.32687808586756706
0.3268533902680544
0.3268774635653968
0.32685331551016994
0.3268533902680544
0.32687808586756706
0.7957371859598362
0.3268533902680544
0.32685331551016994
0.3268780111096826
0.3268533902680544
0.32685276796588414
0.32687808586756706
0.3268780111096826
1.4414505322587012
0.3268533902680544
0.32687808586756706
0.33856286508132283
0.3268533902680544
0.3268533902680544
0.3268780111096826
0.3268773888075124
0.3268533902680544
0.5668296562675345
1.4414410775740913
0.32687808586756706
0.3268533902680544
0.3268533902680544
0.3278401803164842
0.3269362085742133
0.36067666858947584
0.8912250209908006
0.32687808586756706
0.566855305456651
0.32685331551016994
0.3268773888075124
0.3268533902680544
0.32685276796588414
0.3268533902680544
0.32687808586756706
0.32786557297605157
0.3268533902680544
0.3268533902680544
0.3268533902680544
0.32687808586756706
0.3268526932079997
0.3268780111096826
0.3268533902680544
0.32685276796588414
0.32687808586756706
0.3547235735017491
0.338562317537037
0.3268533902680544
0.3268533902680544
0.32685331551016994
0.32687808586756706
0.32685276796588414
0.3268526932079997
0.32685331551016994
0.32687808586756706
0.3268533902680544
0.3268533902680544
0.3268533902680544
0.3268780111096826
0.3268533902680544
0.3268780111096826
0.3268533902680544
0.32685331551016994
0.32685331551016994
0.3284231370964871
0.32687808586756706
0.3268780111096826
0.32685331551016994
0.32687808586756706
0.32693628333209773
0.32685331551016994
0.32685331551016994
0.3268780111096826
0.32685331551016994
0.32687808586756706
0.3268533902680544
0.32687808586756706
0.3268780111096826
0.32687808586756706
0.32687808586756706
0.3268533902680544
0.32687808586756706
0.32687808586756706
0.582156079324933
0.34711081200038285
0.32687808586756706
0.3268780111096826
0.32685276796588414
0.3268533902680544
0.3268533902680544
0.3268780111096826
0.32685331551016994
0.3297915006803177
0.3268533902680544
0.32685331551016994
0.8917843521830551
0.32685276796588414
0.32687808586756706
0.32687808586756706
0.32685331551016994
0.3268780111096826
0.32687808586756706
0.32687808586756706
0.32687808586756706
0.32687808586756706
0.32687808586756706
0.3268533902680544
0.32687808586756706
0.7888296447075871
0.3268774635653968
0.32687808586756706
0.32687808586756706
0.32687808586756706
0.32685331551016994
0.3268533902680544
0.32687808586756706
0.3547482691012618
0.3286469454666745
0.3268774635653968
0.3268533902680544
0.3268533902680544
0.34656771635802
0.32689571795079975
0.32687808586756706
0.3268780111096826
0.3268533902680544
0.33853816948181015
0.3385382442396946
0.3268774635653968
0.32839844149697445
0.32685331551016994
0.32691096543041476
0.3268533902680544
0.32687808586756706
0.3646415013991626
0.3268533902680544
0.326911587732585
0.3268533902680544
0.3268533902680544
0.32685331551016994
0.3268533902680544
0.3268526932079997
0.3268533902680544
0.42498730568526305
0.32685331551016994
0.32685331551016994
0.3268780111096826
0.32687808586756706
0.3268533902680544
0.32687808586756706
0.32687808586756706
0.32981557397766015
0.32687808586756706
0.32685331551016994
0.32685331551016994
0.32693628333209773
0.3268533902680544
0.3268780111096826
0.32685331551016994
0.32687808586756706
0.32685331551016994
0.3268533902680544
0.3268533902680544
0.3268533902680544
0.3268780111096826
0.3285886732442594
0.3268533902680544
0.32685331551016994
0.3268780111096826
0.32687808586756706
0.3268780111096826
0.32687808586756706
0.33853816948181015
0.3268533902680544
0.32685331551016994
0.3268533902680544
0.32685276796588414
0.32687808586756706
0.3268533902680544
0.3268533902680544
0.32685331551016994
0.3268780111096826
0.32685331551016994
0.3268533902680544
0.3268533902680544
0.3268780111096826
0.3268533902680544
0.32687808586756706
0.3278408773765389
0.32685276796588414
0.3268773888075124
0.3268533902680544
0.32691151297470056
0.32685331551016994
0.7960076649384658
0.32687808586756706
0.3268533902680544
0.3268780111096826
0.32687808586756706
0.32685331551016994
0.3268774635653968
0.8912240674011968
0.3268773888075124
0.32687808586756706
0.32687808586756706
0.32687808586756706
0.32687808586756706
0.32687808586756706
0.3268533902680544
0.3268533902680544
0.5668296562675345
0.3268533902680544
0.9504594396517244
0.32685331551016994
0.3268533902680544
0.8913873420193058
0.32687808586756706
0.3268533902680544
0.329773868597085
0.3268780111096826
0.32687808586756706
0.32693628333209773
0.32687102235128707
0.32687808586756706
0.32685331551016994
0.32687808586756706
0.3268780111096826
0.3268780111096826
0.3268526932079997
0.3268533902680544
0.3268780111096826
0.3268533902680544
0.3268533902680544
0.3274143694748356
0.32685331551016994
0.3268773888075124
0.32687808586756706
0.3268780111096826
0.3268774635653968
0.32687808586756706
0.3268533902680544
0.32687808586756706
0.3268950956486295
0.32687808586756706
0.32685276796588414
0.32687808586756706
0.3268526932079997
0.32687808586756706
0.32685331551016994
0.3268533902680544
0.32687808586756706
0.32687808586756706
0.3268780111096826
0.3268533902680544
0.3268780111096826
0.32685331551016994
0.32687808586756706
0.34654968327783275
0.3298162710377149
0.3268780111096826
0.3268780111096826
0.32685331551016994
0.32687808586756706
0.32687808586756706
0.8912250209908006
0.3268533902680544
0.3268533902680544
0.3268533902680544
0.3268780111096826
0.32687808586756706
0.3268780111096826
0.3268533902680544
0.3268533902680544
0.32685331551016994
0.32687808586756706
0.32685331551016994
0.32685331551016994
0.32687808586756706
0.3268773888075124
0.3268780111096826
0.3268533902680544
0.32685276796588414
0.3268533902680544
0.32687102235128707
0.32685331551016994
0.32839915238060635
0.32687808586756706
0.3471107372424984
0.32687808586756706
0.32685331551016994
0.3268533902680544
0.3268533902680544
0.8885114616465983
0.3268533902680544
0.32687808586756706
0.32687808586756706
0.3268773888075124
0.3268704000491168
0.32685331551016994
0.3268533902680544
0.3268533902680544
0.3268780111096826
0.3268780111096826
0.3268533902680544
0.3268533902680544
0.32687808586756706
0.32687808586756706
0.32685276796588414
0.32685331551016994
0.32687808586756706
0.3268533902680544
0.3268533902680544
0.32687808586756706
0.32685276796588414
0.3268780111096826
0.32687808586756706
0.32687808586756706
0.32685331551016994
0.3268780111096826
0.32687808586756706
0.3268780111096826
0.3268533902680544
0.32685331551016994
0.3268533902680544
0.32685331551016994
0.3268533902680544
0.32687808586756706
0.3268533902680544
0.32687808586756706
0.32685331551016994
0.32687808586756706
0.3268774635653968
0.3268780111096826
0.3268533902680544
0.3268533902680544
0.32687808586756706
0.35472349874386466
0.32687808586756706
0.3268780111096826
0.32687808586756706
0.32685331551016994
0.32685276796588414
0.3268780111096826
0.3268774635653968
0.3268780111096826
0.32687808586756706
0.3268780111096826
0.3268780111096826
0.3268533902680544
0.3268780111096826
0.3268780111096826
0.3268533902680544
1.4414520288760948
0.32687808586756706
0.3268950956486295
0.32687808586756706
0.32687808586756706
0.3268533902680544
0.32685331551016994
0.32687808586756706
0.32687808586756706
0.3268533902680544
0.3268526932079997
0.32687808586756706
0.3268774635653968
0.8912250209908006
0.3268533902680544
0.32687808586756706
0.42447209229021443
0.3268533902680544
0.3268533902680544
0.32687808586756706
0.3268533902680544
0.32685331551016994
0.32685331551016994
0.3268533902680544
0.3268533902680544
0.3268533902680544
0.3268533902680544
0.32687808586756706
0.3268533902680544
0.3268774635653968
0.3268780111096826
0.32687808586756706
0.8913952627871309
0.32687808586756706
0.3268780111096826
0.32687808586756706
0.3268526932079997
0.32687808586756706
0.32687808586756706
0.32685331551016994
0.3268780111096826
0.3268533902680544
0.3268533902680544
0.32687808586756706
0.32687808586756706
0.32842384798011903
0.32685331551016994
0.32687808586756706
0.3268533902680544
0.32685331551016994
0.32685331551016994
0.32687808586756706
0.32687808586756706
0.3268533902680544
0.32685331551016994
0.33856293983920727
0.32687808586756706
0.3268533902680544
0.3268533902680544
0.3268773888075124
0.32687808586756706
0.32685331551016994
0.3268533902680544
0.32685331551016994
0.32685276796588414
0.32687808586756706
0.32693628333209773
0.7406054649775407
0.32685331551016994
0.32687808586756706
0.32687808586756706
0.3268533902680544
0.3268780111096826
0.32687808586756706
0.3268780111096826
0.32691151297470056
0.32687808586756706
0.32687808586756706
0.3268533902680544
0.32741444423272004
1.0347311456789186
0.3268773888075124
0.32687808586756706
0.3268533902680544
0.32685331551016994
0.34941434668119853
0.3268773888075124
0.3268773888075124
0.3268773888075124
0.3268773888075124
0.42447209229021443
0.32685331551016994
0.32687808586756706
0.3268780111096826
0.3268533902680544
0.3268780111096826
0.3268533902680544
0.3268526932079997
0.32685331551016994
0.32687808586756706
0.3268533902680544
0.3268780111096826
0.9504841352512371
0.32687808586756706
0.33853816948181015
0.32687808586756706
0.32687808586756706
0.3284225147943169
0.3268533902680544
0.32687808586756706
0.32685331551016994
0.32685331551016994
0.32687808586756706
