0.3268533902680544
0.3268533902680544
0.32685331551016994
0.3268533902680544
0.32685331551016994
0.3268526932079997
0.3268533902680544
0.3268533902680544
0.32685331551016994
0.32693628333209773
0.32685276796588414
0.32685331551016994
0.3268780111096826
0.32685331551016994
0.3268533902680544
0.32685331551016994
0.32687808586756706
0.32687808586756706
0.32685331551016994
0.32685331551016994
0.3268780111096826
0.3268533902680544
0.3268526932079997
0.3268533902680544
0.3268526932079997
0.3268526932079997
0.32687808586756706
0.32685276796588414
0.3268533902680544
0.5822953015744261
0.32685331551016994
0.32687808586756706
0.3268526932079997
0.3268533902680544
0.32687808586756706
0.32685331551016994
0.3268533902680544
0.3268533902680544
0.3268533902680544
0.3268533902680544
0.3268533902680544
0.32685331551016994
0.32691151297470056
0.32685331551016994
0.3268526932079997
0.32685331551016994
0.3268533902680544
0.3268780111096826
0.32693566102992744
0.3268533902680544
0.32687808586756706
0.3268533902680544
0.3268533902680544
0.3268526932079997
0.32685331551016994
0.3269108906725303
0.32685331551016994
0.32685331551016994
0.3268533902680544
0.32685276796588414
0.3268533902680544
0.3268526932079997
0.32685331551016994
0.3268533902680544
0.3268773888075124
0.3268533902680544
0.3268780111096826
0.3268533902680544
0.32685331551016994
0.3268533902680544
0.32685331551016994
0.3268533902680544
0.3268533902680544
0.3268773888075124
0.32691096543041476
0.32685331551016994
0.32685276796588414
0.32685331551016994
0.3268526932079997
0.3268526932079997
0.3268774635653968
0.3268773888075124
0.32685331551016994
0.3268533902680544
0.32687808586756706
0.3268533902680544
0.32685331551016994
0.32687808586756706
0.32685331551016994
0.32685331551016994
0.32687808586756706
0.32685331551016994
0.3268526932079997
0.32685331551016994
0.3268780111096826
0.3268533902680544
0.3268533902680544
0.32685331551016994
0.32687808586756706
0.3268533902680544
0.32685331551016994
0.32687808586756706
0.3268533902680544
0.32685331551016994
0.32685331551016994
0.3268533902680544
0.32685276796588414
0.3268533902680544
0.3268533902680544
0.32687808586756706
0.32685331551016994
0.32784080261865445
0.3268533902680544
0.3268533902680544
0.3268780111096826
0.32685331551016994
0.3268533902680544
0.3268533902680544
0.3268533902680544
0.32687808586756706
0.3268774635653968
0.3268533902680544
0.3268533902680544
0.3268526932079997
0.3268526932079997
0.32685331551016994
0.3268533902680544
0.3268533902680544
0.32685331551016994
0.32685331551016994
0.3268533902680544
0.3268774635653968
0.3268533902680544
0.3268780111096826
0.3268533902680544
0.3268533902680544
0.32685331551016994
0.3268780111096826
0.32685331551016994
0.32685331551016994
0.3471348852977253
0.3268780111096826
0.3268774635653968
0.3268533902680544
0.3268533902680544
0.32784025507436865
0.3268533902680544
0.3268533902680544
0.32691151297470056
0.32685331551016994
0.32685331551016994
0.3268533902680544
0.3268533902680544
0.32687808586756706
0.3268774635653968
0.3268533902680544
0.32687808586756706
0.32685331551016994
0.32685331551016994
0.32687808586756706
0.3268780111096826
0.32685331551016994
0.3268780111096826
0.32685331551016994
0.32685276796588414
0.3268774635653968
0.3268533902680544
0.3268533902680544
0.32685331551016994
0.3268533902680544
0.3268526932079997
0.3268533902680544
0.32687808586756706
0.32685276796588414
0.32685276796588414
0.3268533902680544
0.3268773888075124
0.32685276796588414
0.32685331551016994
0.32685331551016994
0.3268533902680544
0.32685276796588414
0.326911587732585
0.3268773888075124
1.4414396912489809
0.3268533902680544
0.32685276796588414
0.32687808586756706
0.3268533902680544
0.3268533902680544
0.3268533902680544
0.3268533902680544
0.32685331551016994
0.32685331551016994
0.3268526932079997
0.3268780111096826
0.32685331551016994
0.32685331551016994
0.3268780111096826
0.32685331551016994
0.3268526932079997
0.32687808586756706
0.32685331551016994
0.32693628333209773
0.32685331551016994
0.3268533902680544
0.3268533902680544
0.3268526932079997
0.32685276796588414
0.32685331551016994
0.3268774635653968
0.32685331551016994
0.3268526932079997
0.3268773888075124
0.32685276796588414
0.3268533902680544
0.3268780111096826
0.32685276796588414
0.3268533902680544
0.3268533902680544
0.32685276796588414
0.32685276796588414
0.32685331551016994
0.32685276796588414
0.32685276796588414
0.32685331551016994
0.32685331551016994
0.3268533902680544
0.3268533902680544
0.32685331551016994
0.32693566102992744
0.32691096543041476
0.3268533902680544
0.32685276796588414
0.3268533902680544
0.3268533902680544
0.32685331551016994
0.3268533902680544
0.3268533902680544
0.32685331551016994
0.3268533902680544
0.3268526932079997
0.32687808586756706
0.3268780111096826
0.3268533902680544
0.32685331551016994
0.32685276796588414
0.3268533902680544
0.32685331551016994
0.3269108906725303
0.3268709475934026
0.3268533902680544
0.3268533902680544
0.3268704000491168
0.3268526932079997
0.326911587732585
0.3268533902680544
0.3268526932079997
0.32685276796588414
0.32687102235128707
0.3268533902680544
0.3268526932079997
0.32685331551016994
0.32685331551016994
0.35478107390622504
0.3268533902680544
0.32685276796588414
0.3268773888075124
0.32685276796588414
0.3268533902680544
0.32685276796588414
0.3268526932079997
0.32685331551016994
0.32685331551016994
0.3268533902680544
0.3268533902680544
0.32685276796588414
0.3268533902680544
0.3268533902680544
0.3268780111096826
0.3268780111096826
0.32685331551016994
0.3268773888075124
0.32685331551016994
0.32685276796588414
0.3268773888075124
0.32685331551016994
0.3268526932079997
0.3268526932079997
0.32687102235128707
0.32685331551016994
0.3268533902680544
0.3268533902680544
0.3268533902680544
0.32685331551016994
0.326911587732585
0.3268780111096826
0.3268780111096826
0.3268526932079997
0.32685331551016994
0.3268774635653968
0.3268526932079997
0.32685331551016994
0.32685276796588414
0.3268533902680544
0.3268526932079997
0.3268780111096826
0.3268533902680544
0.3268526932079997
0.3268533902680544
0.32685276796588414
0.4242565408460075
0.32687808586756706
0.3268533902680544
0.3269362085742133
0.3268774635653968
0.3268533902680544
0.3268533902680544
0.3268533902680544
0.32693628333209773
0.3268533902680544
0.32685331551016994
0.3268533902680544
0.3268780111096826
0.32687808586756706
0.3268533902680544
0.3268533902680544
0.3268533902680544
0.32685331551016994
0.32687808586756706
0.32685331551016994
0.3268533902680544
0.32685331551016994
0.3268526932079997
0.3268533902680544
0.32685331551016994
0.32784025507436865
0.3268533902680544
0.3268526932079997
0.32685331551016994
0.3268533902680544
0.3268533902680544
0.3268533902680544
0.3268533902680544
0.3268526932079997
0.32685276796588414
0.3268533902680544
0.3268533902680544
0.32687102235128707
0.3547482691012618
0.3289581317822853
0.3268526932079997
0.3268533902680544
0.32685331551016994
0.3268526932079997
0.3268533902680544
0.3268533902680544
0.3268533902680544
0.3268533902680544
0.32687102235128707
0.32685276796588414
0.3268780111096826
0.3268526932079997
0.3269108906725303
0.3268533902680544
0.3268780111096826
0.3268533902680544
0.3268533902680544
0.32687808586756706
0.326911587732585
0.3268533902680544
0.32692921981581774
0.32685276796588414
0.32685276796588414
0.3268526932079997
0.3268774635653968
0.32685331551016994
0.3268526932079997
0.3268780111096826
0.3268533902680544
0.329773868597085
0.32685331551016994
0.32685276796588414
0.3268526932079997
0.32687808586756706
0.3268774635653968
0.3268526932079997
0.32685276796588414
0.3268533902680544
0.3268780111096826
0.3268780111096826
0.32685276796588414
0.3268533902680544
0.3268526932079997
0.3268533902680544
0.3268526932079997
0.3268533902680544
0.3268533902680544
0.3268780111096826
0.3268526932079997
0.32685331551016994
0.32685276796588414
0.3269362085742133
0.32685276796588414
0.3268526932079997
0.32687808586756706
0.32741444423272004
0.3268774635653968
0.3268533902680544
0.3268780111096826
0.3268780111096826
0.3268526932079997
0.3268533902680544
0.3268533902680544
0.32687808586756706
0.32685331551016994
0.3268526932079997
0.8917913193612763
0.32685276796588414
0.32687808586756706
0.3268533902680544
0.3268526932079997
0.3268526932079997
0.34654968327783275
0.3268773888075124
0.32685331551016994
0.3268780111096826
0.3268533902680544
0.32685331551016994
0.32685331551016994
0.32685331551016994
0.32685331551016994
0.3268533902680544
0.32685331551016994
0.3268533902680544
0.32685276796588414
0.32687808586756706
0.3268533902680544
0.3268780111096826
0.3268533902680544
0.32685331551016994
0.326911587732585
0.32685276796588414
0.32685331551016994
0.32685276796588414
0.32685331551016994
0.3268533902680544
0.32685276796588414
0.32685331551016994
0.3268526932079997
0.32685331551016994
0.3268533902680544
0.32687808586756706
0.32687808586756706
0.32685331551016994
0.32687808586756706
0.32685331551016994
0.3268533902680544
0.3268780111096826
0.3268533902680544
0.3268533902680544
0.3268533902680544
0.32685331551016994
0.32687808586756706
0.32685276796588414
0.32685331551016994
0.3268533902680544
0.3268526932079997
0.32687808586756706
0.32687808586756706
0.32685331551016994
0.32685331551016994
0.3268533902680544
0.32685276796588414
0.32687808586756706
0.3268526932079997
0.32685331551016994
0.3268533902680544
0.32685331551016994
0.3268533902680544
0.32685276796588414
0.3268774635653968
0.32685331551016994
0.3268533902680544
0.326911587732585
0.3268780111096826
0.3268533902680544
0.3268526932079997
0.32685331551016994
0.32685331551016994
0.3268533902680544
0.3268773888075124
0.32685331551016994
0.32685331551016994
0.32685331551016994
0.32685331551016994
0.3268533902680544
0.32685331551016994
0.3268533902680544
0.32685331551016994
0.3268526932079997
0.3268526932079997
0.3268533902680544
0.32685331551016994
0.3268526932079997
0.32685276796588414
0.32685331551016994
0.3268526932079997
0.3268526932079997
0.3268533902680544
0.32685276796588414
0.32687808586756706
0.32685331551016994
0.3268780111096826
0.32685276796588414
0.3268533902680544
0.3268526932079997
0.3268526932079997
0.3268533902680544
0.3268533902680544
0.32685331551016994
0.326935586272043
0.3268533902680544
0.3268526932079997
0.3268773888075124
0.32685276796588414
0.32685331551016994
0.3268704000491168
0.3268773888075124
0.3268526932079997
0.32685331551016994
0.3268774635653968
0.32685331551016994
0.3268526932079997
0.3268533902680544
0.32685276796588414
0.32687808586756706
0.32685331551016994
0.32685276796588414
0.3274726416972507
0.3268533902680544
0.32685276796588414
0.3268774635653968
0.32687808586756706
0.3268533902680544
0.32685331551016994
0.3268533902680544
0.32685331551016994
0.3268533902680544
0.32685276796588414
0.32685331551016994
0.3268780111096826
0.32687808586756706
0.3268526932079997
0.3268533902680544
0.32685331551016994
0.3268533902680544
0.3268533902680544
0.3268533902680544
0.3268533902680544
0.32687808586756706
0.32687808586756706
0.32685331551016994
0.3268774635653968
0.32685331551016994
0.32685331551016994
0.3268774635653968
0.32685331551016994
0.32693628333209773
0.32687808586756706
0.3268533902680544
0.32685331551016994
0.33862044024368326
0.32685276796588414
0.3268533902680544
0.3268773888075124
0.32685276796588414
0.3268533902680544
0.32687102235128707
0.32685276796588414
0.32685276796588414
0.3268773888075124
0.3268526932079997
0.32685331551016994
0.3268533902680544
0.32685331551016994
0.32685276796588414
0.32685276796588414
0.3268773888075124
0.3268533902680544
0.32687808586756706
0.3268950956486295
0.3268780111096826
0.3268533902680544
0.32685331551016994
0.32685331551016994
0.32687808586756706
0.3268526932079997
0.32685331551016994
0.3268533902680544
0.3268533902680544
0.3268780111096826
0.3268526932079997
0.3268773888075124
0.3268533902680544
0.3268526932079997
0.3268533902680544
0.32685331551016994
0.3268774635653968
0.32685276796588414
0.32685331551016994
0.3268526932079997
0.3268533902680544
0.32687808586756706
0.32685331551016994
0.32685331551016994
0.3268533902680544
0.3268533902680544
0.32685331551016994
0.3268533902680544
0.3268526932079997
0.3268533902680544
0.3268780111096826
0.3268526932079997
0.32685331551016994
0.3268533902680544
0.32685331551016994
0.32685276796588414
0.3268774635653968
0.32685331551016994
0.32685331551016994
0.32685331551016994
0.3268533902680544
0.32685331551016994
0.32685331551016994
0.3268526932079997
0.32685331551016994
0.3268774635653968
0.3268533902680544
0.3268526932079997
0.3268780111096826
0.32685331551016994
0.3268774635653968
0.3268533902680544
0.32685331551016994
0.32687808586756706
0.3268533902680544
0.32691151297470056
0.32685331551016994
0.32685331551016994
0.3268704000491168
0.32693628333209773
0.3268533902680544
0.3268526932079997
0.3268533902680544
0.326911587732585
0.32687808586756706
0.32685331551016994
0.32685331551016994
0.3268533902680544
0.32685331551016994
0.3268780111096826
0.3268533902680544
0.3268533902680544
0.32685331551016994
0.3268526932079997
0.32685331551016994
0.3268526932079997
0.326911587732585
0.3268774635653968
0.3268526932079997
0.3269362085742133
0.32685331551016994
0.32685331551016994
0.3268780111096826
0.3268773888075124
0.3268533902680544
0.32685331551016994
0.3268533902680544
0.3268533902680544
0.3268533902680544
0.32685331551016994
0.3268773888075124
0.32685276796588414
0.32685331551016994
0.32685331551016994
0.32687808586756706
0.3268526932079997
0.32685276796588414
0.3268533902680544
0.3268533902680544
0.3268526932079997
0.3268526932079997
0.3268533902680544
0.3268526932079997
0.32685331551016994
0.32685331551016994
0.32687808586756706
0.32685331551016994
0.32687808586756706
0.32685276796588414
0.32691151297470056
0.32685331551016994
0.32977394335496946
0.32685276796588414
0.32685331551016994
0.3268533902680544
0.32685331551016994
0.3268533902680544
0.3268533902680544
0.32685331551016994
0.3268526932079997
0.3268774635653968
0.3268533902680544
0.32685331551016994
0.3268533902680544
0.32685331551016994
0.3268533902680544
0.32685276796588414
0.32685276796588414
0.32685331551016994
0.32685331551016994
0.32685331551016994
0.3268533902680544
0.3268533902680544
0.3268533902680544
0.3268533902680544
0.3268526932079997
0.3268533902680544
0.32685331551016994
0.32687808586756706
0.34654968327783275
0.32685331551016994
0.32685276796588414
0.3268780111096826
0.32685276796588414
0.3268709475934026
0.3268533902680544
0.32685331551016994
0.3268526932079997
0.32685331551016994
0.32685276796588414
0.3268533902680544
1.4414406550323204
0.3268533902680544
0.3268533902680544
0.32685331551016994
0.32685331551016994
0.3268780111096826
0.32685331551016994
0.32685331551016994
0.3268533902680544
0.32685276796588414
0.3268533902680544
0.32685276796588414
0.3268533902680544
0.3268533902680544
0.3269108906725303
0.32685331551016994
0.32685331551016994
0.32685276796588414
0.3268533902680544
0.3268533902680544
0.32685331551016994
0.32687808586756706
0.32685331551016994
0.3268956431929153
0.3268533902680544
0.32687808586756706
0.3268773888075124
0.326935586272043
0.3268533902680544
0.3268533902680544
0.3268526932079997
0.3268780111096826
0.3268774635653968
0.3268533902680544
0.3268533902680544
0.3268526932079997
0.3268774635653968
0.32685331551016994
0.32685276796588414
0.3268533902680544
0.3268533902680544
0.3268780111096826
0.32685276796588414
0.3268533902680544
0.3268533902680544
0.3268526932079997
0.32685276796588414
0.32685331551016994
0.32685276796588414
0.32685276796588414
0.3268774635653968
0.32685331551016994
0.32687808586756706
0.3268526932079997
0.3268780111096826
0.3268533902680544
0.32687808586756706
0.32685331551016994
0.32685331551016994
0.32685276796588414
0.3268773888075124
0.3268533902680544
0.32685331551016994
0.3268533902680544
0.3268533902680544
0.34654968327783275
0.3268533902680544
0.32685331551016994
0.32685331551016994
0.32687808586756706
0.32687808586756706
0.32685276796588414
0.3268533902680544
0.32685331551016994
0.3268533902680544
0.32685331551016994
0.32687808586756706
0.3268533902680544
0.32685331551016994
0.3268533902680544
0.32685276796588414
0.32685331551016994
0.3278401803164842
0.32685331551016994
0.3268533902680544
0.3268526932079997
0.3268780111096826
0.3268533902680544
0.3268533902680544
0.3268533902680544
0.32685331551016994
0.32685331551016994
0.32685331551016994
0.32685276796588414
0.32685331551016994
0.3268533902680544
0.32685331551016994
0.32685331551016994
0.3268533902680544
0.3268533902680544
0.3268533902680544
0.32685331551016994
0.3268526932079997
0.32685331551016994
0.3268533902680544
0.3268709475934026
0.3268533902680544
0.3268533902680544
0.3268533902680544
0.32687808586756706
0.32685331551016994
0.3268533902680544
0.32685331551016994
0.3268533902680544
0.7960346074965317
0.3268533902680544
0.3268533902680544
0.32685331551016994
0.32685331551016994
0.32685331551016994
0.32685276796588414
0.32784025507436865
0.32685331551016994
0.32685276796588414
0.32685331551016994
0.32685331551016994
0.3268780111096826
0.3268533902680544
0.3268533902680544
0.3268773888075124
0.32687808586756706
0.32685331551016994
0.32687808586756706
0.3268709475934026
0.3268533902680544
0.32685331551016994
0.32685276796588414
0.3292347827486515
0.32685331551016994
0.3268533902680544
0.32685276796588414
0.3268526932079997
0.32685276796588414
0.3268533902680544
0.32685331551016994
0.3268533902680544
0.32685276796588414
0.3268533902680544
0.32685331551016994
0.3268533902680544
0.3268773888075124
0.32685331551016994
0.3268533902680544
0.3268533902680544
0.3268780111096826
0.3268533902680544
0.32685331551016994
0.3268533902680544
0.3381299798642556
0.3268533902680544
0.3268780111096826
0.3268533902680544
0.3268526932079997
0.3268533902680544
0.3268533902680544
0.32685331551016994
0.32687102235128707
0.3268533902680544
0.3268780111096826
0.3268780111096826
0.32685331551016994
0.3268773888075124
0.32685331551016994
0.32687808586756706
0.3278401803164842
0.32685331551016994
0.3268533902680544
0.3268780111096826
0.3268526932079997
0.3268533902680544
0.3268533902680544
0.32685331551016994
0.32685276796588414
0.3268533902680544
0.32693628333209773
0.3268533902680544
0.32685331551016994
0.3268533902680544
0.32685276796588414
0.3268526932079997
0.3268773888075124
0.3268773888075124
0.32687808586756706
0.32685331551016994
0.32685331551016994
0.3268533902680544
0.32685331551016994
0.32687808586756706
0.3268774635653968
0.32685331551016994
0.32685276796588414
0.32685331551016994
0.32685331551016994
0.32687808586756706
0.3268773888075124
0.3268533902680544
0.3268526932079997
0.3268526932079997
0.32685276796588414
0.32685331551016994
0.3268533902680544
0.3268780111096826
0.3268533902680544
0.3268533902680544
0.3268526932079997
0.32685276796588414
0.32685331551016994
0.32685331551016994
0.3268533902680544
0.3268533902680544
0.32687808586756706
0.32685331551016994
0.32685331551016994
0.32685276796588414
0.3268533902680544
0.3268780111096826
0.3268526932079997
0.3268774635653968
0.3268780111096826
0.32693628333209773
0.3268773888075124
0.3268533902680544
0.35472295119957886
0.32685331551016994
0.3268533902680544
0.32685331551016994
0.32685331551016994
0.3268526932079997
0.3268533902680544
0.3268533902680544
0.3268533902680544
0.3268526932079997
0.3268956431929153
0.3268533902680544
0.3268780111096826
0.3268780111096826
0.3268780111096826
0.32685331551016994
0.32685331551016994
0.3268533902680544
0.32685331551016994
0.3268780111096826
0.3268533902680544
0.3268780111096826
0.32685331551016994
0.3268526932079997
0.32685276796588414
