0.32685276796588414
0.3268774635653968
0.3268533902680544
0.32685331551016994
0.5535227430530666
0.3268533902680544
0.32685276796588414
0.32685276796588414
0.3297909531360319
0.3268526932079997
0.3268526932079997
0.32685331551016994
0.3268526932079997
0.3268533902680544
0.32685276796588414
0.3268526932079997
0.3268526932079997
0.34654913573354695
0.32685276796588414
0.3268774635653968
0.3268780111096826
0.3268526932079997
0.3268526932079997
0.3268533902680544
0.3268533902680544
0.3268533902680544
0.32685331551016994
0.32685276796588414
0.3268526932079997
0.32685331551016994
0.3268533902680544
0.32685276796588414
0.3268533902680544
0.3268526932079997
0.3268703252912324
0.32685276796588414
0.3268526932079997
0.32687808586756706
0.32685276796588414
0.32685276796588414
0.3268533902680544
0.3268526932079997
0.32693566102992744
0.32685331551016994
0.3268526932079997
0.32685276796588414
0.32685276796588414
0.32685331551016994
0.3268526932079997
0.3268780111096826
0.8912240674011968
0.32866163006238924
0.32685276796588414
0.3285887480021438
0.3268526932079997
0.3268533902680544
0.3268774635653968
0.32685276796588414
0.32685276796588414
0.5239048928593155
0.32685276796588414
0.3268526932079997
0.32687808586756706
0.32685276796588414
0.3268533902680544
0.3268533902680544
0.3268533902680544
0.3268533902680544
0.3268526932079997
0.32685276796588414
0.3268526932079997
0.32687808586756706
0.3268780111096826
0.32685276796588414
0.3268526932079997
0.32685276796588414
0.3268526932079997
0.32685276796588414
0.4242862872293302
0.3268533902680544
0.3268533902680544
0.3268780111096826
0.3268533902680544
0.3268774635653968
0.32685276796588414
0.3268526932079997
0.32685331551016994
0.32685276796588414
0.3268703252912324
0.32685276796588414
0.3268526932079997
0.32685276796588414
0.32685331551016994
0.32685276796588414
0.32685276796588414
0.32685276796588414
0.3268526932079997
0.3268780111096826
0.32685331551016994
0.32685331551016994
1.5791548253118286
0.3268533902680544
0.5668540055745103
0.32687808586756706
0.3268709475934026
0.32685276796588414
0.3268533902680544
0.32685276796588414
0.32685276796588414
0.3268526932079997
0.3268773888075124
0.32685276796588414
0.32685276796588414
0.3268533902680544
0.3268533902680544
0.3268533902680544
0.32685276796588414
0.3268780111096826
0.3268526932079997
0.32685331551016994
0.3268533902680544
0.32685276796588414
0.9905959220844718
0.32685276796588414
0.3268526932079997
0.3268533902680544
0.3268526932079997
0.32685331551016994
0.3471348852977253
0.3268526932079997
0.3268533902680544
0.3268773888075124
0.3297732462949148
0.32685276796588414
0.32685276796588414
0.3268526932079997
0.3268533902680544
0.3268774635653968
0.32685331551016994
0.32685276796588414
0.32685276796588414
0.3268526932079997
0.35359001150712205
1.5571483243874784
0.32685331551016994
0.32685331551016994
0.32687808586756706
0.32685331551016994
0.32685331551016994
0.3268533902680544
0.32685331551016994
0.3268526932079997
0.32685276796588414
0.32685331551016994
0.3268526932079997
0.3268774635653968
0.32685276796588414
0.3268526932079997
0.32685331551016994
0.3268780111096826
0.32685276796588414
0.3268526932079997
0.3268703252912324
0.32685276796588414
0.32685276796588414
0.3268533902680544
0.3268526932079997
0.3268526932079997
0.32685331551016994
0.3268533902680544
0.3286716410661872
0.32685331551016994
0.3268704000491168
0.32685276796588414
0.3268526932079997
0.32685331551016994
0.3268533902680544
0.32685276796588414
0.3268533902680544
0.32685276796588414
0.32685276796588414
0.32685331551016994
0.3268526932079997
0.32685331551016994
0.3268526932079997
0.3268773888075124
0.3268533902680544
0.32685276796588414
0.3268533902680544
0.32685331551016994
0.3268526932079997
0.3268533902680544
0.3268780111096826
0.32685331551016994
0.32784080261865445
1.4414401221982664
0.3268533902680544
0.32685276796588414
0.32685276796588414
0.3268774635653968
0.32685331551016994
0.32685331551016994
0.3268526932079997
0.32685331551016994
0.32685276796588414
0.32687808586756706
0.3268526932079997
0.32685276796588414
0.3268526932079997
0.3268773888075124
0.32685331551016994
0.3268526932079997
0.33813127018454825
0.32685331551016994
0.32685331551016994
0.32685331551016994
0.32685331551016994
0.3268533902680544
0.3268526932079997
0.32685276796588414
0.32685276796588414
0.3268526932079997
0.3268526932079997
0.3268526932079997
0.3268533902680544
0.32685276796588414
0.32685276796588414
0.32685276796588414
0.3268533902680544
0.3292246969869691
0.3268526932079997
0.3385375471796399
0.3268526932079997
0.32685276796588414
0.3268526932079997
0.32685331551016994
0.32685276796588414
0.32685276796588414
0.3268526932079997
0.3268773888075124
0.32685276796588414
0.3268526932079997
0.32685331551016994
0.32979157543820214
0.3268526932079997
0.3268533902680544
0.32685276796588414
0.32685331551016994
0.3268773888075124
0.32685331551016994
0.3268533902680544
0.32685331551016994
0.3268526932079997
0.4468801815064599
0.32685276796588414
0.32685276796588414
0.3268533902680544
0.3268780111096826
0.3268533902680544
0.32685276796588414
0.3268533902680544
0.32685276796588414
0.32685331551016994
0.32685276796588414
0.3268533902680544
0.3268774635653968
0.3268773888075124
0.32685331551016994
0.3268773888075124
0.32685331551016994
0.32685331551016994
0.32685276796588414
0.32685276796588414
0.3268526932079997
0.7957640537600177
0.3268526932079997
0.3268526932079997
0.3268533902680544
0.3268533902680544
0.3268533902680544
0.3268533902680544
0.32685331551016994
0.32685276796588414
0.32685331551016994
0.3268526932079997
0.32685331551016994
0.3268533902680544
0.32687808586756706
0.3268526932079997
0.32685276796588414
0.3268533902680544
0.32685276796588414
0.32685331551016994
0.3268533902680544
0.3283985300784361
0.32685276796588414
0.32685276796588414
0.32685276796588414
0.3274390650743483
0.3268774635653968
0.32687808586756706
0.32685331551016994
0.32685331551016994
0.32685276796588414
0.32685276796588414
0.5535693516042208
0.32685276796588414
1.4414391584149269
0.32685276796588414
0.3268773888075124
0.32685331551016994
0.3646408790969924
0.3268780111096826
0.32685276796588414
0.32685331551016994
0.32685331551016994
0.3268774635653968
0.3268526932079997
0.3268774635653968
0.32685276796588414
0.32685276796588414
0.32685276796588414
0.3465497580357172
0.32685276796588414
0.3268533902680544
0.32741374717266536
0.32685331551016994
0.3268780111096826
0.32839915238060635
0.3268774635653968
0.32687808586756706
0.32685276796588414
0.32685331551016994
0.3297733210527992
0.32685276796588414
0.32687808586756706
0.3268533902680544
0.3268526932079997
0.3268533902680544
0.32685331551016994
0.32685276796588414
0.3268533902680544
0.32685276796588414
0.3268526932079997
0.32685331551016994
0.33853762193752435
0.3268533902680544
0.32685331551016994
0.32867156630830274
0.32685276796588414
0.3268533902680544
0.3268533902680544
0.32685331551016994
0.32685276796588414
0.32685276796588414
0.32687808586756706
1.4414505322587012
0.32685276796588414
0.3268780111096826
0.3268533902680544
0.32685276796588414
1.4414391584149269
0.3268780111096826
0.32685331551016994
0.3292347827486515
0.32685276796588414
0.32687808586756706
0.3268526932079997
0.3268526932079997
0.3268533902680544
0.3465917896553624
0.32685276796588414
0.3381294323199697
0.3268774635653968
0.3268533902680544
0.3268533902680544
0.3268704000491168
0.3268533902680544
0.32685276796588414
0.32685331551016994
0.33813005462214
0.32685276796588414
0.3268533902680544
0.32685331551016994
0.3268533902680544
0.32685331551016994
0.32685276796588414
0.37732785216502684
0.32685276796588414
0.3268533902680544
0.3268526932079997
0.3268526932079997
0.3268774635653968
0.3268526932079997
0.3268526932079997
0.3268533902680544
0.32685331551016994
0.3268526932079997
0.3268526932079997
0.3268704000491168
0.3268526932079997
0.3268774635653968
0.35472295119957886
0.3268526932079997
0.7957372607177207
0.3268526932079997
0.3268526932079997
0.5821323373150242
0.3268533902680544
0.3268526932079997
0.32685276796588414
0.3268526932079997
0.3268526932079997
0.3268533902680544
0.32685276796588414
0.32685276796588414
0.32685331551016994
0.32685276796588414
0.32687808586756706
0.34654913573354695
0.32685331551016994
0.32685331551016994
0.32685276796588414
0.32685276796588414
0.32685331551016994
0.3268533902680544
0.32685276796588414
0.32685276796588414
0.32685276796588414
0.3268526932079997
0.32685331551016994
0.5239049676172
0.3268780111096826
0.3286133688437721
0.32685276796588414
0.3268526932079997
0.3268526932079997
0.5821323373150242
0.32685331551016994
0.3268526932079997
0.3268773888075124
0.32685331551016994
0.3268780111096826
0.3268773888075124
0.5668306098571383
0.3465490609756625
0.32685276796588414
0.33853816948181015
0.3268526932079997
0.34654968327783275
0.32685331551016994
0.32685331551016994
0.3385375471796399
0.5534923605439964
0.3268526932079997
0.3268703252912324
0.3268526932079997
0.3268526932079997
0.3268533902680544
0.3268526932079997
0.32741374717266536
0.32685276796588414
0.32685331551016994
0.3268533902680544
0.32685276796588414
0.3268526932079997
0.32685331551016994
0.3268533902680544
0.3268533902680544
0.3268773888075124
0.5668283563853936
0.32685276796588414
0.3268526932079997
0.32685331551016994
0.32685331551016994
0.3268773888075124
1.5571483243874784
0.32685276796588414
0.3268526932079997
0.7957641285179022
1.4414391584149269
0.8912329417586258
0.32685276796588414
0.32685276796588414
0.32685331551016994
0.3268533902680544
0.3268533902680544
0.328957509480115
0.3268526932079997
0.3292246969869691
0.32685276796588414
0.3268533902680544
0.3268526932079997
0.3268533902680544
0.3268526932079997
0.7957641285179022
0.3268526932079997
0.3268533902680544
0.3268526932079997
0.32685276796588414
0.3268533902680544
0.5238745103502453
0.32685331551016994
0.3268533902680544
0.32687808586756706
0.33813005462214
0.32685331551016994
0.3268533902680544
0.32687102235128707
0.3268533902680544
0.33853816948181015
0.3381294323199697
0.3268533902680544
0.3268526932079997
0.32685331551016994
0.3268774635653968
0.32685331551016994
0.32685276796588414
0.3268533902680544
0.32977394335496946
0.32685331551016994
0.3268533902680544
0.3268526932079997
0.32685331551016994
0.32685276796588414
0.32685331551016994
0.3268526932079997
0.7960323605379784
0.3274138219305498
0.3268526932079997
0.3268773888075124
0.3268533902680544
0.32685276796588414
0.3268526932079997
0.3268774635653968
0.3268533902680544
0.32685331551016994
0.3292347827486515
0.3465497580357172
0.3268526932079997
0.32685331551016994
0.32685276796588414
0.32685276796588414
0.32685331551016994
0.32685276796588414
0.3269108906725303
0.3268526932079997
0.32685331551016994
0.32685331551016994
0.3268533902680544
0.3268526932079997
0.32685276796588414
0.32685276796588414
0.3268526932079997
0.3547235735017491
0.3268533902680544
0.523874435592361
0.32685331551016994
0.3268533902680544
0.3268526932079997
0.3268533902680544
0.3268526932079997
0.32685331551016994
0.3268774635653968
0.3268526932079997
0.32685276796588414
0.3268533902680544
0.3268526932079997
0.32784080261865445
0.3268780111096826
0.32685276796588414
0.3268533902680544
0.3268533902680544
0.32685276796588414
0.3268526932079997
0.3268526932079997
0.32685331551016994
0.32687808586756706
0.3268526932079997
0.3268773888075124
0.3268526932079997
0.3268780111096826
0.3471107372424984
0.3268533902680544
0.3268526932079997
0.3268533902680544
0.3274390650743483
0.3268526932079997
0.3268526932079997
0.5668283563853936
0.32685276796588414
0.3268526932079997
0.3268773888075124
0.32685276796588414
0.32685276796588414
0.32685276796588414
0.3268533902680544
0.3268526932079997
0.32685331551016994
0.7960076649384658
0.3268526932079997
0.32685331551016994
0.32685276796588414
0.3268533902680544
0.3268533902680544
0.3268533902680544
0.3268526932079997
0.3268533902680544
0.3465490609756625
0.32685331551016994
0.32685331551016994
0.3268533902680544
0.32685276796588414
0.3268533902680544
0.32687808586756706
0.3268773888075124
0.32685276796588414
0.3268780111096826
0.32685331551016994
0.3285787369983459
0.3268526932079997
0.3268533902680544
0.3465497580357172
0.32685276796588414
0.3268533902680544
0.32685276796588414
0.3268526932079997
0.32687808586756706
0.32685276796588414
0.32685331551016994
0.32685276796588414
0.32685331551016994
0.32685331551016994
0.3268780111096826
0.32685331551016994
0.3268533902680544
0.3268526932079997
0.32685276796588414
0.32685331551016994
0.32685276796588414
0.3268526932079997
0.32685276796588414
0.32687102235128707
0.3268780111096826
0.3268526932079997
0.32685276796588414
0.3471107372424984
0.32685276796588414
0.3268533902680544
0.32685331551016994
0.3268533902680544
0.3268526932079997
0.32687808586756706
0.33853762193752435
0.32685331551016994
0.32685331551016994
0.3268774635653968
0.32685331551016994
0.32691096543041476
0.32685276796588414
0.3268533902680544
0.32685276796588414
0.3268533902680544
0.3268526932079997
0.32689502089074507
0.32685331551016994
0.32685276796588414
0.3268533902680544
0.3465490609756625
0.32685276796588414
0.32685276796588414
0.32685331551016994
0.3268526932079997
0.32687102235128707
0.32685276796588414
0.32685276796588414
0.3268526932079997
0.3268533902680544
0.3268533902680544
0.32685276796588414
0.3268774635653968
1.4414405447400374
0.3268774635653968
0.32689502089074507
0.32685276796588414
0.3268773888075124
0.3268526932079997
0.3268780111096826
0.32685331551016994
0.3268533902680544
0.3268526932079997
0.3385375471796399
0.32685331551016994
0.7957371859598362
0.3268526932079997
0.32685276796588414
0.3268703252912324
0.32685331551016994
0.3268704000491168
0.3268533902680544
0.32685276796588414
0.3268526932079997
0.32685276796588414
0.32685276796588414
0.32685276796588414
0.3268533902680544
0.32685331551016994
0.3268533902680544
0.3268774635653968
0.32685331551016994
0.3268526932079997
0.3501384273486339
0.32685331551016994
0.3268773888075124
0.32685276796588414
0.32685276796588414
0.951026691611804
0.3268533902680544
0.3268773888075124
0.32685276796588414
0.3268780111096826
0.3268526932079997
0.32685276796588414
0.3268780111096826
0.32923470799076704
0.32685276796588414
0.3268526932079997
0.3268526932079997
0.3268774635653968
0.3268533902680544
0.3268773888075124
0.32685276796588414
0.3268526932079997
0.3268533902680544
0.3268526932079997
0.3283978191948042
0.32685331551016994
0.3268533902680544
0.3268774635653968
0.3268526932079997
0.32685276796588414
0.3286133688437721
0.3268526932079997
0.32685331551016994
0.3268526932079997
0.3268533902680544
0.3268526932079997
0.3268533902680544
0.32685331551016994
0.32685276796588414
0.32685331551016994
0.3268526932079997
0.3268533902680544
0.32685331551016994
0.3268533902680544
0.3268526932079997
0.32685276796588414
0.32685331551016994
0.32685331551016994
0.32685331551016994
0.3268526932079997
0.3268526932079997
0.32685276796588414
0.3268526932079997
0.3268533902680544
0.3268780111096826
0.3268526932079997
0.32685276796588414
0.3268526932079997
0.3268773888075124
0.32685331551016994
0.32685276796588414
0.32685331551016994
0.3465490609756625
0.7957641285179022
0.32685276796588414
0.32685331551016994
0.32922477174485354
0.3268533902680544
0.3268780111096826
0.3292347827486515
0.32685276796588414
0.3268533902680544
0.3268526932079997
0.3268526932079997
0.3268533902680544
0.3268533902680544
0.34657437887734543
0.3268526932079997
0.3268526932079997
0.32685331551016994
0.3268533902680544
0.3268526932079997
0.32693628333209773
0.32685331551016994
0.32685276796588414
0.32685331551016994
0.32685276796588414
0.3268533902680544
0.32923470799076704
0.3268526932079997
0.3268526932079997
0.3268533902680544
0.3268533902680544
0.3268533902680544
0.32685331551016994
0.32685276796588414
0.32685276796588414
0.3268533902680544
0.3268526932079997
0.32685331551016994
0.32685331551016994
0.33813005462214
0.32685276796588414
0.3268533902680544
0.32685276796588414
0.3268533902680544
0.3268533902680544
0.3268533902680544
0.32685276796588414
0.3268533902680544
0.32685276796588414
0.32685331551016994
0.32685276796588414
0.32685331551016994
0.3268533902680544
0.32685331551016994
0.3268526932079997
0.32741444423272004
0.3268533902680544
0.3268526932079997
0.3268526932079997
0.33813127018454825
0.3268526932079997
0.9504673604195495
0.32693628333209773
0.32685276796588414
0.32685331551016994
0.3268704000491168
0.3268533902680544
0.3268526932079997
0.3268526932079997
0.32693566102992744
0.32687808586756706
0.32685276796588414
0.3268533902680544
0.3268773888075124
0.3268774635653968
0.3268773888075124
0.3268533902680544
0.32685331551016994
1.4414391584149269
0.32685276796588414
0.3268526932079997
0.32687808586756706
0.3268526932079997
0.3268526932079997
0.3268526932079997
0.32685331551016994
0.32685276796588414
0.3381313449424327
0.32685331551016994
0.3268526932079997
0.32685276796588414
0.3268773888075124
0.32685276796588414
0.3268533902680544
0.32685276796588414
0.32685331551016994
0.3268533902680544
0.32685331551016994
0.3268526932079997
0.32685276796588414
0.3268526932079997
0.3268774635653968
0.32685331551016994
0.3268526932079997
0.35472295119957886
0.32685276796588414
0.32685331551016994
0.3268533902680544
0.3268533902680544
0.3268533902680544
0.3268526932079997
0.3292246969869691
0.3268526932079997
0.32685276796588414
0.3268533902680544
0.3268533902680544
0.3268533902680544
0.3268526932079997
0.33856293983920727
0.3268533902680544
0.3286615553045048
0.3268533902680544
0.3268526932079997
0.32685331551016994
0.32685276796588414
0.3268774635653968
0.32784080261865445
0.32685331551016994
0.3268526932079997
0.32685276796588414
0.32685276796588414
0.32685276796588414
0.32685276796588414
0.32685331551016994
0.3268774635653968
0.3268526932079997
0.3268533902680544
0.32685276796588414
0.3268533902680544
0.3268774635653968
0.32685276796588414
0.3268533902680544
0.32685276796588414
0.32685276796588414
0.32685276796588414
0.3268526932079997
0.32685276796588414
0.32685331551016994
0.32685331551016994
0.32685276796588414
0.32685331551016994
0.3268773888075124
0.3268526932079997
0.32685331551016994
0.3268533902680544
0.32685276796588414
0.7957372607177207
0.3268526932079997
0.3268533902680544
0.32685331551016994
0.3268526932079997
0.32685331551016994
0.32685276796588414
0.5821323373150242
0.32685331551016994
0.3268533902680544
0.3268533902680544
0.32687808586756706
0.32685331551016994
0.32689502089074507
0.3268526932079997
0.32685276796588414
0.3268533902680544
0.3268533902680544
0.3268526932079997
0.3268533902680544
0.3268533902680544
0.32685331551016994
0.32685276796588414
0.3268526932079997
0.3268533902680544
0.32685276796588414
0.32687808586756706
0.32685276796588414
0.3268526932079997
0.32685276796588414
0.32685276796588414
0.3268526932079997
0.32685331551016994
0.32685276796588414
0.3268533902680544
0.3268526932079997
0.3268533902680544
0.3268533902680544
0.3268533902680544
0.32685276796588414
0.32685276796588414
0.32685331551016994
0.32685331551016994
0.3268773888075124
0.32685276796588414
0.3268780111096826
0.32685276796588414
0.3268533902680544
0.32860335783997413
0.3268526932079997
0.3268533902680544
0.32685331551016994
0.35472349874386466
0.3268703252912324
0.3268526932079997
0.32685276796588414
0.32685276796588414
1.4414405447400374
0.3268533902680544
0.3268533902680544
0.32685276796588414
0.32687808586756706
0.32685276796588414
0.32685276796588414
0.32685331551016994
0.3268526932079997
0.32685331551016994
0.3268526932079997
0.3268533902680544
0.32687808586756706
0.3268774635653968
