0.3269108906725303
0.3268526932079997
0.32784080261865445
0.32692852275576306
0.4245018386735371
0.3268526932079997
0.3268773888075124
0.3268526932079997
0.3268526932079997
0.3268526932079997
0.3268526932079997
0.3268526932079997
0.326935586272043
0.3268526932079997
0.3268526932079997
0.3268774635653968
0.3268526932079997
1.4414395809566978
0.3268526932079997
0.32685276796588414
0.3268526932079997
0.3268526932079997
0.326935586272043
0.3268526932079997
0.3268526932079997
0.3268526932079997
0.3268773888075124
0.3268526932079997
0.3268526932079997
0.3268526932079997
0.3268526932079997
0.3268526932079997
0.3268526932079997
0.3268526932079997
0.3268526932079997
0.3268526932079997
0.7957640537600177
0.3268773888075124
1.4414395809566978
0.3268526932079997
0.3268526932079997
0.35472295119957886
0.3385375471796399
0.3268526932079997
0.3278648759159969
0.3268526932079997
0.3268526932079997
0.3268773888075124
0.3268526932079997
0.3268526932079997
0.3268526932079997
0.3268526932079997
0.3268526932079997
0.3268526932079997
0.3268526932079997
0.32685276796588414
0.7957640537600177
0.3268526932079997
0.3268526932079997
0.3268526932079997
0.3268526932079997
0.5668283563853936
0.4242862872293302
0.3268526932079997
0.3268526932079997
0.3268526932079997
0.3268526932079997
0.3268526932079997
0.3268526932079997
0.3268526932079997
0.3268526932079997
0.3268526932079997
0.32685276796588414
0.3268526932079997
0.8912319881690218
0.3268526932079997
0.3268773888075124
0.8665773330363704
0.3268526932079997
0.3269108906725303
0.3268773888075124
0.3268703252912324
0.3268526932079997
0.3268526932079997
0.3268526932079997
0.32685276796588414
0.3268526932079997
0.34656709405584973
0.3268526932079997
0.3268526932079997
0.3268773888075124
0.33856286508132283
0.32685276796588414
0.3293075900510125
0.5241205190614069
0.3268526932079997
0.3268526932079997
0.3268526932079997
0.3268526932079997
0.3268526932079997
0.3268526932079997
0.3268773888075124
0.32689502089074507
0.3268526932079997
0.7960345327386473
0.3268773888075124
0.3268526932079997
0.3268773888075124
0.3268526932079997
0.3268773888075124
0.3268526932079997
0.32685276796588414
0.3268526932079997
0.3268526932079997
0.3268773888075124
0.3268526932079997
0.3268773888075124
0.3268526932079997
0.3268526932079997
0.3268703252912324
0.3268526932079997
0.3268526932079997
0.3465490609756625
0.3268526932079997
0.3268773888075124
0.3268526932079997
0.3268526932079997
0.3268526932079997
1.4414395809566978
0.3268526932079997
0.3268526932079997
0.3268526932079997
0.3268526932079997
0.3268773888075124
0.3268773888075124
0.3268526932079997
0.42501705206858575
0.3268526932079997
0.3268526932079997
0.32685276796588414
0.32685276796588414
0.3268526932079997
0.3268526932079997
0.3283978191948042
1.4414391584149269
0.3268704000491168
0.3385388374999326
0.3268526932079997
0.32685276796588414
0.3268526932079997
0.3268526932079997
0.3268526932079997
0.3268773888075124
0.3268526932079997
0.3268526932079997
0.3268526932079997
0.3268526932079997
0.32685276796588414
0.3268773888075124
0.3268526932079997
0.3268526932079997
0.3268526932079997
0.3297732462949148
0.3268526932079997
0.3268526932079997
0.3268773888075124
0.3268526932079997
0.3268526932079997
0.3268526932079997
0.3268526932079997
0.3268526932079997
0.3268526932079997
0.3268526932079997
0.3268526932079997
0.3268526932079997
0.3268526932079997
0.3268526932079997
0.3268526932079997
0.3268526932079997
0.3268526932079997
0.3268526932079997
0.3268526932079997
0.3268526932079997
0.3268526932079997
0.3268773888075124
0.3268703252912324
0.3268526932079997
0.32685276796588414
0.32689502089074507
0.3268526932079997
0.3268526932079997
0.3268526932079997
0.3268773888075124
0.3268773888075124
0.3268773888075124
0.32685331551016994
0.3268526932079997
0.3268774635653968
0.32685276796588414
0.3381293575620853
0.3268526932079997
0.35472295119957886
0.3278648759159969
0.3268526932079997
0.3268526932079997
0.3268773888075124
0.3268526932079997
0.3268526932079997
0.3268773888075124
0.3268526932079997
0.3268526932079997
0.3268526932079997
0.3268526932079997
0.3268526932079997
0.32895679859648314
0.3268526932079997
0.3268526932079997
0.3268773888075124
0.3268526932079997
0.3268773888075124
0.3268526932079997
0.3268526932079997
0.3268773888075124
0.3268773888075124
0.3268526932079997
0.3268526932079997
0.3268526932079997
0.3268526932079997
0.3268526932079997
0.3268526932079997
0.3268526932079997
0.32685331551016994
0.3268526932079997
0.3268526932079997
0.32685276796588414
0.32685276796588414
0.3268526932079997
0.3268526932079997
0.3268526932079997
0.9504664068299455
0.3268526932079997
0.3268526932079997
0.3268526932079997
0.32685276796588414
0.3268526932079997
0.32685276796588414
0.3268526932079997
0.3268526932079997
0.3268526932079997
0.3268526932079997
0.3268773888075124
0.3268526932079997
0.5537382944972735
0.3268773888075124
0.3268526932079997
0.7957640537600177
0.3268773888075124
0.3268773888075124
0.32685276796588414
0.3268526932079997
0.3268526932079997
0.3268526932079997
0.3268526932079997
0.3268703252912324
0.3268526932079997
0.3268773888075124
0.3268526932079997
0.32857866224046145
0.7957887493595304
0.3268526932079997
0.3268526932079997
0.3268773888075124
0.3268526932079997
0.3268526932079997
0.3268773888075124
0.3268526932079997
0.3268526932079997
0.32857866224046145
0.3268526932079997
0.3268526932079997
0.3268526932079997
0.8912319881690218
0.3268526932079997
0.3268526932079997
0.3268526932079997
0.3268526932079997
0.3268526932079997
0.3268526932079997
0.5239048928593155
0.3268773888075124
0.3268526932079997
0.3268526932079997
0.3268526932079997
0.3268526932079997
0.3268526932079997
0.3268526932079997
0.3268526932079997
0.3268526932079997
0.3268773888075124
0.3268526932079997
0.3268773888075124
0.32685276796588414
0.3268526932079997
0.3268773888075124
0.3268526932079997
0.3268526932079997
0.3268526932079997
0.3268526932079997
0.3268526932079997
0.3268526932079997
0.3268526932079997
1.4414395809566978
0.32860335783997413
0.3268526932079997
0.3268526932079997
0.3268526932079997
0.3268526932079997
0.326935586272043
0.3268526932079997
0.3268526932079997
0.3268526932079997
0.3268526932079997
0.3268526932079997
0.32693566102992744
0.3268773888075124
0.3268526932079997
0.3268526932079997
0.3268526932079997
0.3268526932079997
0.3268526932079997
0.3268526932079997
0.3268773888075124
0.3268526932079997
0.3268526932079997
0.3268526932079997
0.3268773888075124
0.32857866224046145
0.3268526932079997
0.3285886732442594
0.3268526932079997
0.3268526932079997
0.5239048928593155
0.3268526932079997
0.3268773888075124
0.3268526932079997
0.3268526932079997
0.3268526932079997
0.32685276796588414
0.3268526932079997
0.3268526932079997
0.3268526932079997
0.3268526932079997
0.3268526932079997
0.32685276796588414
0.3268773888075124
0.3268526932079997
0.3268526932079997
0.32685276796588414
0.3284225147943169
0.33853762193752435
0.3268526932079997
0.3268703252912324
0.3268526932079997
0.3268526932079997
0.3268773888075124
0.3268526932079997
0.3268526932079997
0.3268526932079997
0.3268526932079997
0.3268526932079997
0.3268526932079997
0.3268526932079997
0.3268526932079997
0.3268526932079997
0.3268526932079997
0.33853762193752435
0.3268526932079997
0.32685276796588414
0.3268526932079997
0.32685331551016994
0.3268526932079997
0.3297909531360319
0.3268526932079997
0.3268526932079997
0.3268526932079997
0.3268526932079997
0.326935586272043
0.3268526932079997
0.3268526932079997
0.3268526932079997
0.3268774635653968
0.3268526932079997
0.32685276796588414
0.3268526932079997
0.3268774635653968
0.3268773888075124
0.3268526932079997
0.3268526932079997
0.3268526932079997
0.3268526932079997
0.3268526932079997
0.3268526932079997
0.3268526932079997
0.3268526932079997
0.32895679859648314
0.3268774635653968
0.3268703252912324
1.4414391584149269
0.3268526932079997
0.3268526932079997
0.32857866224046145
0.5535227430530666
0.32741374717266536
0.3268526932079997
0.3268526932079997
0.3268703252912324
0.3268526932079997
0.3268526932079997
0.3268703252912324
0.3268526932079997
0.7957640537600177
0.3268773888075124
0.3268526932079997
0.32685331551016994
0.3268526932079997
0.3268526932079997
0.3268773888075124
0.32685276796588414
0.3268526932079997
0.32685276796588414
0.3268526932079997
0.3268774635653968
0.3268526932079997
0.3268526932079997
0.584586695478684
0.3268526932079997
0.7957640537600177
0.3268526932079997
0.3278401803164842
0.3268773888075124
0.3268526932079997
0.3268526932079997
0.326935586272043
0.3268526932079997
0.3268526932079997
0.3268526932079997
0.3268526932079997
0.3268526932079997
0.3268526932079997
0.3268526932079997
0.3268526932079997
0.3268774635653968
0.3268526932079997
0.3268526932079997
0.3268526932079997
0.3268526932079997
0.3268703252912324
0.32741374717266536
0.3268526932079997
0.3268773888075124
0.3268526932079997
0.3278401803164842
0.32691096543041476
0.3268774635653968
0.3268526932079997
0.3268526932079997
0.3268773888075124
0.3268526932079997
0.3268526932079997
0.3268526932079997
0.3268526932079997
0.3268526932079997
0.3283978191948042
0.32743137925589805
0.3268526932079997
0.3268526932079997
0.3268526932079997
0.3268526932079997
0.3268526932079997
0.3268526932079997
0.3268526932079997
0.3268526932079997
0.3268526932079997
0.3268526932079997
0.3268526932079997
0.3268526932079997
0.3268526932079997
0.3268526932079997
0.3268526932079997
0.326935586272043
0.3268526932079997
0.32685276796588414
0.3268526932079997
0.3268773888075124
0.3268526932079997
0.3268703252912324
0.3268773888075124
0.3268526932079997
0.7957640537600177
0.3268773888075124
0.3268526932079997
0.32857866224046145
0.3268526932079997
0.3268526932079997
0.32685276796588414
0.3268773888075124
0.3268526932079997
0.3268526932079997
0.3268526932079997
0.3268526932079997
0.3268773888075124
0.32685276796588414
0.3268526932079997
0.3268526932079997
0.3268526932079997
0.7960593030960443
0.3268703252912324
0.32685276796588414
0.3268526932079997
0.3268526932079997
0.3268526932079997
0.3268526932079997
0.3268526932079997
0.32685276796588414
0.3268526932079997
0.3268526932079997
0.3268526932079997
0.3268526932079997
0.3268526932079997
0.3268526932079997
0.3268773888075124
0.3268773888075124
0.3268526932079997
0.3268526932079997
0.3268526932079997
0.3268773888075124
0.3268526932079997
0.3268526932079997
0.3268526932079997
0.3268526932079997
0.3268526932079997
0.3268526932079997
0.3268526932079997
0.3268526932079997
0.5239048928593155
0.3268526932079997
0.3268774635653968
0.3268526932079997
0.3268773888075124
0.3268526932079997
0.3268526932079997
0.3268526932079997
0.3268526932079997
0.3268526932079997
0.3268526932079997
0.3268526932079997
0.3268526932079997
0.32685276796588414
0.32685276796588414
0.3268526932079997
0.3268526932079997
0.34713481053984085
0.3268526932079997
0.3465917896553624
0.3268773888075124
0.3297732462949148
0.3268526932079997
0.3268526932079997
0.3268526932079997
0.3268526932079997
0.3268773888075124
0.3268526932079997
0.3268773888075124
0.3268526932079997
0.3268526932079997
0.3268773888075124
0.3268703252912324
0.32784025507436865
0.3268526932079997
0.3268526932079997
0.3268526932079997
0.3268526932079997
0.3268526932079997
0.8676094949449146
0.3268773888075124
0.3268526932079997
0.3268526932079997
0.32685276796588414
0.3268526932079997
0.326935586272043
0.32857866224046145
0.3268526932079997
0.3268526932079997
0.3268773888075124
0.3268526932079997
0.3268526932079997
0.3268526932079997
0.3268526932079997
0.3268526932079997
0.32895679859648314
0.32685276796588414
0.3268526932079997
0.3268526932079997
0.3268526932079997
0.3268773888075124
0.3268526932079997
0.3268526932079997
0.32685276796588414
0.3268526932079997
0.3268526932079997
0.3268703252912324
0.3268526932079997
0.3268773888075124
0.3268526932079997
0.3268526932079997
0.3268773888075124
0.3268526932079997
0.3268526932079997
0.3268526932079997
0.3268526932079997
0.3268526932079997
0.3268773888075124
0.3268526932079997
0.3268526932079997
0.3268526932079997
0.3268773888075124
0.3465490609756625
0.3268526932079997
0.3268526932079997
0.32685276796588414
0.3268526932079997
0.35478107390622504
0.3268526932079997
0.7957640537600177
0.3268526932079997
0.3283985300784361
0.3268526932079997
0.3278401803164842
0.3268526932079997
0.3268526932079997
0.32685276796588414
0.3268526932079997
0.3465490609756625
0.3268526932079997
0.3268773888075124
0.3268526932079997
0.3268773888075124
0.3268773888075124
0.3268526932079997
0.3268526932079997
0.3268526932079997
0.3268526932079997
0.3268526932079997
0.3268526932079997
0.3268526932079997
0.3268773888075124
0.3268526932079997
0.3268526932079997
0.3268526932079997
0.3268526932079997
0.3268773888075124
0.3268526932079997
0.32685276796588414
0.3268526932079997
0.3268526932079997
0.3268526932079997
0.3268526932079997
0.3268526932079997
0.32685276796588414
0.3268526932079997
0.32685276796588414
0.3268704000491168
0.3268773888075124
0.3268526932079997
0.3268526932079997
0.3293075900510125
0.32685276796588414
0.3268773888075124
0.3268526932079997
0.3268526932079997
0.3268526932079997
0.3285787369983459
0.3268773888075124
0.35314234924509325
0.3268526932079997
0.3381293575620853
0.3268526932079997
0.32685276796588414
0.3268526932079997
0.3268703252912324
0.3268526932079997
0.3268773888075124
0.3268526932079997
0.3268773888075124
0.3268526932079997
0.3268526932079997
0.32685276796588414
0.32685276796588414
0.3268526932079997
0.3268773888075124
0.3465490609756625
0.3268526932079997
0.3268526932079997
0.3268526932079997
0.326935586272043
0.3268526932079997
0.3268526932079997
0.3268526932079997
0.3268526932079997
0.3268526932079997
0.3268773888075124
0.3268526932079997
0.3268526932079997
0.3268526932079997
0.3284225147943169
0.3268526932079997
0.3268526932079997
0.3268526932079997
0.3268526932079997
0.3268526932079997
0.3268526932079997
0.3268773888075124
0.3268773888075124
0.3268526932079997
0.3268526932079997
0.3268526932079997
0.3268526932079997
0.3268526932079997
0.3268773888075124
0.3268526932079997
0.3268526932079997
0.32685276796588414
0.3268526932079997
0.3268526932079997
0.3268526932079997
0.3268773888075124
0.3268526932079997
0.3268526932079997
0.3268526932079997
0.7903719829432181
0.5821300838432796
0.3268773888075124
0.3268526932079997
0.3268526932079997
0.5239048928593155
0.3268526932079997
0.3268526932079997
0.3268526932079997
0.3268526932079997
0.3268526932079997
0.3268526932079997
0.3268526932079997
0.3268526932079997
0.3268773888075124
0.3268773888075124
0.3268526932079997
0.3268526932079997
0.3268526932079997
0.3268526932079997
0.3268526932079997
0.3268526932079997
0.3268526932079997
1.4414391584149269
0.3268526932079997
0.32685276796588414
0.3268526932079997
0.3268526932079997
0.3268526932079997
0.3268526932079997
0.3268526932079997
0.3268526932079997
0.3268526932079997
0.3268526932079997
0.3268526932079997
0.3268526932079997
0.3268526932079997
0.3268703252912324
0.326935586272043
0.3268773888075124
0.3268526932079997
0.7957640537600177
0.3269108906725303
0.3268526932079997
0.3268526932079997
0.3268773888075124
0.3268526932079997
0.3268526932079997
0.3268526932079997
0.3268773888075124
0.3268526932079997
0.3268526932079997
0.3268526932079997
0.33853762193752435
0.3268526932079997
0.3268773888075124
0.3268773888075124
0.3268526932079997
0.3268773888075124
0.3268526932079997
0.3268526932079997
0.3268703252912324
0.3268526932079997
0.3268526932079997
0.3268526932079997
0.3268526932079997
0.3268526932079997
0.3268526932079997
0.3268526932079997
0.3268526932079997
0.3268526932079997
0.3268526932079997
0.3268526932079997
0.3268526932079997
0.3268526932079997
0.3292246969869691
0.3268526932079997
0.3268526932079997
0.3268526932079997
0.32685276796588414
0.35474058328281155
0.35472295119957886
0.3268773888075124
0.3268703252912324
0.3268526932079997
0.3268773888075124
0.3268526932079997
0.3268526932079997
1.4414395809566978
0.3292828944514998
0.5668283563853936
0.3268526932079997
0.3268773888075124
0.3268526932079997
0.32685276796588414
0.3268526932079997
1.4414396912489809
1.4172750258553568
0.3268526932079997
0.33853762193752435
0.3268526932079997
0.3268526932079997
0.3268780111096826
0.3268526932079997
0.3268526932079997
0.3269108906725303
0.3268526932079997
0.3268526932079997
0.33218765251451404
0.3268703252912324
0.3268703252912324
0.3268526932079997
0.32685276796588414
0.3268526932079997
0.3268526932079997
0.3268526932079997
0.3268526932079997
0.3268526932079997
0.3268526932079997
0.3268526932079997
0.3268526932079997
0.3268526932079997
0.326935586272043
0.3268526932079997
0.3268526932079997
0.32685276796588414
0.3268526932079997
0.3268526932079997
0.3268526932079997
0.3268526932079997
0.3268526932079997
0.3268526932079997
0.3268526932079997
1.4414401137907518
0.3269108906725303
0.3268773888075124
0.3268526932079997
0.3268526932079997
0.3268526932079997
0.3268526932079997
0.3268526932079997
0.3268526932079997
0.3268773888075124
0.3268526932079997
0.3268526932079997
0.3268526932079997
0.3268773888075124
0.3268526932079997
0.3268526932079997
0.3268526932079997
0.32685331551016994
0.3268526932079997
0.3268526932079997
0.3268526932079997
0.3268526932079997
0.3268526932079997
0.3268773888075124
0.3268526932079997
0.3268526932079997
0.32685276796588414
0.32685276796588414
0.3268773888075124
0.3268526932079997
0.3268526932079997
0.3268526932079997
0.3268526932079997
0.3268773888075124
0.3268526932079997
0.3268773888075124
0.3268526932079997
0.32689502089074507
0.3268526932079997
0.3268526932079997
0.3268526932079997
0.3268526932079997
0.3268526932079997
0.32685276796588414
0.3268773888075124
0.3268526932079997
0.32691096543041476
0.3268526932079997
0.3268526932079997
0.3268526932079997
0.3268773888075124
0.3268526932079997
0.3268526932079997
0.3268526932079997
0.3297732462949148
0.3268526932079997
0.3268526932079997
0.3268526932079997
0.32685276796588414
0.3268526932079997
0.32685276796588414
0.3268526932079997
0.3268526932079997
0.3268773888075124
0.3268773888075124
0.3268526932079997
0.3268526932079997
0.3268526932079997
0.32685276796588414
0.3268526932079997
0.3268526932079997
0.3269108906725303
0.3268526932079997
0.3268526932079997
0.3268526932079997
0.3297732462949148
0.3268526932079997
0.3268526932079997
0.3268526932079997
0.3268526932079997
0.3268526932079997
0.3268526932079997
0.3268526932079997
0.3268526932079997
0.32685276796588414
0.3268526932079997
0.3268526932079997
0.338595819402055
0.3268526932079997
0.35474058328281155
0.32685276796588414
0.3268703252912324
0.3268526932079997
0.3268526932079997
0.5822683525031688
0.3268703252912324
0.3268526932079997
0.32685276796588414
0.3268774635653968
0.3268526932079997
0.3268526932079997
0.32685276796588414
0.3268526932079997
0.3471101149403282
0.3268526932079997
0.3268703252912324
0.5821300838432796
0.32685276796588414
0.3268526932079997
0.3268526932079997
0.3268526932079997
0.3268526932079997
0.3268773888075124
0.3268773888075124
1.4414391584149269
0.3268773888075124
0.3268774635653968
0.3268526932079997
0.3268526932079997
0.3268526932079997
0.3268526932079997
0.3269108906725303
0.3268526932079997
0.5535227430530666
0.3268526932079997
0.3268526932079997
0.3268526932079997
0.3268526932079997
