0.32685331551016994
0.32687808586756706
0.32685276796588414
0.32687808586756706
0.3268780111096826
0.3268533902680544
0.32687808586756706
0.3268533902680544
0.32685331551016994
0.32685331551016994
0.32693628333209773
0.3268780111096826
0.3465684272416519
0.32687808586756706
0.3268780111096826
0.3268533902680544
0.32687808586756706
0.32685331551016994
0.32687808586756706
0.3268533902680544
0.3268533902680544
0.32687808586756706
0.32687808586756706
0.3268780111096826
0.7957619563172333
0.3268780111096826
0.5668540055745103
1.4414406550323204
0.3268709475934026
0.3268774635653968
0.3268533902680544
0.3269362085742133
0.3268533902680544
0.3268526932079997
0.3268780111096826
0.3268533902680544
0.9504841352512371
0.3268780111096826
0.32685331551016994
0.32687808586756706
0.3268533902680544
0.32685331551016994
0.3268780111096826
0.3268533902680544
0.3268533902680544
0.3268780111096826
0.3268780111096826
0.32687808586756706
0.3268780111096826
0.32687808586756706
0.3547235735017491
1.4414516063343241
0.3268780111096826
0.3268780111096826
0.3268780111096826
0.3268533902680544
0.33856293983920727
0.3268533902680544
0.32687808586756706
0.3268780111096826
0.3268533902680544
0.3268533902680544
0.32687808586756706
0.3268780111096826
0.32687808586756706
0.3268773888075124
0.32685331551016994
0.32687808586756706
0.3297985641965977
0.424502549557169
0.3268533902680544
0.3268780111096826
0.32687808586756706
0.32685331551016994
0.32687808586756706
0.32687808586756706
0.32685331551016994
0.32685331551016994
0.3268780111096826
0.8912250209908006
0.3268780111096826
0.9504831816616331
0.3268703252912324
0.3268533902680544
1.4414395809566978
0.32786557297605157
0.32687808586756706
0.32685331551016994
0.3268780111096826
0.3268780111096826
0.3268533902680544
0.32685331551016994
0.32687808586756706
0.32685276796588414
0.3268533902680544
0.32685331551016994
0.32685331551016994
0.3268533902680544
0.32687808586756706
0.3268533902680544
0.32685331551016994
0.32685331551016994
0.3268533902680544
0.32687808586756706
0.3268774635653968
0.32685331551016994
0.32689571795079975
0.32685276796588414
0.32687808586756706
0.3268780111096826
0.32687808586756706
0.32687808586756706
0.32687808586756706
0.3268533902680544
0.3268533902680544
0.32687808586756706
0.32685331551016994
0.3268780111096826
0.35472349874386466
0.32685331551016994
0.3292594035902798
0.3268533902680544
0.42447209229021443
0.3268780111096826
0.34711081200038285
0.32687808586756706
0.3268533902680544
0.32687808586756706
0.32687808586756706
0.3268533902680544
0.3268533902680544
0.9504594396517244
0.33853816948181015
0.3268533902680544
0.32687808586756706
0.32786495067388133
0.3465684272416519
0.9504594396517244
0.3268773888075124
0.32687102235128707
0.32687808586756706
0.32685331551016994
0.3268533902680544
0.3268773888075124
0.32693628333209773
0.3268780111096826
0.32687808586756706
0.32687808586756706
0.3268533902680544
0.32685331551016994
0.32687808586756706
0.32685331551016994
0.35474819434337734
0.3268533902680544
0.3268533902680544
0.3268533902680544
0.32687808586756706
0.32687808586756706
0.32687808586756706
0.3268533902680544
0.32687808586756706
0.5845879953608247
0.32687808586756706
0.3646415013991626
0.7961282081811579
0.32687808586756706
0.9504673604195495
0.32685331551016994
0.32687808586756706
0.3268533902680544
0.3268526932079997
0.32685331551016994
0.32687808586756706
0.3268533902680544
0.34654968327783275
0.3268780111096826
0.3268533902680544
0.32687808586756706
0.3268533902680544
0.3385395345599872
0.3268774635653968
0.32687808586756706
0.3268533902680544
0.32685331551016994
0.32685276796588414
0.32687808586756706
0.32687808586756706
0.3322399912269296
0.3268533902680544
0.32687808586756706
0.32685331551016994
0.3268533902680544
0.3268774635653968
0.7957372607177207
0.3268533902680544
0.37791429878925986
0.32685331551016994
0.32687808586756706
0.32685331551016994
0.3268533902680544
0.3268780111096826
0.32687808586756706
0.3268533902680544
0.9504841352512371
0.32687808586756706
0.32687808586756706
0.32687808586756706
0.3268533902680544
1.2333960482099142
0.32687808586756706
0.8912250209908006
0.3268533902680544
0.4468490133558735
0.3268533902680544
0.32687808586756706
0.3268533902680544
0.3268780111096826
0.32687808586756706
0.5668293099749976
0.3268780111096826
0.32687808586756706
0.3268533902680544
0.32687808586756706
0.32685276796588414
0.3268780111096826
0.32687102235128707
0.33853816948181015
0.32687808586756706
0.3268780111096826
0.3268533902680544
0.32685331551016994
0.3278408773765389
0.3268533902680544
0.32687808586756706
0.3268533902680544
0.3268709475934026
0.3278990000831851
0.32687808586756706
0.32687808586756706
0.33856293983920727
0.32687808586756706
0.32687808586756706
0.9420300263706736
0.32685276796588414
0.3268533902680544
0.3268780111096826
0.3268774635653968
0.32687808586756706
0.32687808586756706
0.3268533902680544
0.7957371859598362
0.32687808586756706
0.3268780111096826
0.3268780111096826
0.32687808586756706
0.35474819434337734
0.3268774635653968
0.8912487630007094
0.32842526465256483
0.3268780111096826
0.3268780111096826
0.3268526932079997
0.7957618815593489
0.32687808586756706
0.7957618815593489
0.3268533902680544
0.32685276796588414
0.5821313837254203
0.32977394335496946
0.3381547502216527
0.523874435592361
0.32687808586756706
0.32687808586756706
0.3268533902680544
0.3268533902680544
0.32687808586756706
0.32687808586756706
0.32685331551016994
0.32685331551016994
0.3268780111096826
0.3268956431929153
0.3268533902680544
0.32687808586756706
0.32687808586756706
0.33813005462214
0.3292246969869691
0.32687808586756706
0.3268533902680544
0.32687808586756706
0.32786557297605157
0.35474764679909154
0.8918090477825678
0.3268533902680544
0.32687808586756706
0.3285887480021438
0.7957371859598362
0.3402735272158996
0.3268774635653968
0.9504831816616331
0.8913873420193058
0.3268780111096826
0.32685331551016994
0.32685331551016994
0.32687808586756706
0.32687808586756706
0.3268533902680544
0.32685276796588414
0.32685331551016994
0.32685276796588414
0.3268780111096826
0.3268780111096826
0.3268533902680544
0.32685331551016994
0.5669926205269363
0.3381547502216527
0.3268533902680544
0.3268533902680544
0.35476590118449447
0.3385375471796399
0.32685331551016994
0.3268533902680544
0.3268533902680544
0.3268533902680544
0.3268533902680544
0.3268780111096826
0.3268533902680544
0.32685331551016994
0.3268533902680544
1.4414516063343241
0.3268533902680544
0.32685276796588414
0.3268780111096826
0.32687808586756706
0.3268774635653968
0.3268780111096826
0.8912240674011968
0.32861344360165656
0.32687808586756706
0.32687808586756706
0.3268780111096826
0.3268774635653968
0.5668543518670471
0.32687808586756706
0.3268526932079997
0.3268533902680544
0.3268780111096826
0.32691151297470056
0.32687808586756706
0.32685276796588414
0.32784080261865445
0.32687808586756706
0.3268780111096826
0.42447138140658247
0.32685331551016994
0.3268526932079997
0.3268533902680544
0.3268780111096826
0.32687808586756706
0.32685331551016994
0.3268533902680544
0.32687808586756706
0.34713550759989553
0.32786557297605157
0.32685331551016994
0.32687808586756706
0.3268773888075124
0.3268533902680544
0.9801062888466328
0.3269362085742133
0.32979863895448214
0.3268533902680544
1.4414510735002701
0.5537079119882033
0.32685276796588414
0.424502549557169
0.32685331551016994
0.3268533902680544
0.3268774635653968
0.3268533902680544
0.5298112775578556
0.32687808586756706
0.3268780111096826
0.32687808586756706
0.32687808586756706
0.32687808586756706
0.3381299798642556
0.3268533902680544
0.32687808586756706
0.32786557297605157
0.3268533902680544
0.32687102235128707
0.32687808586756706
0.35474819434337734
0.3268533902680544
0.3268780111096826
0.3268533902680544
0.34654968327783275
0.3268780111096826
0.3268533902680544
0.3268533902680544
0.3465497580357172
0.32685331551016994
0.3268533902680544
0.32687808586756706
0.32685331551016994
1.4414520288760948
0.3268774635653968
0.3268774635653968
0.3268533902680544
0.3268774635653968
0.3268533902680544
0.32687808586756706
0.32687808586756706
0.32687808586756706
0.3268780111096826
0.32687808586756706
0.32786549821816713
0.3268780111096826
0.5240900617944523
0.32923470799076704
0.32687808586756706
0.3268780111096826
0.3269539154153305
0.3268780111096826
0.3268533902680544
0.32685331551016994
0.32687808586756706
0.3268533902680544
0.32687808586756706
0.3268533902680544
0.3268533902680544
0.5668306098571383
0.32687808586756706
0.3268533902680544
0.3268533902680544
0.3268780111096826
0.32687808586756706
0.32685331551016994
0.32687808586756706
0.8548760890792297
0.32687808586756706
0.32685331551016994
0.3268533902680544
0.3268773888075124
0.32687808586756706
0.32687808586756706
0.32687808586756706
0.3268780111096826
0.3268780111096826
0.32685276796588414
0.3268533902680544
0.8676073227442458
0.3268533902680544
0.3268780111096826
0.3268533902680544
0.3268533902680544
0.3278648759159969
0.32786557297605157
0.32687808586756706
0.32693628333209773
0.3268533902680544
0.3465684272416519
0.32685331551016994
0.3268533902680544
0.32687808586756706
0.3268533902680544
0.3268780111096826
0.32687808586756706
0.3268774635653968
0.3268773888075124
0.3268533902680544
0.32687808586756706
0.32861344360165656
0.33856286508132283
0.3268774635653968
0.32687808586756706
0.42427718058629993
0.32685331551016994
0.33856286508132283
0.32685276796588414
0.32687808586756706
0.32687808586756706
0.3286133688437721
0.32687808586756706
0.3465684272416519
0.32685331551016994
0.3268780111096826
0.32685331551016994
0.32842384798011903
0.32685331551016994
0.8912240674011968
0.3268533902680544
0.3268533902680544
0.3268533902680544
0.32685331551016994
0.3268533902680544
0.3268780111096826
0.32687808586756706
0.3268780111096826
0.32687808586756706
0.32687102235128707
0.3268533902680544
0.3278648759159969
0.3283978191948042
0.3381547502216527
0.33813005462214
0.32786557297605157
0.32685331551016994
0.32687808586756706
0.32784080261865445
0.32786557297605157
0.3268533902680544
0.35472349874386466
0.32687808586756706
0.32687808586756706
0.32687808586756706
0.3268533902680544
0.42447209229021443
0.3268780111096826
0.32687808586756706
0.32687808586756706
0.3268774635653968
0.3268780111096826
0.3268780111096826
0.3268533902680544
0.35474764679909154
0.3268533902680544
0.3268773888075124
0.7960077396963502
0.3268780111096826
0.34657437887734543
0.3268533902680544
0.32685331551016994
0.7957372607177207
0.891394309197527
0.32687808586756706
0.3465744536352299
0.35472349874386466
0.32693628333209773
0.3268526932079997
0.32687808586756706
0.32687808586756706
0.3268774635653968
0.32687808586756706
0.3268533902680544
0.32687102235128707
0.3268533902680544
0.32685331551016994
0.32687808586756706
0.32687808586756706
0.32687808586756706
0.3268533902680544
0.9504831816616331
0.32687808586756706
0.32687808586756706
0.3268533902680544
0.3268780111096826
0.32685331551016994
0.32687808586756706
0.3268533902680544
0.32687808586756706
0.33856293983920727
0.3268533902680544
0.3268533902680544
0.32685331551016994
0.3268533902680544
0.3268780111096826
0.32687808586756706
0.3268533902680544
0.32687808586756706
0.3268533902680544
0.32687808586756706
0.3268774635653968
0.3268780111096826
0.3268533902680544
0.3268533902680544
0.3268533902680544
0.32685331551016994
0.3268780111096826
0.32687808586756706
0.32685331551016994
0.32685331551016994
1.4414514960420408
0.32685331551016994
0.32687808586756706
0.32685331551016994
0.33815467546376826
0.3268774635653968
0.3268780111096826
0.3268774635653968
0.3268526932079997
0.3268533902680544
0.3268533902680544
0.3268780111096826
0.32687808586756706
0.3268533902680544
0.32687808586756706
0.32687808586756706
0.3268780111096826
0.32687808586756706
0.7957618815593489
0.3268533902680544
0.32685331551016994
0.32687808586756706
0.3268533902680544
0.8912497165903133
0.32687808586756706
0.3268533902680544
0.3268533902680544
0.32693628333209773
0.32687808586756706
0.3547817709662797
0.3268533902680544
0.32687808586756706
0.3268773888075124
0.3268533902680544
0.3268533902680544
0.32979863895448214
0.34659312284116456
0.32687808586756706
0.32687808586756706
0.32685331551016994
0.3268780111096826
1.4414516063343241
0.32685331551016994
0.32687808586756706
0.3268533902680544
0.8912319881690218
0.3268533902680544
0.32685331551016994
0.32685276796588414
0.32687808586756706
0.3268780111096826
0.3268780111096826
0.32685331551016994
0.3268780111096826
0.3268533902680544
0.32693566102992744
0.3268533902680544
0.32687808586756706
0.32685331551016994
0.3268533902680544
0.3268526932079997
0.32685331551016994
0.32687808586756706
0.3268533902680544
0.3268533902680544
0.32685331551016994
0.3268533902680544
0.32687808586756706
0.32687808586756706
0.32687808586756706
0.32687808586756706
0.3268533902680544
0.33856293983920727
0.32687808586756706
0.3268780111096826
0.32685276796588414
0.3268533902680544
0.32977394335496946
0.3268780111096826
0.3268774635653968
0.3268533902680544
0.32687808586756706
0.32687808586756706
0.3268533902680544
0.32685331551016994
0.3268780111096826
0.32685331551016994
0.32687808586756706
0.3268780111096826
0.3268773888075124
0.32687808586756706
0.3268533902680544
0.3268533902680544
0.32685331551016994
0.32693628333209773
0.3268780111096826
0.3268533902680544
0.3268533902680544
0.32687808586756706
0.3268774635653968
0.3268533902680544
0.32687808586756706
0.3547482691012618
0.3268533902680544
0.3268709475934026
0.3268533902680544
0.32687808586756706
0.32685331551016994
0.32687808586756706
0.32687808586756706
0.3471107372424984
0.3268533902680544
0.32685331551016994
0.32685276796588414
0.32685331551016994
0.32687808586756706
0.3268533902680544
0.3268780111096826
0.3268533902680544
0.32687808586756706
0.5238745103502453
0.34711081200038285
0.3638408033792545
0.3269291450579333
0.3268533902680544
0.32687808586756706
0.3268533902680544
0.3268780111096826
0.32685331551016994
0.32687808586756706
0.3268533902680544
0.3286133688437721
0.3268773888075124
0.3268533902680544
0.32687808586756706
0.566855305456651
0.32687808586756706
0.32685331551016994
0.32687808586756706
0.32685331551016994
0.32687808586756706
0.32687808586756706
0.32687808586756706
0.3268533902680544
0.32979863895448214
0.3268533902680544
0.32685331551016994
0.3268780111096826
0.32687808586756706
0.3268780111096826
0.32687808586756706
0.3268533902680544
0.3547235735017491
0.3286133688437721
0.3268773888075124
0.32685331551016994
0.3268533902680544
1.4414510735002701
0.3268780111096826
0.3268526932079997
0.3268533902680544
0.3268533902680544
0.3268533902680544
0.32687808586756706
0.3298162710377149
0.3268533902680544
0.32687808586756706
0.3268533902680544
0.3381553434818907
0.32687808586756706
0.3268533902680544
0.3268533902680544
0.3268533902680544
0.3268780111096826
1.4414510735002701
0.32685331551016994
0.3268774635653968
0.32687808586756706
0.32687808586756706
0.3268533902680544
0.3268533902680544
0.32685331551016994
0.32687808586756706
0.9515105889734923
0.6751829755180305
0.3268533902680544
0.32687808586756706
0.3268533902680544
0.3268774635653968
0.32685331551016994
0.3268533902680544
0.32685331551016994
0.3268533902680544
0.3268780111096826
0.3268533902680544
0.3268533902680544
0.32685331551016994
0.3285886732442594
0.32687808586756706
0.3268533902680544
0.3268526932079997
0.34659241195753265
0.3268533902680544
0.3268533902680544
0.32685331551016994
0.3268533902680544
0.3298162710377149
0.3268780111096826
0.3268533902680544
0.3268533902680544
0.3268773888075124
0.3268773888075124
0.3268533902680544
0.3268533902680544
0.3268533902680544
0.32687808586756706
0.32687808586756706
0.9504841352512371
0.3268774635653968
0.32687808586756706
0.44706527568371224
0.32685331551016994
0.32685331551016994
0.32685331551016994
0.3268780111096826
0.3268533902680544
0.3268533902680544
0.3268780111096826
0.3268533902680544
0.3268533902680544
0.32685331551016994
0.32685331551016994
0.32687808586756706
0.3268533902680544
0.32685331551016994
0.3268533902680544
0.3268533902680544
0.32687808586756706
0.5668540055745103
0.32687808586756706
0.3268780111096826
0.32687808586756706
0.3268533902680544
0.32685276796588414
0.32687808586756706
0.3268709475934026
0.3298162710377149
0.7957618815593489
0.32685331551016994
0.32687808586756706
0.32685331551016994
0.3268533902680544
0.7960076649384658
0.4468497242395054
0.32687808586756706
0.32687808586756706
0.3268780111096826
0.32689571795079975
0.3268533902680544
0.32687808586756706
0.32687808586756706
0.32687808586756706
0.3268533902680544
0.32685331551016994
0.32685331551016994
0.3268533902680544
0.3268709475934026
0.7957618815593489
0.3268780111096826
0.3268774635653968
0.566855305456651
0.32685276796588414
0.3268780111096826
0.32687808586756706
0.3268526932079997
0.3268774635653968
0.3268533902680544
0.3268780111096826
0.32687808586756706
0.3268774635653968
0.3268780111096826
0.3269362085742133
0.3268533902680544
0.3283985300784361
0.3268780111096826
0.566855305456651
0.32685276796588414
0.3268533902680544
0.7957619563172333
0.3268780111096826
0.32685276796588414
0.3268533902680544
0.3268780111096826
0.34659312284116456
0.7957619563172333
0.5668543518670471
0.3268780111096826
1.0348308740795553
0.44706527568371224
0.32685331551016994
0.3268533902680544
0.3268780111096826
0.3268533902680544
0.32687808586756706
0.32687808586756706
0.32687808586756706
0.32861344360165656
0.3268533902680544
0.3268533902680544
0.32687808586756706
0.32687808586756706
0.3268780111096826
0.42447138140658247
0.3268774635653968
0.3381299798642556
0.3268774635653968
0.3268533902680544
0.32687808586756706
0.32979863895448214
0.3268780111096826
0.32687808586756706
0.3268533902680544
0.3268780111096826
0.3268533902680544
0.32687808586756706
0.3268780111096826
0.3268533902680544
0.32687808586756706
0.32685331551016994
0.32687808586756706
0.32687808586756706
0.3268533902680544
0.3268533902680544
0.3268533902680544
0.3284232256779488
0.32687808586756706
0.32861344360165656
0.3268533902680544
0.32685331551016994
1.4414510735002701
0.32687808586756706
0.3268533902680544
0.32687808586756706
0.7459664298629142
0.32685331551016994
0.32687808586756706
0.3268709475934026
0.3268780111096826
0.32979863895448214
0.32687808586756706
0.32687808586756706
0.3268780111096826
0.32687808586756706
0.3268533902680544
0.3268533902680544
0.3268533902680544
0.9327997317759765
0.7960323605379784
0.3268780111096826
0.32687808586756706
0.32786557297605157
0.32685331551016994
0.4242565408460075
0.3284399900425753
0.32687808586756706
0.5926321012453657
0.32687808586756706
0.32687808586756706
0.32687808586756706
0.32687808586756706
0.32687808586756706
0.3268533902680544
0.33813005462214
0.5668306098571383
0.5821323373150242
0.32687808586756706
0.3385382442396946
0.32685331551016994
0.3278990000831851
0.3268533902680544
0.3268533902680544
0.3268533902680544
0.32685331551016994
0.8917843521830551
0.3268533902680544
0.3268533902680544
0.3268780111096826
0.33813005462214
0.3547235735017491
0.32687808586756706
0.3268533902680544
0.3268533902680544
0.7960324352958629
0.32685331551016994
0.3268533902680544
0.32687808586756706
0.32979863895448214
0.32786495067388133
0.32687808586756706
0.32687808586756706
0.3268533902680544
0.32685331551016994
0.35011435405129143
0.3268533902680544
0.32687808586756706
0.32685331551016994
0.32687808586756706
0.32687808586756706
0.35474819434337734
0.32687808586756706
0.3268780111096826
0.3268533902680544
0.3268780111096826
0.32685331551016994
0.3268773888075124
0.3268533902680544
0.3268533902680544
0.32687808586756706
