0.3268533902680544
0.3547235735017491
0.32687808586756706
0.3268526932079997
0.3268533902680544
0.32693628333209773
0.32685331551016994
0.3268533902680544
0.3292494673443662
0.3268780111096826
0.326911587732585
0.3268526932079997
0.32685276796588414
0.32884362495678165
0.3283985300784361
0.32685276796588414
0.32685276796588414
0.5652723822704162
0.32687808586756706
0.3268774635653968
0.7957619563172333
0.32685331551016994
0.3268533902680544
0.3268774635653968
0.32685331551016994
0.3268533902680544
0.3268533902680544
0.3278648759159969
0.3268533902680544
0.32685331551016994
0.3268533902680544
0.3303596181612634
0.3268526932079997
0.32685331551016994
0.3286210646810913
0.5668293099749976
0.3269362085742133
0.3268533902680544
0.32685331551016994
0.3268950956486295
0.3268526932079997
0.3465497580357172
0.32687808586756706
0.35610084667978753
0.32693628333209773
0.3268533902680544
0.3268533902680544
0.32685331551016994
0.3268773888075124
0.32687808586756706
0.32685331551016994
0.32685331551016994
0.3278408773765389
0.32685331551016994
0.3268956431929153
0.3278990000831851
0.3268533902680544
0.32923470799076704
0.7960345327386473
0.3547228764416944
0.3268780111096826
0.32685331551016994
0.3268533902680544
0.32685331551016994
0.32685276796588414
0.3268780111096826
0.32685276796588414
0.3268533902680544
0.3268526932079997
0.3268533902680544
0.32685331551016994
0.32977394335496946
0.3268533902680544
0.32685331551016994
0.3465497580357172
0.32685276796588414
0.3268533902680544
0.32689571795079975
0.3268773888075124
0.32685331551016994
0.34711081200038285
0.7960076649384658
0.3547235735017491
0.3268533902680544
0.32685276796588414
0.3268533902680544
0.32685331551016994
0.32685331551016994
0.3268533902680544
0.3268526932079997
0.32685276796588414
0.32741444423272004
0.32687808586756706
0.3268526932079997
0.3268526932079997
0.3268533902680544
0.3268780111096826
0.3268533902680544
0.3268533902680544
0.3268773888075124
0.3465497580357172
0.32685276796588414
0.3268526932079997
0.3268774635653968
0.5822696523853095
0.3268703252912324
0.32685276796588414
0.3268533902680544
0.3268533902680544
0.3268526932079997
0.32687808586756706
0.3268533902680544
0.3381293575620853
0.32693628333209773
0.32685331551016994
0.3465684272416519
0.32685331551016994
0.5248539425793142
0.8918090477825678
0.32866163006238924
1.4414505322587012
0.3268780111096826
0.3274143694748356
0.32685331551016994
0.32741374717266536
0.32685331551016994
0.3268533902680544
0.32685331551016994
1.4414514960420408
0.7957619563172333
0.33853945980210276
0.33815467546376826
0.3471354328420111
0.3466078807423634
0.3268774635653968
0.32685331551016994
0.3268533902680544
0.32685331551016994
0.48101418197585266
0.3268773888075124
0.3268533902680544
0.3268533902680544
0.8912319881690218
0.37788952843186274
0.32693628333209773
0.32687102235128707
0.8918080941929639
0.3465497580357172
0.32685331551016994
0.32685331551016994
0.32687808586756706
0.5668461284403795
0.32687102235128707
0.32685331551016994
0.7792211501180699
0.3268533902680544
0.3268780111096826
0.7927527671623232
0.3268780111096826
0.33853762193752435
0.3268780111096826
0.3268780111096826
0.32687808586756706
0.3274391398322327
0.34711081200038285
0.3268533902680544
0.32685276796588414
0.3268533902680544
0.32687808586756706
0.32685276796588414
0.42498659480163115
0.32687808586756706
0.3268526932079997
0.32687808586756706
0.32687808586756706
0.3268526932079997
0.3547235735017491
0.32979087837814747
1.4414510735002701
0.32685331551016994
0.32685276796588414
0.3278401803164842
0.3268526932079997
0.3268526932079997
0.8917843521830551
0.5246384658929918
0.9504594396517244
0.3471107372424984
0.3268533902680544
0.32687808586756706
0.32685331551016994
0.3268780111096826
0.3268533902680544
0.32685331551016994
0.34654913573354695
0.5246079338681527
1.4414510735002701
0.3268533902680544
0.3297915006803177
0.32691096543041476
0.3465744536352299
0.32685331551016994
0.3268533902680544
0.32685331551016994
0.34657437887734543
0.3268780111096826
0.3268533902680544
0.3268533902680544
0.3268533902680544
0.3268533902680544
0.32685331551016994
0.34654968327783275
0.32685331551016994
0.3297980166523119
0.3268533902680544
0.3268704000491168
0.32685276796588414
0.32685331551016994
0.3471101149403282
0.3268773888075124
0.3547412055849818
0.32861344360165656
0.3547235735017491
0.32784080261865445
0.32685331551016994
0.32979863895448214
0.3289574208986534
0.32687808586756706
0.3268533902680544
0.32685276796588414
0.3268533902680544
0.32685331551016994
0.3268533902680544
0.32685331551016994
0.32685331551016994
0.3297733210527992
0.35472349874386466
0.3268533902680544
0.3268780111096826
0.35472349874386466
0.3268533902680544
0.8912319881690218
0.32784025507436865
0.32685331551016994
0.32685276796588414
0.32689571795079975
0.33856423015949993
0.3268774635653968
0.32687808586756706
0.326911587732585
0.3268774635653968
0.32685331551016994
0.3292594035902798
0.3268533902680544
0.3268533902680544
0.3268526932079997
0.3268780111096826
0.3268533902680544
0.32685331551016994
0.42447209229021443
0.3268533902680544
0.523874435592361
0.3268533902680544
0.3465744536352299
0.329773868597085
0.3268533902680544
0.32685331551016994
0.32685331551016994
0.32687808586756706
0.32687808586756706
0.3268533902680544
1.4414501097169305
0.32693566102992744
0.3268773888075124
0.3268780111096826
0.3268526932079997
0.32685276796588414
0.4244973742580218
0.3268533902680544
0.443943511954351
0.3268533902680544
0.3268533902680544
0.32685331551016994
0.3547235735017491
0.32685276796588414
0.32685276796588414
0.32687808586756706
0.3268533902680544
0.32685331551016994
0.326911587732585
0.7957371859598362
0.32691151297470056
0.32685331551016994
0.3268533902680544
0.32685331551016994
0.32685276796588414
0.32685331551016994
0.32977394335496946
0.32687808586756706
0.3268533902680544
0.3268533902680544
0.3268526932079997
0.3268533902680544
0.32685276796588414
0.3268533902680544
0.3268533902680544
0.3289581317822853
0.3268773888075124
0.3298156487355446
0.5239049676172
0.32786557297605157
0.32685331551016994
0.32685331551016994
0.32685331551016994
0.3268533902680544
0.3268533902680544
0.3268526932079997
0.3268533902680544
0.32687808586756706
0.35472349874386466
0.3268533902680544
0.3268533902680544
0.32685276796588414
0.32685331551016994
0.3547475720412071
0.3268780111096826
0.3465744536352299
1.4511109907795177
0.32685331551016994
0.3268533902680544
0.3268526932079997
0.3268780111096826
0.3268533902680544
0.3268533902680544
0.3297915006803177
0.32685276796588414
0.3268533902680544
0.32685276796588414
0.32685331551016994
0.32685276796588414
0.32685331551016994
0.3268533902680544
0.3268533902680544
0.5246079338681527
0.32685331551016994
0.3268780111096826
0.32687808586756706
0.7957372607177207
0.32687808586756706
0.3297985641965977
0.3268533902680544
0.32685331551016994
0.3268533902680544
0.32685331551016994
0.3268533902680544
0.3268533902680544
0.42425582996237565
0.32687102235128707
0.32691096543041476
0.3268774635653968
0.4468490133558735
0.3268780111096826
0.3547475720412071
0.3268533902680544
0.3268526932079997
0.3268533902680544
0.3268533902680544
0.3268533902680544
0.32685331551016994
0.32861344360165656
0.3268533902680544
0.7957640537600177
0.3268526932079997
0.32685331551016994
0.34660733319807757
0.3292594783481642
0.9504841352512371
0.7973578273227157
0.32685331551016994
0.32685331551016994
0.3268526932079997
0.3268533902680544
0.3268533902680544
0.3268533902680544
0.32685331551016994
0.3385382442396946
0.32687808586756706
0.3268533902680544
0.32687808586756706
0.3381299798642556
0.32685331551016994
0.32741444423272004
0.34822396588127724
0.3268533902680544
0.5717773013136894
0.32979157543820214
0.3268773888075124
0.3268780111096826
0.3268526932079997
0.3268533902680544
0.3268533902680544
0.32839915238060635
0.32685276796588414
0.32687808586756706
0.32685331551016994
0.32685331551016994
0.35474819434337734
0.32784025507436865
0.5668283563853936
0.3268526932079997
0.32685331551016994
0.3268533902680544
0.34654968327783275
0.3268526932079997
0.3268526932079997
0.32685331551016994
1.4414514960420408
0.3268780111096826
0.32693628333209773
0.3268526932079997
0.32741444423272004
0.3268526932079997
0.3268526932079997
0.34654968327783275
0.3271592414733713
0.33853816948181015
0.32685331551016994
0.523874435592361
0.32685331551016994
0.32685276796588414
0.32685331551016994
0.32685331551016994
0.32685331551016994
0.5238745103502453
0.32685331551016994
0.3268956431929153
0.3268780111096826
0.32685331551016994
0.3268533902680544
0.3268526932079997
0.5668306098571383
0.3268533902680544
0.5669935741165402
0.3268533902680544
0.32979157543820214
0.3268780111096826
0.3268526932079997
0.5670090926997814
0.3268533902680544
0.32685276796588414
0.3465497580357172
0.3268533902680544
0.3268533902680544
0.32685331551016994
0.3268533902680544
0.3268533902680544
0.3268774635653968
0.3268533902680544
0.3278408773765389
0.3268533902680544
0.3292594783481642
0.9510187708439789
0.3268533902680544
0.3278408773765389
0.3268774635653968
0.3268533902680544
0.32685331551016994
0.3268780111096826
0.32685331551016994
0.32685331551016994
0.5246079338681527
0.32685331551016994
0.3268533902680544
0.32687808586756706
0.32685331551016994
0.326911587732585
0.3268533902680544
0.32685331551016994
0.3268773888075124
0.3268533902680544
0.32685331551016994
0.3285886732442594
0.3268533902680544
0.32693628333209773
0.328957509480115
0.3286133688437721
0.5822706059749134
0.7900594040244066
0.8912250209908006
0.326911587732585
0.3268533902680544
0.326911587732585
0.3268533902680544
0.3268533902680544
0.32977394335496946
0.32718393707288396
0.32685331551016994
0.32685331551016994
0.3268709475934026
0.3268533902680544
0.3268774635653968
0.3268774635653968
0.3268533902680544
1.4414406550323204
0.3268533902680544
0.32685276796588414
0.32685276796588414
0.32687808586756706
0.3268526932079997
0.32685331551016994
0.3381299798642556
0.32685331551016994
0.32687808586756706
0.3297985641965977
0.32685331551016994
0.7888224282066283
0.3268533902680544
0.5534923605439964
0.32685276796588414
0.3268533902680544
0.32923470799076704
0.3268526932079997
0.8912329417586258
0.3269108906725303
0.3303343750174649
0.32685331551016994
0.3471101896982126
0.32685331551016994
0.3268533902680544
0.3268533902680544
0.3268533902680544
0.3268533902680544
0.32685331551016994
0.3278408773765389
0.5246383911351074
0.3268533902680544
0.32977394335496946
0.34711081200038285
0.32741374717266536
0.3268533902680544
0.3465497580357172
0.3268533902680544
0.32685276796588414
0.32687808586756706
0.32685276796588414
0.32685276796588414
0.32691151297470056
0.32685276796588414
0.3268526932079997
0.3268526932079997
0.32685276796588414
0.34713550759989553
0.32685276796588414
0.32685331551016994
0.3268780111096826
0.3268526932079997
0.3268533902680544
0.79605922833816
0.3547235735017491
0.42425582996237565
0.3269362085742133
0.3268774635653968
0.3268533902680544
0.3268533902680544
1.4414510735002701
0.3268533902680544
0.3268774635653968
0.32685331551016994
0.32685276796588414
0.3268533902680544
0.3268526932079997
0.3268526932079997
0.3268526932079997
0.32685331551016994
0.3552845527085303
0.32685276796588414
0.3268773888075124
0.3547482691012618
1.4414510735002701
0.32685331551016994
0.3268709475934026
0.32741444423272004
0.32687808586756706
0.32685331551016994
0.32685331551016994
0.3269108906725303
0.32685331551016994
0.32685331551016994
0.3268526932079997
0.3268526932079997
0.32685331551016994
0.3268526932079997
1.4414395809566978
0.32687808586756706
0.3269108906725303
0.32685331551016994
0.3268533902680544
0.3268526932079997
0.5823204610146798
0.32687808586756706
0.4468490133558735
0.3268526932079997
0.32979794189442746
0.3268533902680544
0.32685276796588414
0.326911587732585
0.32685331551016994
0.32689502089074507
0.3381293575620853
0.4242565408460075
0.32685276796588414
0.326911587732585
0.3268773888075124
0.32685331551016994
0.3465497580357172
0.32685276796588414
0.3268533902680544
0.32685331551016994
1.4414516063343241
0.3268533902680544
0.3268533902680544
0.32685276796588414
0.3268533902680544
0.32687808586756706
0.3289581317822853
0.32786557297605157
1.0620937177582332
0.32685331551016994
0.32685331551016994
0.3268774635653968
1.4414520288760948
0.32685331551016994
0.32685331551016994
0.797428904608498
0.3268533902680544
0.3268533902680544
0.32685276796588414
0.3547228764416944
0.32687808586756706
0.951017817254375
0.32685331551016994
0.32685276796588414
0.32687808586756706
0.3268774635653968
0.3268533902680544
0.3268709475934026
0.3268533902680544
0.32839915238060635
0.32685331551016994
0.3268533902680544
0.3268533902680544
0.32784080261865445
0.3385375471796399
0.3268533902680544
0.3268533902680544
0.32685331551016994
0.3268950956486295
0.3268533902680544
0.3268533902680544
0.33856286508132283
0.32685331551016994
0.32689571795079975
0.32685276796588414
0.3268533902680544
0.7957640537600177
0.5668306098571383
0.32685276796588414
0.32685331551016994
0.32685331551016994
0.5240899870365678
0.3268533902680544
0.32685331551016994
0.3268526932079997
0.32685331551016994
0.3268774635653968
0.32685331551016994
0.32685276796588414
0.3268533902680544
0.3286133688437721
0.32685276796588414
0.32784080261865445
0.32685331551016994
0.5246383911351074
0.32685331551016994
0.3268780111096826
0.35472349874386466
0.32685276796588414
0.3268533902680544
0.32685276796588414
0.32685276796588414
0.3268533902680544
0.3268533902680544
0.3268780111096826
0.3268709475934026
0.3381299798642556
0.32685331551016994
0.32685276796588414
0.3268533902680544
0.3268526932079997
0.32867156630830274
0.3268533902680544
0.5668293099749976
0.3268774635653968
0.3289574208986534
0.32685276796588414
0.7957619563172333
0.3268774635653968
0.3268526932079997
0.3268773888075124
0.5668540055745103
0.3268526932079997
0.3297732462949148
0.32685276796588414
0.3268780111096826
0.3547228764416944
0.3268780111096826
0.32685331551016994
0.32687808586756706
0.7957887493595304
0.32685331551016994
0.32685331551016994
0.32685331551016994
0.7900594040244066
0.32685331551016994
1.4414501097169305
0.32685276796588414
1.4414501097169305
0.32685331551016994
0.35472349874386466
0.3292594035902798
0.32685331551016994
0.32685276796588414
0.3268533902680544
0.7960323605379784
0.32741444423272004
0.3268533902680544
0.32685331551016994
0.32685276796588414
0.34654913573354695
0.3268526932079997
0.32687808586756706
0.3268780111096826
0.32685331551016994
0.3268533902680544
0.3268533902680544
0.32685331551016994
0.3268533902680544
0.3268526932079997
0.3268526932079997
0.3268780111096826
0.3297732462949148
0.3268773888075124
0.3268533902680544
0.3465737565751752
0.32687808586756706
0.44687947062282807
0.7957618815593489
0.32687808586756706
0.3385622427791526
0.3268780111096826
0.328957509480115
0.3268780111096826
0.32685331551016994
0.32685331551016994
0.32685331551016994
0.3268533902680544
0.7957371859598362
0.508255533393788
0.32685276796588414
0.32685276796588414
0.44394280107071915
0.32685331551016994
0.3268780111096826
0.326911587732585
0.9504584860621205
0.3268526932079997
0.32685331551016994
0.3268533902680544
0.32685331551016994
0.32691151297470056
0.5821313837254203
0.32685276796588414
0.3268533902680544
0.32685276796588414
0.3268526932079997
0.3547228764416944
0.32685331551016994
0.32685331551016994
0.32685331551016994
0.32685276796588414
0.32685331551016994
0.3268709475934026
0.3268526932079997
0.3268780111096826
0.32687808586756706
0.32687808586756706
0.32685331551016994
0.3471101149403282
0.3289581317822853
1.4414396912489809
0.4468490133558735
0.32685331551016994
0.3268526932079997
0.32784080261865445
0.3268533902680544
0.3268533902680544
0.3268773888075124
0.3268780111096826
0.32685331551016994
0.32691151297470056
0.32685331551016994
0.3268774635653968
0.32687808586756706
0.3268533902680544
0.32685276796588414
0.32687808586756706
0.3268533902680544
0.3471101896982126
0.3268526932079997
0.32685331551016994
0.5668448285582387
0.32685331551016994
0.32685276796588414
0.32685331551016994
0.3268533902680544
0.3268533902680544
0.3268533902680544
0.32685331551016994
0.3286133688437721
0.33853816948181015
0.3268533902680544
0.326911587732585
0.32685276796588414
0.3268533902680544
0.32685331551016994
0.3268533902680544
0.3268533902680544
0.3278408773765389
0.3268533902680544
0.5186842426418734
0.32685331551016994
0.3268526932079997
0.32685331551016994
0.3268526932079997
0.5544413355061107
0.3268526932079997
0.32685276796588414
0.3268704000491168
0.3268533902680544
0.3278408773765389
0.32687808586756706
0.3547235735017491
0.32687808586756706
0.3268533902680544
0.32685331551016994
0.329773868597085
0.32784080261865445
0.3268780111096826
0.32685331551016994
0.32784080261865445
0.3292347827486515
0.32685276796588414
0.33815467546376826
0.3268533902680544
0.32685276796588414
0.3268533902680544
0.3268533902680544
0.32741444423272004
0.32687808586756706
0.3268526932079997
0.32685331551016994
1.4414514960420408
0.3268533902680544
0.32741444423272004
0.3268780111096826
0.32687808586756706
0.3268526932079997
0.3268526932079997
0.3268533902680544
0.3268774635653968
0.32786557297605157
0.3466078807423634
0.3268774635653968
0.32685276796588414
0.3667760368601213
0.32741444423272004
0.3547235735017491
0.3268526932079997
0.32687808586756706
0.32784080261865445
0.3268526932079997
0.35472349874386466
0.3268533902680544
1.4414510735002701
0.3274143694748356
0.32685276796588414
0.35472349874386466
0.32685331551016994
0.3292594783481642
0.32691096543041476
0.32687808586756706
0.32860343259785857
0.3268533902680544
0.3268533902680544
0.3268533902680544
0.3268533902680544
0.34657437887734543
0.35314234924509325
0.32685276796588414
0.32691151297470056
0.3268773888075124
0.3547228764416944
0.32839915238060635
1.4414520288760948
0.326911587732585
0.3268533902680544
0.32685331551016994
0.32685331551016994
0.3268533902680544
0.32693628333209773
0.3269362085742133
0.3284231370964871
0.3285886732442594
0.3278408773765389
0.7957618815593489
0.3268526932079997
0.3268533902680544
0.3268533902680544
0.3268533902680544
0.5544413355061107
0.3268533902680544
0.32685331551016994
0.5246079338681527
0.3268533902680544
0.32784025507436865
0.3268774635653968
0.3268526932079997
1.4414506425509845
0.3268526932079997
0.329773868597085
0.32685331551016994
0.3471101896982126
0.3278983777810148
0.3268533902680544
0.32784080261865445
1.4414501097169305
0.3381299798642556
0.3268526932079997
0.3643743762977888
0.32687808586756706
0.32685276796588414
0.32687808586756706
0.3547475720412071
0.3268526932079997
0.3268780111096826
0.3268526932079997
0.3381299798642556
0.32685331551016994
0.3268526932079997
0.32685276796588414
0.3268780111096826
0.3268780111096826
0.32685331551016994
0.3385382442396946
0.5668543518670471
0.33813005462214
0.3268533902680544
0.32895679859648314
0.42425582996237565
0.3547817709662797
0.32685276796588414
0.3268533902680544
0.32685331551016994
0.32685331551016994
0.3268526932079997
0.3268533902680544
0.3268533902680544
0.32685331551016994
0.33853816948181015
0.3268533902680544
0.42425582996237565
0.32685331551016994
0.3268774635653968
0.3268533902680544
0.32685331551016994
0.32685331551016994
0.32687808586756706
0.32977394335496946
0.3268533902680544
0.32685331551016994
0.34654968327783275
0.32687808586756706
0.32687808586756706
0.3268533902680544
0.32685331551016994
0.32687808586756706
0.3268533902680544
0.3268533902680544
0.32685276796588414
0.3268533902680544
