0.3268526932079997
0.3268526932079997
0.3547475720412071
0.5668283563853936
0.3268526932079997
0.8912319881690218
0.3268526932079997
0.48104857058669037
0.3471101149403282
0.3268703252912324
0.3268526932079997
0.3268526932079997
0.3268526932079997
0.32685276796588414
0.3638154854775716
0.3268526932079997
0.3268526932079997
0.3268526932079997
0.3268526932079997
0.3268773888075124
0.3547228764416944
0.4556672248981795
0.34713481053984085
0.3643744648792505
0.3465490609756625
0.3268526932079997
0.3268526932079997
0.3268526932079997
0.3268526932079997
0.3268526932079997
0.3268526932079997
0.3471101149403282
0.3471101149403282
0.32685276796588414
0.32685276796588414
0.3268773888075124
0.3268526932079997
1.4414391584149269
0.32685276796588414
0.3268526932079997
0.3268773888075124
0.32685276796588414
0.32685276796588414
0.3268773888075124
0.3297733210527992
0.33853762193752435
0.32841467214089237
0.3268526932079997
0.3268526932079997
0.3268526932079997
0.3268773888075124
0.3268526932079997
0.3268526932079997
0.3268773888075124
0.3268526932079997
0.3268526932079997
0.3268773888075124
0.3268526932079997
0.3268526932079997
0.3268773888075124
0.3268526932079997
0.3268526932079997
0.48082908779860045
0.3268773888075124
0.3268526932079997
0.3268773888075124
0.3268773888075124
0.3268773888075124
0.3268526932079997
0.3268773888075124
0.32685276796588414
0.3268526932079997
0.3268526932079997
0.3268773888075124
0.3268526932079997
0.35472295119957886
0.3268526932079997
0.3268526932079997
0.44761023546208356
0.3268526932079997
0.3381293575620853
0.32685276796588414
0.3268526932079997
0.326911587732585
0.3268526932079997
0.3268526932079997
0.3268526932079997
0.3268526932079997
0.3268526932079997
0.3268773888075124
0.3268526932079997
0.3268773888075124
0.3268526932079997
0.5535227430530666
0.3268526932079997
0.326935586272043
0.5668544694152513
0.32685276796588414
0.3471101149403282
0.3268703252912324
0.5668283563853936
0.3285886732442594
0.3268526932079997
0.3268526932079997
0.3268526932079997
0.3268526932079997
0.3268526932079997
0.3268774635653968
0.3268773888075124
0.3292493925864818
0.3547228764416944
0.3268526932079997
0.3268526932079997
0.32685276796588414
0.3268526932079997
0.3268526932079997
0.3268526932079997
0.3293075900510125
0.3297733210527992
0.3268526932079997
0.3646408790969924
0.3268526932079997
0.3268526932079997
0.3268526932079997
0.3471101149403282
0.3268526932079997
0.32685276796588414
0.3268703252912324
0.3268526932079997
0.3268526932079997
0.3268526932079997
0.3268526932079997
0.33853762193752435
0.3381299798642556
0.3268773888075124
0.3268526932079997
0.3268526932079997
0.3268773888075124
0.3268773888075124
0.3268526932079997
0.3268526932079997
0.3268773888075124
0.3268526932079997
0.5668695241577514
0.4658797912243565
0.3268526932079997
0.3268526932079997
0.4242862872293302
0.3268526932079997
0.3268526932079997
0.3285962943236942
0.34713481053984085
0.8912319881690218
0.3268773888075124
0.33853762193752435
0.3268526932079997
0.34713481053984085
0.3268526932079997
0.3268526932079997
0.3268773888075124
0.3268526932079997
0.3292670246697145
0.42501705206858575
0.79605922833816
0.3268526932079997
0.3268526932079997
0.3268526932079997
0.3268526932079997
0.3471101149403282
0.3547228764416944
0.3292246969869691
0.32685276796588414
0.3268526932079997
0.3547228764416944
1.4414395809566978
0.3268526932079997
0.3268526932079997
0.3268526932079997
0.3268526932079997
0.34938965108168585
0.3268773888075124
0.5821310374328834
0.3268526932079997
0.3268526932079997
0.3283978191948042
0.3268526932079997
0.3268526932079997
0.34977137570339634
0.3268526932079997
0.3268773888075124
0.3268526932079997
0.3268526932079997
0.3268773888075124
0.3268773888075124
0.3268526932079997
0.32685276796588414
0.3268526932079997
0.3268526932079997
0.3268773888075124
0.3268526932079997
1.4196446479847655
0.3268526932079997
0.3268526932079997
0.3268526932079997
0.3268526932079997
0.3268526932079997
0.3547228764416944
0.3268526932079997
0.3268526932079997
0.3268526932079997
0.3268526932079997
0.3268526932079997
0.3268526932079997
0.3268526932079997
0.3268526932079997
0.5668283563853936
0.3547228764416944
0.5535227430530666
0.3268526932079997
1.4188551258287152
0.3268526932079997
0.3268526932079997
0.3268526932079997
0.3268526932079997
0.3268526932079997
0.6793893674642091
0.3268526932079997
0.32685276796588414
0.3268773888075124
0.5821310374328834
0.3268526932079997
0.3268526932079997
0.3268526932079997
0.3268526932079997
0.3268526932079997
0.3268526932079997
0.3268773888075124
0.3268526932079997
0.32685276796588414
0.3268526932079997
0.34656709405584973
0.3297732462949148
0.3268526932079997
0.3268526932079997
0.3268526932079997
0.32685276796588414
0.3268780111096826
0.3268526932079997
0.3268703252912324
0.3293075900510125
0.3268526932079997
0.3268526932079997
0.3268526932079997
0.3268526932079997
0.3268773888075124
0.3268526932079997
0.3268526932079997
0.5668283563853936
0.3268526932079997
0.3268526932079997
0.3381293575620853
0.3268703252912324
0.3268526932079997
0.3268526932079997
0.3481891845200822
0.3268526932079997
0.3268526932079997
0.5821300838432796
0.5535227430530666
0.3268526932079997
0.3268526932079997
0.3471101149403282
0.3268526932079997
0.32685276796588414
0.3268526932079997
0.3268526932079997
0.3268773888075124
0.3268526932079997
0.3268526932079997
0.32685276796588414
1.4414391584149269
0.32685276796588414
0.3268526932079997
0.3268773888075124
0.3269108906725303
0.3471101149403282
0.3268526932079997
0.9504664068299455
0.3268526932079997
0.3268526932079997
0.3268526932079997
0.3268526932079997
0.3278648759159969
1.4420378049410665
0.3381293575620853
0.3268526932079997
0.3268526932079997
0.3268773888075124
0.3268526932079997
0.3268526932079997
0.3297980166523119
0.3268526932079997
0.3395832317526551
0.3268526932079997
0.5255683401144482
0.3268526932079997
0.3268526932079997
0.3268773888075124
0.3268773888075124
0.3385375471796399
0.3268526932079997
0.32860335783997413
0.3268526932079997
0.8917913193612763
0.3268526932079997
0.32685276796588414
0.3268526932079997
0.3268703252912324
0.32685276796588414
0.3268526932079997
0.3268526932079997
0.3268526932079997
0.3268526932079997
0.3268703252912324
0.3268526932079997
0.32685276796588414
0.32685276796588414
0.3268526932079997
0.5668544694152513
0.3268773888075124
0.32857866224046145
0.3268526932079997
0.3268526932079997
0.3268773888075124
0.3269108906725303
0.3268526932079997
0.3268526932079997
0.3268526932079997
0.3268526932079997
0.3268526932079997
0.32857866224046145
0.3268526932079997
0.3268526932079997
0.3268526932079997
0.3385375471796399
0.3268526932079997
0.3278401803164842
0.5668283563853936
0.3268526932079997
0.48082908779860045
0.3268526932079997
0.32685276796588414
0.3268526932079997
0.3268526932079997
0.32685276796588414
0.3268526932079997
0.3268526932079997
0.3268773888075124
0.3268526932079997
0.3268526932079997
0.32685276796588414
0.3268526932079997
0.3268526932079997
0.3268526932079997
0.32685331551016994
0.3268526932079997
0.3268773888075124
0.3268526932079997
0.3278648759159969
0.3268526932079997
0.3268533902680544
0.3465490609756625
0.3268526932079997
0.7976550993436423
0.338130647882378
0.3268526932079997
0.3268526932079997
0.3268774635653968
0.3268526932079997
0.32685276796588414
0.3268526932079997
0.3547228764416944
0.3268773888075124
0.3268526932079997
0.3268526932079997
0.3268526932079997
0.5535227430530666
0.3268526932079997
0.3268526932079997
0.8488414852381005
0.3268526932079997
0.32685276796588414
0.3268526932079997
0.3268526932079997
0.3268526932079997
0.3268526932079997
0.3268526932079997
0.3268773888075124
0.3268526932079997
0.3268526932079997
0.5535227430530666
0.33853762193752435
0.35472295119957886
0.3268526932079997
0.3268703252912324
0.35395254753616484
0.338562317537037
0.32685276796588414
0.5668530519849063
0.3268526932079997
0.3471930080043715
0.3268526932079997
0.3268526932079997
0.3285886732442594
0.3268526932079997
0.3268526932079997
0.3268526932079997
0.3268773888075124
1.4414396912489809
0.7976304037441296
0.3268526932079997
0.3268526932079997
0.3268526932079997
0.3268526932079997
0.32741374717266536
0.3268526932079997
0.3268526932079997
0.3268526932079997
0.338130647882378
0.3268526932079997
0.3268773888075124
0.3268526932079997
0.3268526932079997
0.3268773888075124
0.32685276796588414
0.3293075900510125
0.7903719829432181
0.32685276796588414
0.3268526932079997
0.32685276796588414
0.3268703252912324
0.3292493925864818
0.3292246969869691
0.5821300838432796
0.3268526932079997
0.3283978191948042
0.3268526932079997
0.3268704000491168
0.3284225147943169
0.3268526932079997
0.34656709405584973
0.3268526932079997
0.33853762193752435
0.3268526932079997
0.3268526932079997
0.3268526932079997
0.3268526932079997
0.3268526932079997
0.32685276796588414
0.3268773888075124
0.8912319881690218
0.3283978191948042
0.3268526932079997
0.3268526932079997
0.3268526932079997
0.3268526932079997
0.3268526932079997
0.3268526932079997
0.3268774635653968
1.4414395809566978
0.3292246969869691
0.3268773888075124
0.3268526932079997
0.3268526932079997
0.3268526932079997
0.32685276796588414
0.3268773888075124
0.32857866224046145
0.3268526932079997
0.3268526932079997
0.3268526932079997
0.5821300838432796
0.5239048928593155
0.3268526932079997
0.3278401803164842
0.4242862872293302
0.32685276796588414
0.5239048928593155
0.3268526932079997
0.3268526932079997
0.9317565911065293
0.3268526932079997
0.3268526932079997
0.3268526932079997
0.3297732462949148
0.3465737565751752
0.3268526932079997
0.3268526932079997
0.32860335783997413
0.32685276796588414
0.3268780111096826
0.32843936774040505
0.3381293575620853
0.3268526932079997
0.3268780111096826
0.3268526932079997
0.3268526932079997
0.3268773888075124
0.32741374717266536
0.32784025507436865
0.5668530519849063
0.3292493925864818
0.3292246969869691
0.3268526932079997
0.3268526932079997
0.3465737565751752
0.3268526932079997
0.32741374717266536
0.35472295119957886
0.3268526932079997
0.3268526932079997
0.3268526932079997
0.32685331551016994
0.3268526932079997
1.4414395809566978
0.3268526932079997
0.44761023546208356
0.3278401803164842
0.3381293575620853
0.3297733210527992
0.3268526932079997
0.3268526932079997
0.3268774635653968
0.3268526932079997
0.7957641285179022
0.3268526932079997
0.32685276796588414
0.3268526932079997
0.3268526932079997
0.3278408773765389
0.3268526932079997
0.7903472873437054
0.3268526932079997
0.3268526932079997
0.3278401803164842
0.3268526932079997
0.3274720193950804
0.3268526932079997
0.3268526932079997
0.3465490609756625
0.3268526932079997
0.3283978191948042
0.7957888241174149
0.3268526932079997
0.3268526932079997
0.3268526932079997
0.33149929008526097
0.3324539722010348
0.32685276796588414
0.3268526932079997
0.3268773888075124
0.3268533902680544
0.3268526932079997
0.3268526932079997
0.3268526932079997
0.3268526932079997
0.3268526932079997
0.3381293575620853
0.3268773888075124
0.5239049676172
0.3268526932079997
0.3268526932079997
0.3268526932079997
0.7321347439983459
0.3268526932079997
0.3269108906725303
0.3268526932079997
0.3268526932079997
0.3268526932079997
0.3268526932079997
0.3268526932079997
0.3268526932079997
0.5821300838432796
0.32685276796588414
0.3268526932079997
0.32685276796588414
0.5822930481026815
0.3268773888075124
0.3268526932079997
0.32685276796588414
0.3268526932079997
0.3268526932079997
0.33853762193752435
0.3278401803164842
0.3268526932079997
0.3268773888075124
0.3268526932079997
0.3268526932079997
0.3268526932079997
0.3268526932079997
0.3268526932079997
0.3268526932079997
0.3268526932079997
0.3268526932079997
0.3385375471796399
0.3278401803164842
0.32685276796588414
0.5535227430530666
0.3268526932079997
0.32685276796588414
0.3268526932079997
0.3268526932079997
0.7460795344974314
0.3465490609756625
0.3268526932079997
0.5821300838432796
0.3646408790969924
0.3268773888075124
0.3268526932079997
0.3269108906725303
0.3268526932079997
0.3268526932079997
0.3268526932079997
0.5668283563853936
0.3268526932079997
0.3268526932079997
0.32685276796588414
0.3268526932079997
0.3268773888075124
1.4414395809566978
0.3268526932079997
0.3385375471796399
1.451976354827016
0.3268526932079997
0.48082908779860045
0.3268526932079997
0.3268526932079997
0.3268773888075124
0.3268526932079997
0.34656709405584973
0.3268526932079997
1.4414401137907518
0.3268526932079997
0.3465490609756625
0.3268773888075124
0.3268526932079997
0.3268526932079997
0.48082908779860045
0.3268526932079997
0.5668283563853936
0.32923470799076704
0.3268526932079997
0.3268526932079997
0.3381293575620853
0.3268526932079997
0.3268526932079997
0.3268526932079997
0.3268526932079997
0.3268526932079997
1.4414391584149269
0.3268526932079997
0.3268526932079997
0.44761023546208356
0.5535227430530666
0.3268526932079997
0.3268526932079997
0.3268526932079997
0.3268704000491168
0.3268773888075124
0.3268526932079997
0.3268526932079997
0.3268526932079997
0.3268526932079997
0.3268526932079997
0.4242862872293302
0.5821465560161246
0.3268526932079997
0.3268526932079997
0.3268526932079997
0.3268526932079997
0.3268526932079997
0.3268526932079997
0.3268526932079997
0.3283978191948042
0.32685276796588414
0.5554764279174301
0.32857866224046145
0.32685331551016994
0.3292246969869691
0.5668283563853936
0.3292494673443662
0.3285886732442594
0.8912319881690218
0.3268773888075124
0.3268526932079997
0.3268526932079997
0.3297733210527992
0.3268526932079997
0.3268526932079997
0.3268526932079997
0.3268526932079997
0.3268526932079997
0.3268526932079997
0.3268526932079997
0.8923077452058068
0.3268526932079997
0.3268526932079997
0.3268526932079997
0.3268526932079997
0.34713481053984085
0.32685331551016994
0.32685276796588414
0.3268526932079997
0.3268703252912324
0.3268526932079997
0.7957640537600177
0.5821300838432796
0.32685276796588414
0.3268526932079997
0.7957640537600177
0.3268526932079997
0.3268526932079997
0.3268526932079997
0.3268773888075124
0.582741817013218
0.3268526932079997
0.3268526932079997
0.3268526932079997
0.3297733210527992
0.44761023546208356
0.3268526932079997
0.3268526932079997
0.32685276796588414
0.3268526932079997
0.36067612104519003
0.3268526932079997
0.3268526932079997
0.3268526932079997
0.3268773888075124
0.3268526932079997
0.3268526932079997
0.3268526932079997
0.3268526932079997
0.3268526932079997
0.3268526932079997
0.7957641285179022
0.8912319881690218
0.3268526932079997
0.3268526932079997
0.3268526932079997
0.3268526932079997
0.3268526932079997
0.3268526932079997
0.3268526932079997
0.3268526932079997
0.3268526932079997
0.3268773888075124
0.3465490609756625
0.3268526932079997
0.3268526932079997
0.3268526932079997
0.3268526932079997
0.3268526932079997
1.4414391584149269
0.3268526932079997
0.3268526932079997
0.326935586272043
0.3268526932079997
0.3268526932079997
0.3268526932079997
0.3268526932079997
0.3292246969869691
0.3268526932079997
0.5536295621579772
0.3268526932079997
0.3268526932079997
0.3268526932079997
0.5821300838432796
0.3268526932079997
0.8912319881690218
0.3278401803164842
0.32685276796588414
1.4414395809566978
0.3268526932079997
0.32685331551016994
0.3285886732442594
2.1572439222398088
0.3268773888075124
0.3268526932079997
0.3385375471796399
0.3268526932079997
0.3268773888075124
0.3297733210527992
0.5821300838432796
0.3385375471796399
0.3268526932079997
0.3268526932079997
0.5668283563853936
0.3268773888075124
1.4172750258553568
0.3268526932079997
0.3268526932079997
0.3268526932079997
0.44761023546208356
0.3268703252912324
0.3268526932079997
0.3268526932079997
0.3268526932079997
0.3381293575620853
0.3268526932079997
0.3268526932079997
0.32685276796588414
0.3268526932079997
0.3268526932079997
0.3268526932079997
0.3268773888075124
0.3268526932079997
0.3268526932079997
0.3268526932079997
0.3268526932079997
0.338595819402055
0.3268526932079997
0.3268526932079997
0.3268526932079997
1.4414395809566978
0.3268526932079997
0.3268526932079997
0.5241204443035224
0.3268526932079997
0.3274138219305498
0.3268526932079997
0.3268526932079997
0.3268526932079997
0.32841467214089237
0.3471101149403282
0.3268773888075124
0.3385375471796399
0.3268526932079997
0.3268526932079997
0.3268526932079997
0.32860335783997413
0.3268526932079997
0.3278578123997169
0.3268526932079997
0.3268526932079997
0.3547475720412071
0.5822683525031688
0.3268703252912324
0.3268526932079997
0.32685276796588414
0.3268526932079997
0.3268526932079997
0.32685276796588414
0.3268526932079997
0.3268526932079997
0.32685276796588414
0.32923470799076704
0.3268703252912324
0.3268526932079997
1.4196446479847655
0.3268773888075124
0.3268526932079997
0.3268526932079997
0.3381293575620853
0.3283978191948042
0.3268526932079997
0.3471101149403282
0.35472349874386466
0.3268773888075124
0.32685276796588414
0.3268526932079997
0.33853762193752435
0.3268526932079997
0.5668530519849063
0.3292493925864818
0.3268526932079997
0.35472295119957886
0.3268526932079997
0.3268703252912324
0.3268526932079997
0.3268526932079997
0.3547228764416944
0.3268526932079997
0.32687808586756706
0.3268526932079997
0.3268526932079997
0.5668283563853936
0.3278401803164842
0.326935586272043
0.3268526932079997
0.3268526932079997
0.3268526932079997
0.3268773888075124
0.3268526932079997
0.3268526932079997
0.3268526932079997
0.326935586272043
0.3285886732442594
0.3268526932079997
0.3268773888075124
0.3268526932079997
0.3268526932079997
0.3268526932079997
0.422281250562892
0.3268526932079997
0.3268526932079997
0.3268774635653968
1.4414395809566978
0.32741374717266536
0.3268526932079997
0.35472295119957886
0.3268526932079997
0.3268526932079997
0.3514361948473287
0.3471101149403282
0.3268526932079997
0.3268526932079997
0.3268526932079997
0.5821300838432796
0.3268526932079997
0.3292246969869691
0.3268526932079997
0.8912319881690218
0.3268773888075124
0.3268526932079997
0.3268526932079997
0.3268526932079997
0.5668283563853936
0.3268526932079997
0.3283978191948042
0.338538912257817
0.3268526932079997
0.3268526932079997
0.5821300838432796
0.3278401803164842
0.32685331551016994
0.33853762193752435
0.3268526932079997
0.33853762193752435
0.3268526932079997
0.3268526932079997
0.3268526932079997
0.3268526932079997
0.3268533902680544
0.3268526932079997
1.4414395809566978
0.32685276796588414
0.3268526932079997
0.3268526932079997
0.32691096543041476
0.8912566837685346
0.3268773888075124
0.3268526932079997
0.3268526932079997
0.3268526932079997
0.32685276796588414
0.5668530519849063
0.3268526932079997
0.3292246969869691
0.3283978191948042
0.5668283563853936
0.3268703252912324
0.3268526932079997
0.3268526932079997
0.3268526932079997
0.3268526932079997
0.32685276796588414
0.32857866224046145
0.32685276796588414
0.3268526932079997
0.3268526932079997
0.3268526932079997
0.3547228764416944
0.3268526932079997
0.891394309197527
1.4414395809566978
0.3268526932079997
0.3268526932079997
0.3268526932079997
0.3268526932079997
0.3297909531360319
0.3547228764416944
0.3269108906725303
0.34713481053984085
0.3268526932079997
1.4414405436030535
0.3268526932079997
0.9504664068299455
0.3268526932079997
0.3268526932079997
0.3268526932079997
0.553522817810951
0.32685276796588414
0.3471101149403282
0.3268526932079997
0.3268704000491168
0.3268703252912324
0.3268773888075124
0.32857866224046145
0.3268526932079997
