0.3268533902680544
0.32685276796588414
0.32685276796588414
0.32685276796588414
0.3274138219305498
0.3268533902680544
0.3268704000491168
0.3268533902680544
0.3268533902680544
0.3268704000491168
0.32685276796588414
0.32685276796588414
0.32685276796588414
0.32685276796588414
0.3268533902680544
0.32685276796588414
0.32685276796588414
0.32691096543041476
0.3268704000491168
0.32685276796588414
0.3268950956486295
0.32685276796588414
0.32685276796588414
0.35474058328281155
0.32685276796588414
0.32685276796588414
0.32685276796588414
0.3268533902680544
0.32685276796588414
0.32784025507436865
0.33853762193752435
0.3268704000491168
0.32685276796588414
0.3268704000491168
0.3268704000491168
0.3268533902680544
0.32685276796588414
0.3268774635653968
0.32685276796588414
0.3268533902680544
0.32685276796588414
0.32685276796588414
0.32685276796588414
0.3268533902680544
0.3268533902680544
0.3268533902680544
0.3268533902680544
0.3268704000491168
0.3268704000491168
0.32685276796588414
0.32784025507436865
0.3268704000491168
0.32685276796588414
0.3268774635653968
0.3274314540137825
0.32691096543041476
0.32687102235128707
0.32685276796588414
0.3268533902680544
0.33853762193752435
0.32685276796588414
0.32685276796588414
0.32685276796588414
0.32685276796588414
0.3268774635653968
0.3268774635653968
0.32685276796588414
0.35474764679909154
0.32685276796588414
0.32687808586756706
0.32687102235128707
0.32685276796588414
0.7958599761610816
0.4242869981129621
0.3268704000491168
0.3268704000491168
0.32685276796588414
0.32685276796588414
0.32687102235128707
0.32685276796588414
0.3268533902680544
0.32685276796588414
0.32685276796588414
0.3268533902680544
0.3268704000491168
0.3268533902680544
0.3268704000491168
0.9663339095731386
0.32685276796588414
0.32685276796588414
0.32685276796588414
0.3268533902680544
0.3284153830245242
0.3268703252912324
0.3268533902680544
0.32685276796588414
0.3268704000491168
0.3268950956486295
0.32685276796588414
0.32685276796588414
0.32685276796588414
1.4414405447400374
0.32685276796588414
0.3268533902680544
0.32685276796588414
0.3268533902680544
0.32685276796588414
0.32685276796588414
0.3268704000491168
0.32685276796588414
0.32685276796588414
0.32685276796588414
0.32685276796588414
0.32685276796588414
0.3268533902680544
0.32685276796588414
0.3268704000491168
0.5668457821478426
0.3268533902680544
0.35472295119957886
0.32685276796588414
0.3501137317491212
0.32685276796588414
0.32685276796588414
0.3268533902680544
0.3293176758126949
0.32685276796588414
2.1625776048467618
0.326911587732585
0.32685276796588414
0.32685276796588414
0.3268704000491168
0.3268533902680544
0.3268533902680544
0.3268533902680544
0.32685276796588414
0.32685276796588414
0.32685276796588414
0.32685276796588414
0.3274138219305498
0.32685276796588414
0.32685276796588414
0.32685276796588414
0.32685276796588414
0.3268533902680544
0.32685276796588414
0.3268533902680544
0.3274314540137825
0.3647237721610357
0.32685276796588414
0.32693566102992744
0.32784025507436865
0.3268704000491168
0.32977394335496946
0.32685276796588414
0.32685276796588414
0.32685276796588414
0.3268704000491168
0.32685276796588414
0.5239049676172
0.326911587732585
0.32685276796588414
0.32685276796588414
0.32685276796588414
0.3268533902680544
0.3268704000491168
0.32685276796588414
0.32691096543041476
0.8912329417586258
0.32685276796588414
0.3471101896982126
0.32685276796588414
0.32685276796588414
0.3268533902680544
0.32685276796588414
0.32784025507436865
0.3268704000491168
0.32685276796588414
0.32685276796588414
0.32685276796588414
0.32685276796588414
0.32685276796588414
0.32685276796588414
0.8676341905444273
0.3268533902680544
0.3268533902680544
0.3268533902680544
0.4468801815064599
0.32784025507436865
0.32685276796588414
0.32685276796588414
0.3268533902680544
0.3268704000491168
0.32685276796588414
0.3274314540137825
0.32685276796588414
0.7957641285179022
0.32685276796588414
0.3268533902680544
0.32685276796588414
0.7957641285179022
0.32685276796588414
0.32685276796588414
0.32685276796588414
0.3268774635653968
0.3268533902680544
1.4414405447400374
0.32685276796588414
0.32685276796588414
0.951026691611804
0.32685276796588414
0.32685276796588414
0.32685276796588414
0.33853762193752435
0.7958599761610816
0.3293176758126949
0.32691096543041476
0.32784025507436865
0.32685276796588414
0.3268533902680544
0.32685276796588414
0.32685276796588414
0.32685276796588414
0.32685276796588414
0.32685276796588414
0.32685276796588414
0.7957641285179022
0.3268704000491168
0.32687102235128707
0.32685276796588414
0.32784025507436865
0.3268533902680544
0.32691096543041476
1.4414401221982664
0.32685276796588414
0.32685276796588414
0.3268704000491168
0.32685276796588414
0.797333131723203
0.32685276796588414
0.33813072264026245
0.32685276796588414
0.32685276796588414
0.3268533902680544
0.3268950956486295
0.3268704000491168
0.9317565911065293
0.3269532931131602
0.32685276796588414
0.32685276796588414
0.32685276796588414
0.3293176758126949
0.3268704000491168
0.3268533902680544
0.32685276796588414
0.3268533902680544
0.32693628333209773
0.32685276796588414
0.32685276796588414
0.3268533902680544
0.3268704000491168
0.7396340261772532
1.4414510735002701
0.32685276796588414
0.7960077396963502
0.3268704000491168
0.32685276796588414
0.32687102235128707
0.32685276796588414
0.32685276796588414
0.3268704000491168
0.3268704000491168
0.32685276796588414
0.3268533902680544
0.33958521913300244
0.3268774635653968
0.3268704000491168
0.3268704000491168
0.3268704000491168
0.3268704000491168
0.3268704000491168
0.3268704000491168
0.32685276796588414
0.32685276796588414
0.3268774635653968
0.32691096543041476
0.32685276796588414
0.32685276796588414
0.32685276796588414
0.32786495067388133
0.3268533902680544
0.3268704000491168
0.3268533902680544
0.5239049676172
0.33853762193752435
0.3293353078959276
0.32685276796588414
0.32685276796588414
0.32685276796588414
0.32691096543041476
0.3268704000491168
0.32685276796588414
0.32860638008537657
0.32685276796588414
0.3268533902680544
0.32691096543041476
0.32687102235128707
0.32691096543041476
0.32687808586756706
0.32685276796588414
0.32685276796588414
0.8548781865220142
0.32685276796588414
0.32685276796588414
0.32685276796588414
0.364642169417285
0.32685276796588414
0.3268704000491168
0.3471278217814453
0.32693628333209773
0.32685276796588414
0.32685276796588414
0.3284153830245242
0.32685276796588414
0.3268774635653968
0.32685276796588414
0.33853816948181015
0.3268704000491168
0.32685276796588414
0.32685276796588414
0.32685276796588414
0.32685276796588414
0.3292594783481642
0.3268704000491168
0.3268774635653968
0.32685276796588414
0.3268704000491168
0.32685276796588414
0.32685276796588414
0.3269532931131602
0.32693566102992744
0.32687102235128707
0.32685276796588414
0.3268774635653968
0.8913284016068799
0.3268704000491168
0.32685276796588414
0.32685276796588414
0.32687102235128707
0.3268533902680544
0.32685276796588414
0.3268950956486295
0.32685331551016994
0.3268533902680544
0.32685276796588414
0.3667754145579511
0.32685276796588414
0.34654913573354695
0.32839915238060635
0.7960346074965317
0.32685276796588414
0.32685276796588414
0.32685276796588414
0.4242565408460075
0.32685276796588414
0.32685276796588414
0.3285787369983459
0.32685276796588414
0.32685276796588414
0.3646408790969924
0.553522817810951
0.3268704000491168
0.7957641285179022
0.3268533902680544
0.3274314540137825
0.3268704000491168
0.3268533902680544
0.35472295119957886
0.32685276796588414
0.3278408773765389
0.32685276796588414
0.33853762193752435
0.32685276796588414
0.3547228764416944
0.3268704000491168
0.32685276796588414
0.3268704000491168
0.32685276796588414
0.32685276796588414
0.3268704000491168
0.32685276796588414
0.3268704000491168
0.3268704000491168
0.32685276796588414
0.3268533902680544
0.3283985300784361
0.3268533902680544
0.3268533902680544
0.32685276796588414
0.32692921981581774
0.32691096543041476
0.3268704000491168
0.32685276796588414
0.32685276796588414
0.32685276796588414
0.32685276796588414
0.3547235735017491
0.32685276796588414
0.32785788715760134
0.9504673604195495
0.3293106122964149
0.32685276796588414
0.3268704000491168
0.3268533902680544
0.32685276796588414
0.32685276796588414
0.5668554230048553
0.32685276796588414
0.32685276796588414
0.32685276796588414
0.3268533902680544
0.32685276796588414
0.3268704000491168
0.3268533902680544
0.32685276796588414
0.32685276796588414
0.3268774635653968
0.3268704000491168
0.32685276796588414
1.5571373730854747
0.3268704000491168
0.32685276796588414
0.32685276796588414
0.3268533902680544
0.32685276796588414
0.3268533902680544
0.32685276796588414
0.8912329417586258
0.32685276796588414
0.32685276796588414
0.32685276796588414
0.32691096543041476
0.32685276796588414
0.3268704000491168
0.32685276796588414
0.32685276796588414
0.3268704000491168
0.3268533902680544
0.32685276796588414
0.32685276796588414
0.5239049676172
0.3268704000491168
0.8185426171988166
0.3297909531360319
0.3268704000491168
0.32693628333209773
0.35474058328281155
0.3268704000491168
0.32685276796588414
0.3268533902680544
0.32685276796588414
0.32685276796588414
0.3269532931131602
0.32685276796588414
0.3385382442396946
0.7960346074965317
0.32685276796588414
0.32685276796588414
0.32685276796588414
0.32685276796588414
0.338538912257817
0.32685276796588414
0.3268533902680544
0.3268704000491168
0.32685276796588414
0.32685276796588414
0.32685276796588414
0.3268704000491168
0.3268774635653968
0.32685276796588414
0.32685276796588414
0.3268533902680544
0.3283985300784361
0.32685276796588414
0.32685276796588414
0.32685276796588414
0.32685276796588414
0.3268533902680544
0.3268533902680544
0.3268533902680544
0.32685276796588414
0.32685276796588414
0.32685276796588414
0.3268704000491168
0.32685276796588414
0.32685276796588414
0.32685276796588414
0.3268704000491168
0.32687102235128707
0.3268704000491168
0.32685276796588414
0.32685276796588414
0.32685276796588414
0.32685276796588414
0.32685276796588414
0.32685276796588414
0.3278585094597716
0.7958331083609
0.32685276796588414
0.3268533902680544
0.32685276796588414
0.32685276796588414
0.3268774635653968
0.32685276796588414
0.3268704000491168
0.32685276796588414
0.32685276796588414
0.3268704000491168
0.32685276796588414
0.3268704000491168
0.32685276796588414
0.3268704000491168
0.3268704000491168
0.32687808586756706
0.32685276796588414
0.3268704000491168
0.32867926214562193
0.3268533902680544
0.32685276796588414
0.32685276796588414
0.3268533902680544
0.32685276796588414
0.32687102235128707
0.32685276796588414
0.8913284016068799
0.32685276796588414
0.553522817810951
0.3268704000491168
0.3283985300784361
0.32685276796588414
0.32784025507436865
0.3268704000491168
0.32685276796588414
0.3268533902680544
0.32685276796588414
0.32685276796588414
0.32685276796588414
0.9504673604195495
0.32691096543041476
0.3268704000491168
0.32693566102992744
0.338538912257817
0.32687808586756706
0.32685276796588414
0.32687808586756706
0.32685276796588414
0.32685276796588414
0.5668293099749976
0.32685276796588414
0.32685276796588414
0.32685276796588414
0.32685276796588414
0.32685276796588414
0.4242869981129621
0.3268774635653968
0.32685276796588414
1.4414534140642214
0.33818762978450045
0.32685276796588414
0.328957509480115
0.3268704000491168
0.6928088624820854
0.32685276796588414
0.8668478867728844
0.32685276796588414
0.3268704000491168
0.32685276796588414
0.32691096543041476
0.3268533902680544
0.32685276796588414
0.32685276796588414
0.32685276796588414
0.3286716410661872
0.3268533902680544
0.32685276796588414
0.3268533902680544
0.3381293575620853
0.32687808586756706
0.32685276796588414
0.32685276796588414
0.3385375471796399
0.32685276796588414
0.3268533902680544
0.3268774635653968
0.5239049676172
1.4414514960420408
0.3268704000491168
0.33818892010479307
0.338562317537037
0.3268533902680544
0.3268704000491168
0.3268533902680544
0.32685276796588414
0.32685276796588414
0.3268533902680544
0.3268774635653968
0.32685276796588414
0.32685276796588414
0.3268704000491168
0.32685276796588414
0.32685276796588414
0.32685276796588414
0.32685276796588414
0.32691096543041476
0.3268704000491168
0.32687102235128707
0.8912329417586258
0.3268533902680544
0.32685276796588414
0.32685276796588414
0.3278408773765389
0.32685276796588414
0.32685276796588414
0.3268533902680544
0.32685276796588414
0.3298315185173299
0.32685276796588414
0.3268533902680544
0.32685276796588414
0.32685276796588414
0.32685276796588414
0.32685276796588414
0.3268533902680544
0.3297733210527992
0.3268533902680544
0.32685276796588414
0.32685276796588414
0.3381294323199697
0.3268950956486295
0.32685276796588414
0.32685276796588414
0.3268533902680544
0.3268704000491168
0.3268704000491168
0.32866163006238924
0.32685276796588414
0.3268533902680544
0.7957641285179022
0.5239049676172
0.32685276796588414
0.3285787369983459
0.3268533902680544
0.32685276796588414
0.326911587732585
0.32685276796588414
0.3268533902680544
0.32685276796588414
0.32685276796588414
0.32685276796588414
0.5668554230048553
0.3268774635653968
0.32693566102992744
0.32685276796588414
0.32685276796588414
0.32685276796588414
0.3268526932079997
0.3268533902680544
0.3268704000491168
0.3268704000491168
0.32685276796588414
0.7960593030960443
0.3268704000491168
0.5668801186043679
0.32685276796588414
0.3268704000491168
0.32685276796588414
0.9504673604195495
0.3268704000491168
0.32685276796588414
0.32685276796588414
0.32685276796588414
0.8668478867728844
0.3268704000491168
0.32685276796588414
0.32685276796588414
0.32930766480889695
0.32685276796588414
0.32687102235128707
0.32685276796588414
0.32685276796588414
0.32685276796588414
0.32685276796588414
0.32685276796588414
0.32749671499459315
0.3268704000491168
0.32685276796588414
0.3268704000491168
0.3297909531360319
0.32685276796588414
0.32685276796588414
0.32685276796588414
0.32685276796588414
0.3285787369983459
0.32685276796588414
0.3547811486641095
0.3268533902680544
0.3268709475934026
0.32685276796588414
0.32741444423272004
0.3283985300784361
0.3268704000491168
0.32685276796588414
0.32685276796588414
0.3268704000491168
0.3268704000491168
0.3268704000491168
0.32685276796588414
0.3268704000491168
0.32685276796588414
0.32685276796588414
0.3268704000491168
0.3268774635653968
0.32685276796588414
0.32685276796588414
0.3268533902680544
0.3268774635653968
0.3268533902680544
0.7958599761610816
0.32687102235128707
0.32685276796588414
0.32685276796588414
0.32685276796588414
1.4414401221982664
0.32685276796588414
0.32685276796588414
0.3268774635653968
0.32685276796588414
0.32685276796588414
0.32685276796588414
0.32687102235128707
0.32685276796588414
0.32685276796588414
0.3283985300784361
0.3268533902680544
0.3268704000491168
0.32685276796588414
0.3268704000491168
0.32685276796588414
0.553522817810951
0.3268704000491168
0.32685276796588414
0.32693566102992744
0.35478107390622504
0.32685276796588414
0.3268704000491168
0.3268533902680544
0.32685276796588414
0.32685276796588414
0.3268704000491168
0.32687808586756706
0.3268533902680544
0.32685276796588414
0.32685276796588414
0.32693566102992744
0.32685276796588414
0.3268533902680544
0.32685276796588414
0.5668554230048553
0.32685276796588414
0.32685276796588414
0.3268533902680544
0.32685276796588414
0.5668457821478426
0.3268704000491168
0.32685276796588414
0.326911587732585
0.3268704000491168
0.32685276796588414
0.32685276796588414
0.32685276796588414
0.32685276796588414
0.32685276796588414
0.32685276796588414
0.32687102235128707
0.5239049676172
0.3268704000491168
0.3284013090390343
0.32685276796588414
0.32685276796588414
0.3278408773765389
0.32685276796588414
0.32693566102992744
0.3381294323199697
0.3268704000491168
0.32685276796588414
0.32685276796588414
0.32685276796588414
0.32685276796588414
0.3268704000491168
0.32685276796588414
0.3268704000491168
0.3268774635653968
0.32979157543820214
0.32685276796588414
0.32784025507436865
0.3268704000491168
0.3285787369983459
0.3268704000491168
0.3297909531360319
0.32685276796588414
0.338538912257817
0.32685276796588414
0.32685276796588414
0.3268533902680544
0.32685276796588414
0.3274138219305498
0.3268533902680544
0.3268533902680544
0.3297733210527992
0.35344969103602986
0.32922477174485354
0.32685276796588414
0.3283985300784361
0.9689950266309251
0.3268533902680544
0.3381313449424327
0.32685276796588414
0.32685276796588414
0.3268774635653968
0.32685276796588414
0.3283985300784361
0.4242869981129621
0.32685276796588414
0.32685276796588414
0.32685276796588414
0.3268533902680544
0.3268533902680544
0.32685276796588414
0.3268704000491168
0.32687102235128707
0.3268774635653968
0.3268950956486295
0.32685276796588414
0.32685276796588414
0.3268533902680544
0.3268704000491168
0.3286716410661872
0.32687808586756706
0.3268704000491168
0.3268533902680544
0.32685276796588414
0.32685276796588414
0.3268533902680544
0.3269285975136475
0.32687102235128707
0.32685276796588414
0.5239049676172
0.34654913573354695
0.32685276796588414
0.4243083487368864
0.32685276796588414
1.0348400159872453
0.3268950956486295
0.32685276796588414
0.3286716410661872
0.32685276796588414
0.32685276796588414
0.32685276796588414
0.3268704000491168
0.32685276796588414
0.32685276796588414
0.32685276796588414
0.32866163006238924
0.35472295119957886
0.3268704000491168
0.32693628333209773
0.3268704000491168
0.32685276796588414
0.32685276796588414
0.32685276796588414
0.32685276796588414
0.32685276796588414
0.32685276796588414
0.32685276796588414
0.32685276796588414
0.32685276796588414
0.32693566102992744
0.32685276796588414
0.338562317537037
0.32685276796588414
0.7960346074965317
0.32685276796588414
0.35472295119957886
0.8912329417586258
0.32685276796588414
0.32687102235128707
0.32685276796588414
0.32685276796588414
0.32685276796588414
0.32685276796588414
0.32685276796588414
0.32685276796588414
0.32687102235128707
0.3465673901189499
0.32685276796588414
0.3274138219305498
0.32685276796588414
0.3297980166523119
0.34656676781677964
0.32685276796588414
0.32685276796588414
0.5239049676172
0.3268704000491168
0.32693566102992744
0.32687102235128707
0.3268704000491168
0.3268704000491168
0.8668478867728844
0.3268533902680544
0.32687102235128707
0.32685276796588414
0.5239049676172
1.4414405447400374
0.3268774635653968
0.32685276796588414
0.8912329417586258
0.32685276796588414
0.3268704000491168
0.3278408773765389
0.8668478867728844
0.32685276796588414
0.32685276796588414
0.32685276796588414
0.3268774635653968
0.32685276796588414
0.32685276796588414
0.32685276796588414
0.3274138219305498
0.3268704000491168
0.3278408773765389
0.326911587732585
0.3268704000491168
0.32685276796588414
0.32685276796588414
0.3381294323199697
0.32685276796588414
0.3268774635653968
0.32685276796588414
0.3268533902680544
0.3268774635653968
0.3278408773765389
0.32685276796588414
0.32685276796588414
0.3268704000491168
0.3268533902680544
0.32685276796588414
0.3278408773765389
0.32685276796588414
0.3268704000491168
0.7957641285179022
0.32685276796588414
0.32685276796588414
0.32685276796588414
0.32685276796588414
0.32685276796588414
0.32685276796588414
0.32685276796588414
0.3268533902680544
0.32685276796588414
0.3268533902680544
0.3268704000491168
0.3268774635653968
0.5239049676172
0.3268533902680544
0.8912329417586258
0.32685276796588414
0.32685276796588414
0.32685276796588414
0.3292594783481642
0.32685276796588414
0.32685276796588414
0.32685276796588414
0.32685276796588414
0.3268704000491168
0.7957641285179022
0.32685276796588414
0.32685276796588414
0.32685276796588414
0.32685276796588414
0.32685276796588414
0.3268533902680544
1.4414510735002701
0.32685276796588414
0.32685276796588414
0.32685276796588414
0.32687102235128707
0.32685276796588414
0.32685276796588414
0.32685276796588414
0.32685276796588414
