0.3268774635653968
0.5668283563853936
0.3268526932079997
0.8912319881690218
0.3268773888075124
0.3268526932079997
0.3268526932079997
0.3268704000491168
0.3292493925864818
0.3268526932079997
1.4414391584149269
0.3381293575620853
0.3268526932079997
0.32860335783997413
1.4414391584149269
0.3268526932079997
0.32685276796588414
0.3269108906725303
0.3465490609756625
0.3268526932079997
0.3268773888075124
0.3268526932079997
0.3268526932079997
0.3465490609756625
0.3268526932079997
0.3268526932079997
0.5669666250452828
0.3293075900510125
0.3268773888075124
0.3268526932079997
0.3268526932079997
0.3268526932079997
0.3268773888075124
0.3268526932079997
0.3268526932079997
0.3268526932079997
0.3268526932079997
0.3268703252912324
0.3268526932079997
0.3268526932079997
0.3292246969869691
0.32685276796588414
0.3268773888075124
0.48082908779860045
0.3268526932079997
0.3269108906725303
0.3268773888075124
0.3268526932079997
0.3268773888075124
0.3268526932079997
0.3268526932079997
0.5190477339189106
0.3268526932079997
0.3268526932079997
0.3268526932079997
0.3481991955238801
0.3268526932079997
0.3278401803164842
0.3268526932079997
0.3268773888075124
0.3292246969869691
0.3268773888075124
0.3268526932079997
0.3268526932079997
0.3268526932079997
0.9504664068299455
0.3268526932079997
0.32685276796588414
0.3268526932079997
0.3268526932079997
0.3268526932079997
0.32895679859648314
0.3268526932079997
0.3268526932079997
0.3292246969869691
0.3547228764416944
0.3268773888075124
0.32685276796588414
0.32685331551016994
0.35472295119957886
0.3268526932079997
0.3268773888075124
0.3268526932079997
0.7903720577011025
0.3268703252912324
0.7957640537600177
0.35472295119957886
0.3268526932079997
0.3268773888075124
0.3268526932079997
0.5821300838432796
0.3268773888075124
0.3268526932079997
0.5668283563853936
0.3268526932079997
0.3268526932079997
0.3285886732442594
1.4414395809566978
0.3268526932079997
0.32857866224046145
0.32685331551016994
0.3268526932079997
0.3268773888075124
0.3268526932079997
0.3268526932079997
0.3268526932079997
0.3268526932079997
0.3268526932079997
0.3268703252912324
0.3268526932079997
0.3268526932079997
0.3385622427791526
0.3268526932079997
0.3268526932079997
0.3268526932079997
0.36520193306165805
0.3268526932079997
0.3283985300784361
0.3268773888075124
0.3268774635653968
0.3268526932079997
0.3268526932079997
0.3268773888075124
0.3268526932079997
0.3268773888075124
0.3268526932079997
0.3268526932079997
0.3268526932079997
0.3268526932079997
0.3268526932079997
0.32860630532749213
0.3268526932079997
0.3268526932079997
0.3268773888075124
0.3268526932079997
0.32685276796588414
0.3292493925864818
0.3268773888075124
0.35472295119957886
0.3268526932079997
0.7460783133575665
0.3268526932079997
0.4556679357818114
0.32685276796588414
0.3268526932079997
0.3268526932079997
0.3278401803164842
0.3268526932079997
0.7007874145232444
0.3268526932079997
0.9504664068299455
0.3268526932079997
0.32857866224046145
0.3268526932079997
0.3283978191948042
0.3285787369983459
0.3268526932079997
0.3268703252912324
0.3268526932079997
0.3268773888075124
0.3268526932079997
0.3268526932079997
0.3268526932079997
0.3268526932079997
0.3268526932079997
0.3268526932079997
0.3268526932079997
0.3268526932079997
0.5845857418890801
0.3292493925864818
0.3283978191948042
0.7957887493595304
0.32895679859648314
0.3268773888075124
0.3268526932079997
0.3293075900510125
0.3268526932079997
0.3547228764416944
0.3268526932079997
0.3268526932079997
0.3268773888075124
0.3268526932079997
0.6745602578090275
0.3268703252912324
0.3268526932079997
0.3268526932079997
0.3268526932079997
0.3268703252912324
0.3268526932079997
0.32685276796588414
0.3268526932079997
0.3278578123997169
0.3268526932079997
0.3385375471796399
0.3268526932079997
0.326935586272043
0.3268526932079997
0.3268526932079997
0.3268526932079997
0.3268526932079997
0.3268526932079997
0.8919536403897815
0.32741374717266536
0.3268526932079997
0.7957640537600177
0.3268526932079997
0.3268526932079997
0.3268526932079997
0.32685276796588414
0.32685276796588414
0.3268526932079997
0.3268526932079997
0.3268526932079997
0.3268526932079997
0.3268526932079997
0.3547228764416944
0.3268526932079997
0.3268526932079997
0.3268526932079997
0.7957640537600177
0.3268703252912324
0.35607183055219227
0.5651318601387824
0.5668283563853936
0.3292493925864818
0.3268773888075124
0.3285886732442594
0.3391181349908625
0.3268526932079997
1.419655488994486
0.3268526932079997
0.326935586272043
0.32685276796588414
1.4414391584149269
0.3268526932079997
0.3292493925864818
0.32685276796588414
0.3268526932079997
0.5668283563853936
0.3268526932079997
0.3268526932079997
0.3268526932079997
0.7957640537600177
0.3268526932079997
0.7957640537600177
0.3268526932079997
0.3268526932079997
0.3268526932079997
0.3268526932079997
0.3268526932079997
0.3268526932079997
0.32685276796588414
0.3268526932079997
0.32685276796588414
0.32685276796588414
0.3268773888075124
0.3268526932079997
0.3268526932079997
0.3268526932079997
0.3268526932079997
0.3268526932079997
0.3268526932079997
0.3268526932079997
0.3268526932079997
0.5668283563853936
0.32691096543041476
0.3268526932079997
0.3547228764416944
0.3268773888075124
0.3297732462949148
0.3268526932079997
0.32685276796588414
0.3283985300784361
0.3278648759159969
0.7957640537600177
0.3268526932079997
0.3268703252912324
0.3268526932079997
0.3268773888075124
0.3269108906725303
0.3268526932079997
0.3268526932079997
0.3268526932079997
0.3268526932079997
0.3268526932079997
0.3268526932079997
0.32685276796588414
0.3547228764416944
0.3268526932079997
0.3268773888075124
0.3268526932079997
0.3268526932079997
0.32857866224046145
0.3381293575620853
0.3268526932079997
0.3268526932079997
0.3268526932079997
1.4414391584149269
0.3268526932079997
0.32685276796588414
0.9510504336217127
0.3268526932079997
0.3268526932079997
0.3268526932079997
0.3268526932079997
0.3268526932079997
0.3268526932079997
0.3385375471796399
0.3268526932079997
0.32857866224046145
0.3268526932079997
0.32741374717266536
0.32685276796588414
0.3268526932079997
0.3268526932079997
0.3268526932079997
0.3268526932079997
0.3268526932079997
0.326935586272043
0.3268773888075124
0.5596597699881956
0.3268526932079997
0.32685276796588414
0.332780758160415
0.3268773888075124
0.32685276796588414
0.3268526932079997
0.3268773888075124
0.32685276796588414
0.3268526932079997
0.3268526932079997
0.3285787369983459
0.3268526932079997
0.3268526932079997
0.3268526932079997
0.3268526932079997
0.3268526932079997
0.3268526932079997
0.32857866224046145
0.3547228764416944
0.3268526932079997
0.3268526932079997
0.3268526932079997
0.3268526932079997
0.3268526932079997
0.32685331551016994
0.5239049676172
0.3268526932079997
0.32685276796588414
0.3278401803164842
0.3268526932079997
0.3268703252912324
0.3268526932079997
0.3268526932079997
0.3268526932079997
0.3286209899232069
0.3268526932079997
0.3268526932079997
0.3268526932079997
0.32685276796588414
0.3268526932079997
0.8912319881690218
0.3268526932079997
0.3268526932079997
0.3268526932079997
0.3268526932079997
0.3268526932079997
0.3268526932079997
0.3547475720412071
0.3268526932079997
0.3268526932079997
0.5239048928593155
0.3268526932079997
1.4414396912489809
0.3268526932079997
0.3268526932079997
0.3268526932079997
0.9504664068299455
0.3283978191948042
0.3471101149403282
0.3283978191948042
1.4420373823992958
0.3268773888075124
0.3268526932079997
0.3268526932079997
0.3268526932079997
0.49279872199994634
0.7903719829432181
0.3268526932079997
0.5239048928593155
0.5668283563853936
0.3547228764416944
0.3268526932079997
0.3268773888075124
0.3297733210527992
0.3278401803164842
0.3268773888075124
0.5535227430530666
0.3268526932079997
0.32685331551016994
0.3471101896982126
0.3268526932079997
0.32685276796588414
0.32685276796588414
0.3268526932079997
0.3268526932079997
0.3268526932079997
0.3268526932079997
0.3292493925864818
0.326935586272043
0.3268526932079997
0.3268526932079997
0.3292493925864818
0.3268526932079997
0.3283978191948042
0.7957887493595304
0.3268526932079997
0.3268526932079997
0.326935586272043
0.3278648759159969
0.3268526932079997
0.3268526932079997
0.3268526932079997
0.7957641285179022
0.3268526932079997
0.34656709405584973
0.3268773888075124
0.3268526932079997
0.3268526932079997
0.7957640537600177
0.3268526932079997
0.32685276796588414
0.3268773888075124
0.7957640537600177
0.3268526932079997
0.3385375471796399
0.7957640537600177
0.32685276796588414
0.3268773888075124
0.3268526932079997
0.3268526932079997
0.3268526932079997
0.3268773888075124
0.3268526932079997
0.3268526932079997
0.3268703252912324
0.5535227430530666
0.3268526932079997
0.3268526932079997
0.4250177629522176
0.3268526932079997
1.4420378049410665
0.3268773888075124
0.7903472873437054
0.33853762193752435
0.3283978191948042
0.32685331551016994
0.3268526932079997
0.3268526932079997
0.7958599014031973
0.3268526932079997
0.3268703252912324
0.3268526932079997
0.3268526932079997
0.3268526932079997
0.3268526932079997
0.3268526932079997
0.32685276796588414
0.3268773888075124
0.3268526932079997
0.3268773888075124
0.3268526932079997
0.3283978191948042
0.3268526932079997
0.3268526932079997
0.326935586272043
0.3268526932079997
0.32685331551016994
0.3268526932079997
0.3268526932079997
0.3283978191948042
0.3268526932079997
0.32685276796588414
0.3547228764416944
0.7957640537600177
0.3268526932079997
0.32689502089074507
0.32685276796588414
0.3297733210527992
0.3268526932079997
0.3268773888075124
0.3268526932079997
0.5257373577653852
0.32685276796588414
0.3268774635653968
0.5668530519849063
0.3547228764416944
0.3283978191948042
0.34656709405584973
0.3268526932079997
0.3268526932079997
0.3268774635653968
0.3268526932079997
0.7321190509626454
0.3268526932079997
0.3268526932079997
0.32685276796588414
0.338130647882378
0.3268526932079997
0.3268526932079997
0.5674400016708366
0.3268526932079997
0.3268526932079997
0.3268773888075124
0.3268773888075124
0.3268526932079997
0.32685276796588414
0.3268526932079997
0.3268703252912324
0.3268526932079997
0.326935586272043
0.3268526932079997
0.3268526932079997
0.33909860114430557
0.32895679859648314
0.5668283563853936
0.3268526932079997
0.3268773888075124
1.4414395809566978
0.5668283563853936
0.3268526932079997
0.3268526932079997
0.3268526932079997
0.3268526932079997
0.3268703252912324
0.3268526932079997
0.32685276796588414
0.3268526932079997
0.3268526932079997
0.3268526932079997
0.3268526932079997
0.3268773888075124
0.338562317537037
0.3268526932079997
0.33853762193752435
0.3268773888075124
0.3268526932079997
0.3471101149403282
0.3385622427791526
0.3268773888075124
0.3268526932079997
0.3547228764416944
0.3268526932079997
0.5668283563853936
0.3268703252912324
0.3268526932079997
0.3268773888075124
0.3268526932079997
0.3268526932079997
0.3268526932079997
0.3268526932079997
0.3268526932079997
0.3268526932079997
0.5669666250452828
0.3268526932079997
0.3268526932079997
0.3297732462949148
0.32857866224046145
0.3278401803164842
0.3268526932079997
0.33911684467056985
0.3268526932079997
0.3268526932079997
0.3268703252912324
0.32685276796588414
0.3268526932079997
0.3268526932079997
0.3292493925864818
0.32685276796588414
0.34712774702356086
0.3268526932079997
0.3268526932079997
0.3268773888075124
0.3268526932079997
0.3268526932079997
0.3268526932079997
0.3268526932079997
0.3268526932079997
0.3268526932079997
0.3268526932079997
0.3547811486641095
0.3268526932079997
0.3268526932079997
0.3268526932079997
0.3268526932079997
0.32685276796588414
1.4414391584149269
0.3268526932079997
0.326935586272043
0.34874345369279813
0.32685276796588414
0.3268526932079997
0.3268526932079997
0.3268526932079997
1.4414505322587012
1.4414395809566978
0.3268526932079997
0.3268773888075124
0.3268526932079997
0.3268526932079997
0.3547228764416944
0.3268773888075124
0.3268526932079997
0.3268526932079997
0.9316442119845645
0.3268526932079997
0.3268526932079997
0.3268703252912324
0.3269108906725303
0.3268526932079997
0.3268526932079997
0.3268526932079997
0.3268526932079997
0.3268526932079997
0.32685276796588414
0.3268526932079997
0.32923470799076704
0.8665773330363704
0.3268773888075124
0.3268526932079997
0.3268773888075124
0.5239048928593155
0.32685276796588414
0.3268773888075124
1.6422816319787
0.3293075900510125
0.3268526932079997
0.326935586272043
0.3268526932079997
0.7957640537600177
0.3268773888075124
0.3268526932079997
0.3268526932079997
0.3278401803164842
0.3268526932079997
0.3385375471796399
0.3268526932079997
0.3268526932079997
0.3268526932079997
0.3385375471796399
0.3268773888075124
0.3268526932079997
0.3268773888075124
0.5239048928593155
0.3268526932079997
0.3268526932079997
0.3268526932079997
0.3268526932079997
0.7957640537600177
0.7957641285179022
0.3268526932079997
0.3268526932079997
0.3285886732442594
0.3268526932079997
0.5239048928593155
0.3268526932079997
0.3269108906725303
0.42501705206858575
0.3268526932079997
0.3268526932079997
0.3268526932079997
0.3268773888075124
0.3471101149403282
0.5239048928593155
0.3292594035902798
0.326935586272043
0.3268526932079997
0.32685276796588414
0.3547228764416944
0.3268526932079997
0.3268773888075124
0.3268526932079997
1.4196446479847655
0.3268526932079997
0.33853762193752435
0.32895679859648314
0.3268526932079997
0.3268526932079997
0.3285962943236942
0.3268774635653968
0.3268773888075124
0.3268526932079997
0.3268526932079997
0.326935586272043
0.326935586272043
0.32685276796588414
0.3268526932079997
0.3268526932079997
0.3268526932079997
0.3268526932079997
0.3278990000831851
0.8912319881690218
0.3283985300784361
0.3297732462949148
0.3268526932079997
0.3268526932079997
0.5668283563853936
0.3268526932079997
0.3268526932079997
0.34713481053984085
0.3268773888075124
0.3322285635506858
0.35474764679909154
0.3268526932079997
0.3268526932079997
0.3268774635653968
0.3268526932079997
0.3268526932079997
0.32685276796588414
0.32685276796588414
0.3268773888075124
0.3268526932079997
0.3268526932079997
0.3547228764416944
0.3297733210527992
0.3268526932079997
0.3269108906725303
0.35472295119957886
0.3268526932079997
0.3268526932079997
0.3268526932079997
0.3268526932079997
0.3292246969869691
0.3268773888075124
0.3268773888075124
0.3268526932079997
0.8912319881690218
0.3268703252912324
0.5668283563853936
0.3268773888075124
0.3268526932079997
0.3268526932079997
0.3283978191948042
0.32685276796588414
0.32685276796588414
0.3268526932079997
0.3268774635653968
0.3268526932079997
0.3268773888075124
0.32857866224046145
0.4468801815064599
0.32692852275576306
0.3268773888075124
0.33853762193752435
0.3268526932079997
1.6422118853243453
1.4414391584149269
0.3268526932079997
0.3297732462949148
0.3268526932079997
0.3268526932079997
0.5535227430530666
0.3268526932079997
0.32685276796588414
1.4196441151507115
0.3268526932079997
0.32685276796588414
0.3268526932079997
0.3268526932079997
0.3268526932079997
0.4680626074693148
0.3268526932079997
0.3268526932079997
0.3268526932079997
0.3268526932079997
0.3268526932079997
0.3283978191948042
0.3268773888075124
0.3268526932079997
0.3268773888075124
0.3268526932079997
0.3268526932079997
0.3268526932079997
0.7957640537600177
0.338154053161598
0.3268526932079997
0.32685276796588414
0.3268526932079997
0.3268526932079997
0.34713481053984085
0.3268773888075124
0.3268526932079997
0.7307549815294871
0.3268526932079997
0.5469619727906934
0.3268526932079997
0.3268773888075124
0.3268526932079997
0.3268526932079997
0.3285787369983459
0.5239048928593155
0.3268773888075124
0.3381293575620853
0.3268774635653968
0.3268526932079997
0.3268526932079997
0.3268526932079997
0.7903719829432181
0.3268526932079997
0.3268773888075124
0.523874435592361
0.3268526932079997
0.3268526932079997
0.3268773888075124
0.3268526932079997
0.3268526932079997
0.3268526932079997
0.3268526932079997
0.3268526932079997
0.34656709405584973
0.3268773888075124
0.3268526932079997
0.5821475096057286
0.32685276796588414
0.7903719829432181
1.4414395809566978
0.3268526932079997
0.3268526932079997
0.3269108906725303
0.3268773888075124
0.5668283563853936
0.3268526932079997
0.8912319881690218
0.3268526932079997
0.3268526932079997
0.3268526932079997
0.3268526932079997
0.3268773888075124
0.3268526932079997
0.3268526932079997
0.3268774635653968
0.3268526932079997
0.326935586272043
0.3268703252912324
0.3268526932079997
0.3268526932079997
0.5535227430530666
0.9800895140149453
0.3268526932079997
0.3268773888075124
0.3268773888075124
0.3268526932079997
0.3268526932079997
0.3268526932079997
0.3268526932079997
0.32860335783997413
0.3268526932079997
0.3268526932079997
0.32685276796588414
0.3268526932079997
0.3268526932079997
0.3268526932079997
0.3268773888075124
0.3268526932079997
0.3268526932079997
1.4420378049410665
0.3292493925864818
0.3268526932079997
0.3268773888075124
0.5239048928593155
0.3268773888075124
0.3268526932079997
0.3297733210527992
0.32841467214089237
0.32685276796588414
1.4414396912489809
0.33853762193752435
0.3268526932079997
0.32685276796588414
0.3268526932079997
0.3268526932079997
0.3268526932079997
0.3268526932079997
0.7957641285179022
0.3269108906725303
0.3268773888075124
0.3268526932079997
0.32685276796588414
0.3268773888075124
0.3268526932079997
0.48104463924280727
0.32741374717266536
0.3268773888075124
0.32685276796588414
0.3269108906725303
0.3268526932079997
0.3268773888075124
0.3268526932079997
0.3268526932079997
0.3268526932079997
0.3268526932079997
0.3268526932079997
0.32685276796588414
0.3268526932079997
0.34809768993330825
0.32857866224046145
0.32857866224046145
0.3268773888075124
0.3268526932079997
0.3268526932079997
0.3278401803164842
0.3268526932079997
0.3268526932079997
0.3268773888075124
1.4414395809566978
0.3278648759159969
0.3547228764416944
0.8894409917443267
0.3268526932079997
0.32685276796588414
0.32860343259785857
0.3297732462949148
0.3268526932079997
0.3381293575620853
0.32685276796588414
0.3547228764416944
0.3268773888075124
0.3268526932079997
0.3293075900510125
0.3268526932079997
0.3268704000491168
0.3268526932079997
0.3268526932079997
0.3268773888075124
0.3278401803164842
0.3268526932079997
0.3268526932079997
0.3268526932079997
0.3268526932079997
0.3268526932079997
0.3268526932079997
0.3268773888075124
0.3385375471796399
0.3268773888075124
0.3268526932079997
0.3268703252912324
0.3268526932079997
0.3268526932079997
0.3268526932079997
0.3268526932079997
0.3268526932079997
0.7960345327386473
0.3268526932079997
0.3268526932079997
0.3268526932079997
0.3268526932079997
0.3268526932079997
0.3268526932079997
0.3268526932079997
1.4414405447400374
0.8912319881690218
0.32857866224046145
0.3268526932079997
1.4414401137907518
0.3465490609756625
0.3268526932079997
0.3268526932079997
0.3268526932079997
0.3268780111096826
0.3268773888075124
0.3268526932079997
0.3268526932079997
0.33220386795117307
0.3547228764416944
0.3385375471796399
0.3268703252912324
0.3268526932079997
1.4414395809566978
0.3268526932079997
0.3268526932079997
0.3268526932079997
0.37732785216502684
0.3268526932079997
0.3547228764416944
0.3268773888075124
0.32685276796588414
0.326935586272043
0.3268526932079997
0.3268526932079997
0.3268526932079997
0.3269108906725303
0.3268526932079997
0.3268526932079997
0.3268773888075124
0.3547228764416944
0.3268526932079997
0.3268526932079997
0.3268526932079997
0.3268526932079997
0.338130647882378
