0.3268526932079997
0.32685276796588414
0.32685331551016994
0.32685276796588414
0.3268704000491168
0.3268526932079997
0.32685331551016994
0.32685331551016994
0.32685331551016994
0.3268533902680544
0.3269362085742133
0.32685331551016994
0.3268533902680544
0.32685331551016994
0.3268533902680544
0.3268533902680544
0.32685331551016994
0.32685276796588414
0.3268533902680544
0.3268526932079997
0.32685331551016994
0.32685276796588414
0.32685331551016994
0.3268526932079997
0.32685276796588414
0.3268533902680544
0.3268526932079997
0.3268533902680544
0.32685276796588414
0.32685276796588414
0.32685276796588414
0.3268526932079997
0.3268526932079997
0.32685331551016994
0.3268533902680544
0.3268526932079997
0.32685331551016994
0.3268533902680544
0.32685276796588414
0.32685276796588414
0.32693628333209773
0.3268703252912324
0.3268533902680544
0.3268533902680544
0.32685331551016994
0.32685331551016994
0.32685331551016994
0.32685331551016994
0.32685331551016994
0.3292347827486515
0.32685331551016994
0.3268533902680544
0.32687102235128707
0.32685276796588414
0.3268526932079997
0.3268526932079997
0.3268526932079997
0.3268709475934026
0.32685331551016994
0.32685276796588414
0.32685276796588414
0.3268533902680544
0.32685331551016994
0.32685276796588414
0.3268526932079997
0.32685331551016994
0.3268526932079997
0.32685276796588414
0.3268709475934026
0.3268533902680544
0.32685331551016994
0.32685276796588414
0.3268533902680544
0.32685331551016994
0.32685331551016994
0.32866163006238924
0.3268533902680544
0.42425582996237565
0.32685276796588414
0.3268704000491168
0.32685331551016994
0.3293075900510125
0.3268533902680544
0.3268526932079997
0.3268526932079997
0.3268533902680544
0.3268703252912324
0.32685276796588414
0.3268533902680544
0.3268533902680544
0.32685331551016994
0.32741374717266536
0.3268533902680544
0.3268526932079997
0.3268533902680544
0.32685331551016994
0.4242565408460075
0.3268533902680544
0.3268533902680544
0.32685276796588414
0.32685331551016994
0.3268704000491168
0.3268533902680544
0.3268533902680544
0.32685331551016994
0.32685331551016994
0.32685276796588414
0.3268533902680544
0.3268533902680544
0.32685331551016994
0.3268533902680544
0.3268533902680544
0.32685331551016994
0.32685276796588414
0.32685331551016994
0.32685276796588414
0.3268526932079997
0.32685331551016994
0.3268533902680544
0.3268526932079997
0.3268533902680544
0.32687102235128707
0.3268704000491168
0.32685276796588414
0.32685331551016994
0.32685276796588414
0.3268526932079997
0.3268526932079997
0.3268703252912324
0.32685331551016994
0.3268526932079997
0.32685331551016994
0.32685331551016994
0.3268533902680544
0.32685276796588414
0.3268526932079997
0.32685331551016994
0.3268526932079997
0.32685331551016994
0.32693566102992744
0.32685276796588414
0.3268526932079997
0.3268703252912324
0.32685276796588414
0.3268526932079997
0.3268709475934026
0.3268526932079997
0.3268533902680544
0.32685276796588414
0.3268533902680544
0.3297732462949148
0.5239210441435151
0.3268703252912324
0.32685331551016994
0.32685331551016994
0.32687102235128707
0.3268533902680544
0.3268526932079997
0.32685331551016994
0.32687102235128707
0.3268526932079997
0.32687102235128707
0.3268533902680544
0.3268526932079997
0.3268533902680544
0.32685276796588414
0.3268704000491168
0.3268526932079997
0.32685331551016994
0.3268533902680544
0.32685276796588414
0.32685276796588414
0.32685331551016994
0.326911587732585
0.3268533902680544
0.32685276796588414
0.3268533902680544
0.3268533902680544
0.3268526932079997
0.32685276796588414
0.3268533902680544
0.3268533902680544
0.3268526932079997
0.326935586272043
0.32685276796588414
0.3268533902680544
0.32685331551016994
0.32687102235128707
0.4242565408460075
0.3268533902680544
0.3268533902680544
0.3268526932079997
0.32685276796588414
0.3268704000491168
0.32685276796588414
0.3268704000491168
0.3268526932079997
0.32685331551016994
0.3268533902680544
0.3268533902680544
0.3268533902680544
0.32685276796588414
0.3268526932079997
0.32685276796588414
0.3269108906725303
0.3268533902680544
0.3268533902680544
0.3268533902680544
0.3268709475934026
0.32685276796588414
0.32685276796588414
0.32689571795079975
0.32685276796588414
0.32685331551016994
0.32685331551016994
0.3268709475934026
0.32685276796588414
0.32685276796588414
0.32685331551016994
0.32685276796588414
0.32685331551016994
0.32685331551016994
0.32685276796588414
0.3268526932079997
0.3268533902680544
0.3268533902680544
0.32685276796588414
0.7958330336030156
0.3268526932079997
0.32685276796588414
0.32685331551016994
0.32687102235128707
0.32685331551016994
0.32685331551016994
0.3268526932079997
0.3268709475934026
0.32687102235128707
0.32685331551016994
0.3268533902680544
0.32685276796588414
0.32685331551016994
0.32685276796588414
0.32685331551016994
0.326935586272043
0.3268533902680544
0.32685331551016994
0.3268533902680544
0.3269362085742133
0.32685276796588414
0.3268526932079997
0.3268533902680544
0.3268703252912324
0.3268533902680544
0.32685331551016994
0.32685276796588414
0.3268533902680544
0.3268533902680544
0.3268533902680544
0.32685276796588414
0.3268533902680544
0.32685331551016994
0.3268533902680544
0.32685276796588414
0.3268533902680544
0.3268526932079997
0.3268526932079997
0.3268533902680544
0.32685276796588414
0.3268703252912324
0.3268526932079997
0.32685276796588414
0.32685276796588414
1.4414405447400374
0.3285787369983459
0.32685276796588414
0.32685276796588414
0.32685331551016994
0.3268533902680544
0.3268533902680544
0.3268533902680544
0.3268526932079997
0.32685276796588414
0.3268533902680544
0.3268704000491168
0.3268526932079997
0.3284231370964871
0.3268533902680544
0.3268533902680544
0.3268526932079997
0.3268533902680544
0.32685276796588414
0.32685276796588414
0.32685276796588414
0.3268533902680544
0.32685331551016994
0.32685331551016994
0.3268533902680544
0.3268533902680544
0.3268533902680544
0.32685331551016994
0.32685276796588414
0.32685276796588414
0.3268526932079997
0.3268533902680544
0.32685331551016994
0.32685331551016994
0.3268526932079997
0.3268533902680544
0.3268533902680544
0.7960076649384658
0.32685331551016994
0.3268533902680544
0.3268526932079997
0.32689502089074507
0.3268703252912324
0.3268533902680544
0.3268526932079997
0.3268526932079997
0.3268526932079997
0.32685331551016994
0.3268533902680544
0.32687102235128707
0.3268533902680544
0.3268526932079997
0.3268533902680544
0.3268526932079997
0.32685276796588414
0.3268704000491168
0.32685276796588414
0.3268526932079997
0.32685276796588414
0.3268526932079997
0.3268526932079997
0.32685331551016994
0.3268533902680544
0.3268533902680544
0.3268526932079997
0.32685276796588414
0.32685276796588414
0.3268533902680544
0.3268703252912324
0.32685331551016994
0.3268526932079997
0.3268526932079997
0.32685276796588414
0.3268533902680544
0.32685331551016994
0.32685276796588414
0.3268533902680544
0.3268526932079997
0.3268703252912324
0.3268533902680544
0.32685331551016994
0.32685276796588414
0.3268703252912324
0.3268526932079997
0.32685331551016994
0.32685331551016994
0.32685331551016994
0.32685276796588414
0.32685331551016994
0.3268526932079997
0.3268526932079997
0.3268526932079997
0.32685331551016994
0.3268526932079997
0.3268526932079997
0.32685276796588414
0.3268533902680544
0.3268526932079997
0.3268533902680544
0.32685276796588414
0.3268533902680544
0.32685331551016994
0.3268526932079997
0.3268533902680544
0.3268709475934026
0.3268533902680544
0.3268533902680544
0.3268533902680544
0.32685276796588414
0.32685331551016994
0.32685331551016994
0.3268703252912324
0.3268703252912324
0.3268533902680544
0.3268533902680544
0.32685331551016994
0.3268533902680544
0.3268526932079997
0.3268533902680544
0.3268533902680544
0.32685276796588414
0.32687102235128707
0.3268533902680544
0.3268533902680544
0.32685331551016994
0.32685331551016994
0.3268709475934026
0.3268533902680544
0.3268533902680544
0.32685331551016994
0.32687102235128707
0.32685331551016994
0.3268703252912324
0.32685276796588414
0.3268704000491168
0.3268533902680544
0.32685331551016994
0.32685331551016994
0.3268533902680544
0.32685276796588414
0.3268533902680544
0.3268533902680544
0.32685276796588414
0.32692921981581774
0.32685331551016994
0.3268703252912324
0.32685331551016994
0.32693628333209773
0.7957372607177207
0.3268533902680544
0.32685331551016994
0.3268533902680544
0.3268533902680544
0.3268533902680544
0.32685276796588414
0.32687102235128707
0.32685276796588414
0.3268533902680544
0.3268533902680544
0.32685331551016994
0.3268704000491168
0.3268533902680544
0.3268533902680544
0.32685331551016994
0.32685276796588414
0.32685331551016994
0.3268526932079997
0.3269362085742133
0.32685276796588414
0.32685331551016994
0.3268526932079997
0.3268533902680544
0.32685276796588414
0.32687102235128707
0.3268533902680544
0.32685276796588414
0.3268533902680544
0.32687102235128707
0.3268533902680544
0.32685276796588414
0.32685331551016994
0.3268533902680544
0.3268533902680544
0.3268533902680544
0.32685276796588414
0.32685331551016994
0.3268704000491168
0.32685276796588414
0.3268533902680544
0.3292347827486515
0.3268533902680544
0.3268533902680544
0.3268533902680544
0.3268533902680544
0.32685331551016994
0.3268526932079997
0.3268526932079997
0.32687102235128707
0.3268704000491168
0.32685331551016994
0.3268774635653968
0.3268526932079997
0.32685276796588414
0.32685331551016994
0.32685331551016994
0.32685276796588414
0.3268533902680544
0.32685276796588414
0.32685331551016994
0.32685276796588414
0.32685276796588414
0.32685276796588414
0.3268526932079997
0.3268526932079997
0.3268533902680544
0.3268533902680544
0.3268533902680544
0.32685276796588414
0.3268526932079997
0.3268526932079997
0.32685331551016994
0.3268526932079997
0.3268533902680544
0.3268533902680544
0.32685331551016994
0.3268709475934026
0.3268709475934026
0.3268526932079997
0.32685276796588414
0.3268533902680544
0.3268533902680544
0.32685276796588414
0.3268526932079997
0.32685331551016994
0.3268533902680544
0.32685331551016994
0.32685331551016994
0.32685331551016994
0.32685276796588414
0.32685276796588414
0.32685331551016994
0.32685276796588414
0.32685331551016994
0.32685276796588414
0.3268533902680544
0.3268533902680544
0.3268704000491168
0.3268526932079997
0.3268526932079997
0.32857866224046145
0.3268533902680544
0.32685276796588414
0.3268533902680544
0.3268533902680544
0.3268526932079997
0.3268526932079997
0.32685276796588414
0.3268533902680544
0.32685276796588414
0.32685331551016994
0.3268533902680544
0.32685331551016994
0.3268533902680544
0.3268703252912324
0.32693628333209773
0.3268533902680544
0.3268533902680544
0.32685331551016994
0.3269108906725303
0.3268526932079997
0.32685276796588414
0.32693628333209773
0.3268526932079997
0.3268526932079997
0.32687102235128707
0.3268533902680544
0.3268533902680544
0.32685331551016994
0.3268709475934026
0.3268526932079997
0.32685331551016994
0.3268533902680544
0.3268704000491168
0.3268533902680544
0.3268533902680544
0.3268526932079997
0.32685331551016994
0.32687102235128707
0.3268533902680544
0.3268533902680544
0.32685276796588414
0.3268533902680544
0.3268526932079997
0.32685276796588414
0.3268533902680544
0.3268533902680544
0.3268526932079997
0.32685331551016994
0.3268533902680544
0.3268526932079997
0.3268704000491168
0.32685276796588414
0.3268526932079997
0.3268533902680544
0.32685331551016994
0.3268533902680544
0.3268526932079997
0.32685331551016994
0.3385375471796399
0.3268533902680544
0.3268526932079997
0.3268533902680544
0.3268533902680544
0.3268526932079997
0.3268533902680544
0.3268526932079997
0.3268533902680544
0.3268533902680544
0.32685331551016994
0.3268526932079997
0.3268533902680544
0.3268533902680544
0.3268526932079997
0.32687102235128707
0.32685276796588414
0.523874435592361
0.32685276796588414
0.3268526932079997
0.3268703252912324
0.3268704000491168
0.32685276796588414
0.3268526932079997
0.32685276796588414
0.32685331551016994
0.3268526932079997
0.3268526932079997
0.32685331551016994
0.3268709475934026
0.32685276796588414
0.3268526932079997
0.32685331551016994
0.32687102235128707
0.3268709475934026
0.32685331551016994
0.32687102235128707
0.32685276796588414
0.32685331551016994
0.3268526932079997
0.3268533902680544
0.3268526932079997
0.32685276796588414
0.32687102235128707
0.32685276796588414
0.3268533902680544
0.32685276796588414
0.42425582996237565
0.32685331551016994
0.32685276796588414
0.3268526932079997
0.3268526932079997
0.32687808586756706
0.8912250209908006
0.3268533902680544
0.3268533902680544
0.32685276796588414
0.32685276796588414
0.32685276796588414
0.3268526932079997
0.3268533902680544
0.3268703252912324
0.3268526932079997
0.32685276796588414
0.3268533902680544
0.3268533902680544
0.3268533902680544
0.3268703252912324
0.3268526932079997
0.3268709475934026
0.32685276796588414
0.32685331551016994
0.32685331551016994
0.32685276796588414
0.3268533902680544
0.3268704000491168
0.3268533902680544
0.32685276796588414
0.3268533902680544
0.3268533902680544
0.3268533902680544
0.3268533902680544
0.32685276796588414
0.3268526932079997
0.32685276796588414
0.3268709475934026
0.3268533902680544
0.3268533902680544
0.3268526932079997
0.3268703252912324
0.32685331551016994
0.32685276796588414
0.32685331551016994
0.3268533902680544
0.32685331551016994
0.32685276796588414
0.3268709475934026
0.32685276796588414
0.3268526932079997
0.3268704000491168
0.3268533902680544
0.3268533902680544
0.32685276796588414
0.32685331551016994
0.3268533902680544
0.3268526932079997
0.32685276796588414
0.32685276796588414
0.32685331551016994
0.3268533902680544
0.32685276796588414
0.32685331551016994
0.3269362085742133
0.32687102235128707
0.32685331551016994
0.32685331551016994
0.32687102235128707
0.3268533902680544
0.3268533902680544
0.3268533902680544
0.3292246969869691
0.32691096543041476
0.32685331551016994
0.3268533902680544
0.32687102235128707
0.3268780111096826
0.3268526932079997
0.3322306911067635
0.32685331551016994
0.32685331551016994
0.3268533902680544
0.32685276796588414
0.3268526932079997
0.32685331551016994
0.32685331551016994
0.3268533902680544
0.32687102235128707
0.3268704000491168
0.32685276796588414
0.3268533902680544
0.3268533902680544
0.32687102235128707
0.3268533902680544
0.3268533902680544
0.32687102235128707
0.32685331551016994
0.3268533902680544
0.32685331551016994
0.32685276796588414
0.32685276796588414
0.3268526932079997
0.3268533902680544
0.3268533902680544
0.32685276796588414
0.3268533902680544
0.3268526932079997
0.3268533902680544
0.32685276796588414
0.3268526932079997
0.32685331551016994
0.32685331551016994
0.3268526932079997
0.3268526932079997
0.32685276796588414
0.32685331551016994
0.32685276796588414
0.32685331551016994
0.32685276796588414
0.3268703252912324
0.3268526932079997
0.338538912257817
0.3268533902680544
0.3268533902680544
0.3268533902680544
0.3268533902680544
0.3268526932079997
0.32685331551016994
0.3268526932079997
0.3268709475934026
0.3268709475934026
0.32685276796588414
0.3268526932079997
0.3268526932079997
0.32685276796588414
0.32685276796588414
0.32685331551016994
0.32685276796588414
0.3268703252912324
0.32685331551016994
0.3268526932079997
0.32685331551016994
0.32685331551016994
0.3268526932079997
0.32685276796588414
0.3268533902680544
0.32839844149697445
0.32685331551016994
0.32685331551016994
0.3268709475934026
0.32693628333209773
0.3268533902680544
0.3268703252912324
0.3268533902680544
0.3268526932079997
0.3268533902680544
0.3268526932079997
0.3269108906725303
0.32685276796588414
0.3268704000491168
0.32685276796588414
0.3268533902680544
0.3268533902680544
0.32685331551016994
0.32685276796588414
0.3268709475934026
0.3268526932079997
0.3268533902680544
0.32685331551016994
0.3268533902680544
0.3268533902680544
0.3268533902680544
0.3268526932079997
0.3268709475934026
0.3268704000491168
0.32685276796588414
0.32685276796588414
0.32685331551016994
0.3268533902680544
0.3268526932079997
0.32685276796588414
0.32685331551016994
0.32685331551016994
0.32685276796588414
0.3268533902680544
0.3268526932079997
0.32685276796588414
0.32685276796588414
0.3268533902680544
0.32685276796588414
0.3268526932079997
0.3268533902680544
0.3268526932079997
0.32685276796588414
0.32685276796588414
0.32687102235128707
0.3268704000491168
0.3268526932079997
0.32685331551016994
0.32685331551016994
0.32685276796588414
0.32685276796588414
0.3268526932079997
0.3268533902680544
0.32687102235128707
0.3268533902680544
0.3268704000491168
0.32687102235128707
0.32685276796588414
0.3268526932079997
0.3268533902680544
0.32685276796588414
0.3268526932079997
0.32685331551016994
0.3268533902680544
0.3268533902680544
0.3268533902680544
0.3268533902680544
0.3268533902680544
0.3268533902680544
0.32685331551016994
0.3268533902680544
0.32685276796588414
0.32685331551016994
0.3268526932079997
0.32691096543041476
0.3268526932079997
0.32685276796588414
0.32685276796588414
0.3268703252912324
0.3268533902680544
0.32687102235128707
0.3268533902680544
0.3268526932079997
0.3268533902680544
0.3268533902680544
0.32685331551016994
0.3268533902680544
0.32693566102992744
0.3268526932079997
0.3268533902680544
0.32685276796588414
0.32693566102992744
0.3268526932079997
0.3268526932079997
0.32685331551016994
0.3268533902680544
0.3268526932079997
0.3268526932079997
0.32685276796588414
0.3268709475934026
0.3268533902680544
0.3268533902680544
0.3268526932079997
0.3268704000491168
0.32685331551016994
0.3268709475934026
0.32687102235128707
0.3268533902680544
0.32685276796588414
0.32685276796588414
0.3268533902680544
0.3268533902680544
0.3268533902680544
0.32685331551016994
0.32685276796588414
0.32685276796588414
0.3268526932079997
0.32685331551016994
0.3268533902680544
0.3268703252912324
0.3268533902680544
0.32685276796588414
0.3268533902680544
0.3268526932079997
0.3268526932079997
0.32685276796588414
0.3268533902680544
0.32685331551016994
0.3268533902680544
0.32685276796588414
0.32685331551016994
0.32685331551016994
0.3268533902680544
0.32685331551016994
0.3268703252912324
0.32685331551016994
0.32685276796588414
0.3268703252912324
0.3268533902680544
0.32685331551016994
0.32685276796588414
0.32685276796588414
0.32687102235128707
0.32685331551016994
0.3268526932079997
0.3268533902680544
0.3268526932079997
0.32685276796588414
0.3268703252912324
0.32685331551016994
0.3268533902680544
0.3268526932079997
0.3268533902680544
0.32687102235128707
0.32685276796588414
0.32685331551016994
0.32685331551016994
0.3268526932079997
0.32685331551016994
0.3268533902680544
0.3268533902680544
0.8912240674011968
0.3268704000491168
0.32685276796588414
0.32685276796588414
0.3268533902680544
0.32685276796588414
0.32685331551016994
0.3268533902680544
0.3268703252912324
0.3268533902680544
0.32685331551016994
0.3268533902680544
0.32685331551016994
0.3268533902680544
0.3268526932079997
0.3268526932079997
0.32685331551016994
0.32687102235128707
0.32685276796588414
0.3268704000491168
0.32685276796588414
0.3268533902680544
0.32685331551016994
0.32685276796588414
0.3268533902680544
0.32685331551016994
0.3268704000491168
0.32685331551016994
0.3268533902680544
0.3268526932079997
0.32685276796588414
0.32685331551016994
0.32685276796588414
0.32685276796588414
0.3268526932079997
0.32687102235128707
0.3268533902680544
0.32685331551016994
0.3268533902680544
0.32685276796588414
0.3268709475934026
0.3268703252912324
0.32685331551016994
0.3268526932079997
0.7957372607177207
0.3268533902680544
0.3268704000491168
0.32685331551016994
0.32687808586756706
0.32685331551016994
0.3268526932079997
0.32685276796588414
0.3268709475934026
0.3268709475934026
0.3268533902680544
0.32685331551016994
0.32685276796588414
0.3268533902680544
0.3268709475934026
