0.3268533902680544
0.3268533902680544
0.5822706059749134
0.32685276796588414
0.8917833985934511
0.3268533902680544
0.8917843521830551
0.3268780111096826
0.3268533902680544
0.3268533902680544
0.3547811486641095
0.32685276796588414
0.3268533902680544
0.34660725844019313
0.33856293983920727
0.3268533902680544
0.3268533902680544
0.32685331551016994
0.32687808586756706
0.3268533902680544
0.32685331551016994
0.32685331551016994
0.3268533902680544
0.3289574208986534
0.3268526932079997
0.3268533902680544
0.32685276796588414
0.32685331551016994
0.3268533902680544
0.35472349874386466
0.32685331551016994
1.4414501097169305
0.3268773888075124
0.3268533902680544
0.3285887480021438
0.32685331551016994
0.3268533902680544
0.3268533902680544
0.32685331551016994
0.32685276796588414
0.3268526932079997
0.32685331551016994
0.32685276796588414
0.3268533902680544
0.3268533902680544
0.3268533902680544
0.3268533902680544
0.32685331551016994
0.3268526932079997
0.6023374868984492
0.32685331551016994
0.3268526932079997
0.3268533902680544
0.5668283563853936
0.3268526932079997
0.32685331551016994
0.32685276796588414
0.3268533902680544
0.32685331551016994
0.32685276796588414
0.5544414102639952
0.32685276796588414
0.3268526932079997
0.34654968327783275
0.32693628333209773
0.32687102235128707
0.3268709475934026
0.3268533902680544
0.32691096543041476
0.32685276796588414
0.3268533902680544
0.3268533902680544
0.3268533902680544
0.32687808586756706
0.32685276796588414
0.3268533902680544
0.32685331551016994
0.32691151297470056
0.32685331551016994
0.32687808586756706
0.32685331551016994
0.32685331551016994
0.3268773888075124
0.32691151297470056
0.32691151297470056
0.3268526932079997
0.3268526932079997
0.3268533902680544
0.32693628333209773
0.3268533902680544
0.3268533902680544
0.32687808586756706
0.32685331551016994
0.3268533902680544
0.3547235735017491
0.3268533902680544
0.3292347827486515
0.3293176758126949
0.32898282738179796
0.3268526932079997
0.3268780111096826
0.36464157615704706
0.32687102235128707
0.33853816948181015
0.8912250209908006
0.34654968327783275
0.3268780111096826
0.32687102235128707
0.3268533902680544
0.32685331551016994
0.32685331551016994
0.32685331551016994
0.3268533902680544
0.3268533902680544
0.3268533902680544
0.3268780111096826
0.32685331551016994
0.32685331551016994
0.32685331551016994
0.32685331551016994
0.3268526932079997
0.32685331551016994
0.32685331551016994
0.3268780111096826
0.35480646656579246
0.3268526932079997
0.32687808586756706
0.32784080261865445
0.3465497580357172
0.3268774635653968
0.3268773888075124
0.32685331551016994
0.32685276796588414
0.32687808586756706
0.3268533902680544
0.32685331551016994
0.32685331551016994
0.3268526932079997
0.3268780111096826
0.3269362085742133
0.35472295119957886
0.32685331551016994
0.3268773888075124
0.32685331551016994
0.35472349874386466
0.32685331551016994
0.3268533902680544
0.32685331551016994
0.3268526932079997
1.4414516063343241
0.3268774635653968
0.3471354328420111
0.3268780111096826
0.32685331551016994
0.3268533902680544
0.3268533902680544
0.3269108906725303
0.32985676166112843
0.32685331551016994
0.3268533902680544
0.326911587732585
0.32687808586756706
0.35472349874386466
0.32685276796588414
0.32685331551016994
0.32685331551016994
0.3268780111096826
0.3268533902680544
0.32685331551016994
0.3268533902680544
0.3297732462949148
0.3268533902680544
0.3268533902680544
0.3268533902680544
0.3779136017292052
0.3268533902680544
0.35472349874386466
0.3268533902680544
0.3268774635653968
0.3268533902680544
0.3268533902680544
0.3268780111096826
0.3268526932079997
0.3268533902680544
0.3385622427791526
0.3667761116180057
0.32685331551016994
0.32685276796588414
0.32685276796588414
0.32685331551016994
0.3268774635653968
0.3268533902680544
0.3268780111096826
0.32693566102992744
0.32685331551016994
0.7957371859598362
0.34654968327783275
0.3548057695057377
0.3268533902680544
0.3277350738211383
0.32685331551016994
0.3643743762977888
0.32685276796588414
0.32685331551016994
0.3268533902680544
0.3268780111096826
0.3285887480021438
0.32685276796588414
0.3268526932079997
0.3268780111096826
0.32687808586756706
0.32685331551016994
0.9510187708439789
0.3268533902680544
0.3268533902680544
0.32687808586756706
0.3268774635653968
0.32685276796588414
0.3292246969869691
0.3268773888075124
0.3268533902680544
0.3268533902680544
0.3268533902680544
0.32687808586756706
0.326911587732585
0.3268533902680544
0.3269362085742133
0.3268533902680544
0.32687102235128707
0.32685331551016994
0.3268780111096826
0.3268533902680544
0.32685331551016994
0.3268533902680544
0.32685331551016994
0.32691151297470056
0.32685276796588414
0.3268533902680544
0.32685331551016994
1.4414510650927552
0.3269108906725303
0.3268774635653968
0.3268533902680544
0.3293176758126949
0.32685331551016994
0.3268533902680544
0.35472349874386466
0.32687808586756706
0.3381299798642556
0.3268533902680544
0.32685331551016994
0.32685331551016994
0.3268780111096826
0.3268703252912324
0.32687808586756706
0.3297915006803177
0.3547235735017491
0.32685276796588414
0.32685276796588414
0.3552839304063601
0.3268774635653968
0.5668306098571383
1.4414510735002701
0.3268780111096826
0.32685331551016994
0.3268774635653968
0.3268780111096826
0.326911587732585
1.642294213310997
0.32685331551016994
0.3268533902680544
0.32685331551016994
0.5542257840619038
0.3268533902680544
0.32685331551016994
0.35472349874386466
0.3268780111096826
0.8912240674011968
0.3268533902680544
0.3268533902680544
0.3547228764416944
0.32741374717266536
0.32693628333209773
0.32685331551016994
0.3268526932079997
0.32685331551016994
0.32784025507436865
0.3286133688437721
0.3268533902680544
0.32741444423272004
0.32898282738179796
0.32687808586756706
0.3268526932079997
0.3268533902680544
0.3278401803164842
0.3289581317822853
0.34654968327783275
0.3268533902680544
0.3268533902680544
0.3268526932079997
0.32685276796588414
0.36788023281515425
0.32685331551016994
0.3268533902680544
0.3268533902680544
0.3268533902680544
0.32693628333209773
0.7960076649384658
0.34654913573354695
0.32687808586756706
0.32687808586756706
0.32685331551016994
1.4414514960420408
0.3268533902680544
0.3268780111096826
0.3268774635653968
0.3268773888075124
0.3268533902680544
0.3268533902680544
0.3268533902680544
0.5240900617944523
0.3268780111096826
0.32685331551016994
0.5822943479848222
0.32685331551016994
0.32685276796588414
0.32685331551016994
1.4414514960420408
0.32685331551016994
0.32839915238060635
0.32687808586756706
0.3460334325558537
0.32689571795079975
0.3268780111096826
0.3268533902680544
0.32979863895448214
0.32985676166112843
0.32685276796588414
0.3269362085742133
0.32687808586756706
0.3268533902680544
0.3268533902680544
0.3268780111096826
0.35472349874386466
0.34654968327783275
0.3268533902680544
0.33853816948181015
0.5542258588197883
0.32687808586756706
0.32687808586756706
0.32685331551016994
0.34711081200038285
0.32685331551016994
0.3268533902680544
0.37732785216502684
0.32691151297470056
0.3268533902680544
0.3268533902680544
0.3268780111096826
0.32687808586756706
0.3268533902680544
0.3268526932079997
0.7960077396963502
0.5847500060306227
0.32685276796588414
0.32685331551016994
0.32685331551016994
0.9510187708439789
0.32685331551016994
0.3268533902680544
0.3268533902680544
0.3268780111096826
0.3268533902680544
0.3268774635653968
0.34711081200038285
0.3268780111096826
0.32685331551016994
0.3268526932079997
0.32685276796588414
0.32685276796588414
0.3268526932079997
0.3268526932079997
0.32685331551016994
0.338187555026616
0.3268774635653968
0.3268709475934026
0.3268533902680544
0.3268533902680544
0.32685331551016994
0.3268774635653968
0.34656771635802
0.3268780111096826
0.3289581317822853
0.32685331551016994
0.34600944783997295
0.3268780111096826
0.3268533902680544
0.3268533902680544
0.3268533902680544
0.32685331551016994
0.32685331551016994
0.3285886732442594
0.34713550759989553
0.3268780111096826
0.3268773888075124
0.32687808586756706
0.3268533902680544
0.3268533902680544
0.32685276796588414
0.3268533902680544
0.3268533902680544
0.3268533902680544
0.3274143694748356
1.4414501097169305
0.5668306098571383
0.3268526932079997
0.3268533902680544
0.3268533902680544
0.34657437887734543
0.3268526932079997
0.3547235735017491
0.32685276796588414
0.3268773888075124
0.32687808586756706
0.5238745103502453
0.32685276796588414
0.3274391398322327
0.7957371859598362
0.3268773888075124
0.32687102235128707
0.3547482691012618
0.32685331551016994
0.33853816948181015
0.3268526932079997
0.3268526932079997
0.32685331551016994
0.3268780111096826
0.3268526932079997
0.8912240674011968
0.32977394335496946
0.3269362085742133
0.32687808586756706
0.32687808586756706
0.3268533902680544
0.3268533902680544
0.3268533902680544
0.3385622427791526
0.3268774635653968
0.3268526932079997
0.8917843521830551
0.3268533902680544
0.32685276796588414
0.3278408773765389
0.3268780111096826
0.32687808586756706
0.3268780111096826
0.3268780111096826
0.3268780111096826
0.3268533902680544
0.35474819434337734
0.3268533902680544
0.326911587732585
0.3667761116180057
0.3560471349526796
0.3268533902680544
0.3268533902680544
1.4414501097169305
0.32685331551016994
0.32687808586756706
0.32977394335496946
0.3292494673443662
0.32685331551016994
0.32685331551016994
0.3268526932079997
0.3268780111096826
0.32685331551016994
0.32685331551016994
0.3268533902680544
0.3274143694748356
0.7957372607177207
0.32685331551016994
0.3268533902680544
0.32687808586756706
0.32685331551016994
0.32687808586756706
0.32685331551016994
0.32685331551016994
0.3268533902680544
0.3381882520866707
0.3268526932079997
0.3297980166523119
0.32685276796588414
0.3268774635653968
0.32863107568488925
0.32685276796588414
0.3268533902680544
0.34656780493948164
0.3268533902680544
0.32685331551016994
0.32687808586756706
0.32687808586756706
0.32685331551016994
0.32691151297470056
0.3268533902680544
0.5926321012453657
0.5246849249283771
0.3465490609756625
0.32685331551016994
0.7967692731104958
0.3268773888075124
0.32685331551016994
0.329773868597085
0.32685331551016994
0.3268533902680544
1.4414510735002701
0.32687808586756706
0.3268526932079997
0.32685331551016994
0.3268533902680544
0.3268780111096826
0.3268780111096826
0.32685331551016994
0.8917913193612763
0.42447138140658247
0.3268780111096826
0.3268526932079997
0.32685331551016994
0.3268533902680544
0.3268780111096826
0.32685331551016994
0.32685331551016994
0.3268533902680544
0.3268526932079997
0.3268526932079997
0.44687947062282807
0.32685331551016994
0.32687808586756706
0.3268533902680544
0.42425582996237565
0.32685276796588414
0.32685331551016994
0.3268533902680544
0.32685276796588414
0.3268774635653968
0.79605922833816
0.32685276796588414
0.32685331551016994
0.3268533902680544
0.3269362085742133
0.3268774635653968
0.3268533902680544
0.3547235735017491
0.3268533902680544
0.3268709475934026
0.3268533902680544
0.32687808586756706
0.3268533902680544
0.32979863895448214
0.32839915238060635
0.32693628333209773
0.32687808586756706
0.32685331551016994
0.3268533902680544
0.32687808586756706
0.3268533902680544
0.3547475720412071
0.32687102235128707
0.329773868597085
0.32685331551016994
0.32685331551016994
0.8912329417586258
0.3278648759159969
0.32685331551016994
0.32687808586756706
0.32685331551016994
0.3268533902680544
0.32685331551016994
0.7957372607177207
0.3268533902680544
0.3269362085742133
0.32685276796588414
0.32685331551016994
0.34874352845068257
0.3268533902680544
0.3268533902680544
0.3268780111096826
0.3278401803164842
0.3268533902680544
0.34654913573354695
0.32685331551016994
0.3268533902680544
0.32685331551016994
0.32685331551016994
0.3292594035902798
0.3268533902680544
0.32687808586756706
0.3268709475934026
0.3268533902680544
0.3268533902680544
0.3268533902680544
0.3268533902680544
0.3268533902680544
0.32685331551016994
0.3385382442396946
0.329773868597085
0.3268533902680544
0.5668306098571383
0.32685276796588414
0.32741444423272004
0.32685276796588414
0.32685331551016994
0.32687808586756706
0.32839915238060635
0.32685331551016994
0.3268526932079997
0.32687808586756706
0.3268774635653968
0.32861344360165656
0.3268533902680544
0.32685331551016994
0.3465497580357172
0.32685331551016994
0.3274138219305498
0.3381293575620853
0.3292594035902798
0.3268780111096826
0.3268533902680544
0.3268533902680544
0.35474764679909154
0.3268526932079997
0.3268533902680544
0.32861344360165656
0.3268780111096826
0.3268533902680544
0.32685331551016994
1.5791548491672562
0.3547652041244398
0.3268526932079997
0.32687808586756706
0.3268780111096826
0.3292493925864818
0.3268526932079997
0.32685276796588414
0.3268533902680544
0.32691151297470056
0.34712774702356086
0.32685276796588414
0.3268533902680544
0.3268780111096826
0.32693566102992744
0.32685276796588414
0.7960076649384658
0.3268533902680544
0.32685276796588414
0.3268533902680544
0.3268526932079997
0.3268526932079997
0.3268526932079997
0.32685331551016994
0.32685276796588414
0.3268773888075124
0.3268533902680544
0.32685331551016994
0.3268773888075124
0.3268780111096826
0.3268533902680544
0.3268526932079997
0.32685276796588414
0.3268533902680544
0.3268533902680544
0.32685331551016994
0.35472349874386466
0.32685276796588414
0.32685331551016994
0.32687808586756706
0.3537039507540447
0.8912250209908006
0.3268533902680544
0.32685276796588414
0.32685331551016994
0.7957371859598362
0.32685331551016994
0.32784080261865445
0.5542258588197883
0.3268950956486295
0.32685276796588414
0.34654913573354695
0.32784080261865445
0.32685276796588414
0.32685276796588414
0.3269362085742133
0.3268533902680544
0.3268533902680544
0.32685331551016994
0.3268533902680544
0.32687808586756706
0.3268533902680544
0.3268704000491168
0.32685331551016994
0.3268533902680544
0.3268526932079997
0.3268704000491168
0.3268533902680544
0.3268533902680544
0.32693628333209773
0.32685331551016994
0.3268526932079997
0.5668283563853936
0.32685276796588414
0.3268533902680544
0.32685331551016994
0.32685331551016994
0.32685331551016994
0.3268526932079997
0.32687808586756706
0.3268774635653968
0.32685276796588414
0.3268526932079997
0.3268526932079997
0.3268533902680544
0.32685276796588414
0.32685331551016994
0.3268533902680544
0.3292594783481642
0.3268533902680544
0.32687808586756706
0.3268703252912324
0.3268526932079997
0.3268704000491168
0.32685331551016994
0.3268773888075124
0.32861344360165656
0.32685331551016994
0.32685331551016994
0.3385964417042252
0.3268533902680544
0.33815467546376826
0.32687808586756706
0.3268780111096826
0.32685331551016994
0.32685331551016994
0.32687102235128707
0.8912329417586258
0.32977394335496946
0.3268773888075124
0.3268533902680544
0.3268533902680544
0.3268774635653968
0.32693628333209773
0.4242862872293302
0.32685331551016994
0.3268533902680544
0.3268780111096826
0.32685331551016994
0.3465497580357172
0.32685331551016994
0.3268780111096826
0.3268774635653968
0.32687102235128707
0.566855305456651
0.3268780111096826
0.34654968327783275
0.3268526932079997
0.32685276796588414
0.3268533902680544
0.32685331551016994
0.32685331551016994
0.34654968327783275
0.32685276796588414
0.5297342117397468
0.5668540055745103
0.3279237704405823
0.3268533902680544
0.3268774635653968
0.32685276796588414
0.32685331551016994
0.32685331551016994
1.4414510735002701
0.3269108906725303
0.32685331551016994
0.3292347827486515
0.3268533902680544
0.32685331551016994
0.32685331551016994
0.32685276796588414
0.3268526932079997
0.3471107372424984
0.3268533902680544
0.33986541235622947
0.3268773888075124
0.3268526932079997
0.3268533902680544
0.32687808586756706
0.5239048928593155
0.3268526932079997
0.5668296562675345
0.32685276796588414
0.3268780111096826
0.32687808586756706
0.5246080086260372
0.3268526932079997
0.32685331551016994
0.3268533902680544
0.3268533902680544
0.32685331551016994
0.3268526932079997
0.3268533902680544
0.3268533902680544
0.32685276796588414
0.3268780111096826
0.32685331551016994
0.35015590259689233
0.4468497242395054
0.3268533902680544
0.3268773888075124
0.3268774635653968
0.32685331551016994
0.3268533902680544
0.3268526932079997
0.3268780111096826
0.32687808586756706
0.7957619563172333
0.32685331551016994
0.3268774635653968
0.3268533902680544
0.3547235735017491
0.32685276796588414
0.32685331551016994
0.32685331551016994
0.32685331551016994
0.3268526932079997
0.32685276796588414
0.32685331551016994
0.3268533902680544
0.8912487630007094
0.32685331551016994
0.3268773888075124
0.3268533902680544
0.3268774635653968
0.3268533902680544
1.4414510735002701
0.32685331551016994
0.3268533902680544
0.3268533902680544
0.3268526932079997
0.32923470799076704
0.3268526932079997
0.7957371859598362
1.4414401221982664
0.8917833985934511
0.7957371859598362
0.3268774635653968
0.3268533902680544
0.6795536316057517
0.3278401803164842
0.32685331551016994
0.32687808586756706
0.3268533902680544
0.32685276796588414
0.3268533902680544
0.32898211649816606
0.3268533902680544
0.3268533902680544
0.5246079338681527
0.3268526932079997
0.3268533902680544
0.3268526932079997
0.3268533902680544
0.554487944057265
0.32685331551016994
0.3268533902680544
0.3269362085742133
0.32685276796588414
0.32685276796588414
0.8917913193612763
0.32687808586756706
0.3268533902680544
0.3268526932079997
0.3268533902680544
0.32685331551016994
0.32685331551016994
0.3465497580357172
0.3268533902680544
0.32685331551016994
0.32691151297470056
0.3268526932079997
0.3268774635653968
0.34600873695634105
0.32687808586756706
0.32977394335496946
0.32687808586756706
0.32685276796588414
0.3268533902680544
0.3268533902680544
0.3381294323199697
0.3268780111096826
0.3285886732442594
0.32685276796588414
0.32685331551016994
0.32685331551016994
0.32786549821816713
0.3547235735017491
0.3268533902680544
0.326935586272043
0.3268533902680544
0.32685331551016994
0.3297733210527992
0.32687808586756706
0.3268526932079997
0.3268774635653968
0.32687808586756706
0.3268774635653968
0.3268533902680544
0.3268773888075124
0.3268533902680544
0.32685276796588414
0.3268533902680544
0.32685331551016994
0.32930766480889695
0.3268774635653968
0.32685331551016994
0.32685331551016994
0.32685331551016994
0.3268533902680544
0.32685276796588414
0.32685276796588414
0.5238745103502453
0.3646409538548768
0.3268704000491168
0.32895679859648314
0.3268780111096826
0.3268533902680544
0.32685331551016994
0.3268533902680544
0.3289581317822853
0.32685331551016994
0.32685331551016994
0.3268780111096826
0.3268533902680544
0.32685331551016994
0.3297985641965977
0.32685331551016994
0.32685276796588414
0.3268526932079997
0.32687808586756706
0.3292423290702018
0.32687808586756706
0.3268780111096826
0.32864687070879006
0.32691151297470056
0.32685276796588414
0.3268526932079997
0.32685331551016994
0.32685276796588414
0.32685276796588414
0.3268774635653968
0.32685276796588414
0.3268533902680544
0.32979157543820214
0.3268526932079997
1.4406511328762701
0.32685331551016994
0.32685331551016994
0.3471278217814453
0.3471348852977253
0.34654968327783275
0.3268533902680544
0.3268533902680544
0.3268704000491168
0.5669688785170275
0.3268526932079997
0.34600873695634105
0.32685331551016994
0.3268533902680544
0.35472349874386466
0.32685276796588414
0.32685331551016994
0.5249607616842249
0.3268526932079997
1.4420487562430702
0.32839915238060635
0.32685331551016994
0.3268526932079997
0.32685276796588414
0.3268533902680544
0.3268526932079997
0.3268526932079997
0.3268533902680544
0.3268780111096826
0.35474819434337734
0.32685331551016994
0.32687102235128707
0.32685331551016994
0.3268533902680544
0.3268533902680544
0.3268533902680544
0.3268533902680544
0.32687808586756706
0.3268774635653968
0.32685331551016994
