0.32685331551016994
0.32687808586756706
1.557147360604139
0.3268780111096826
0.3268780111096826
0.32685331551016994
0.3268780111096826
0.33853816948181015
0.3268780111096826
1.4196550580452003
0.3268780111096826
0.34657437887734543
0.7957618815593489
0.32687808586756706
0.32687808586756706
0.3268780111096826
0.3268780111096826
0.32685331551016994
0.3268780111096826
0.3269108906725303
0.3268780111096826
0.3268709475934026
0.3268780111096826
0.32685331551016994
0.3268780111096826
0.3268533902680544
0.5668543518670471
0.32691151297470056
0.32689571795079975
0.3268773888075124
0.33221387895497106
0.32687808586756706
0.3268780111096826
0.3268780111096826
0.32685331551016994
0.3268780111096826
0.5668306098571383
0.42429021857321325
0.32685331551016994
0.3268780111096826
0.3268780111096826
0.3268780111096826
0.32687808586756706
0.3274391398322327
0.32691151297470056
0.3268780111096826
0.32898211649816606
0.3268773888075124
0.3268526932079997
0.3268773888075124
0.42447138140658247
0.32687808586756706
0.32685331551016994
0.3268780111096826
0.3268780111096826
0.3284225147943169
0.3268773888075124
0.3268780111096826
0.3268780111096826
0.3268780111096826
0.3268780111096826
0.3268780111096826
0.3475613315681553
0.3268780111096826
0.3268773888075124
0.3268780111096826
0.3268780111096826
0.7957371859598362
0.3268780111096826
0.32687808586756706
0.3268533902680544
0.32685331551016994
0.3268780111096826
0.3286368597049921
0.3268780111096826
0.3465744536352299
0.3268780111096826
0.5240899870365678
0.3268780111096826
0.3268780111096826
0.3268780111096826
0.3268780111096826
0.3268780111096826
0.32685331551016994
0.3268780111096826
0.3268780111096826
0.328424553768933
0.3268526932079997
0.3268780111096826
0.8914110840292147
0.3268780111096826
0.7957371859598362
0.3268780111096826
1.5571750281897945
0.3268780111096826
0.3268780111096826
0.3268533902680544
0.3268780111096826
0.3268780111096826
0.32685331551016994
0.3268780111096826
0.3268526932079997
0.32685331551016994
0.32685331551016994
0.3268780111096826
0.3286133688437721
0.32691151297470056
0.3268780111096826
0.3268780111096826
0.3268780111096826
0.3268780111096826
0.3268780111096826
0.3268780111096826
0.32685331551016994
0.3268774635653968
0.3268780111096826
0.3268780111096826
0.3268780111096826
0.3268780111096826
0.3268780111096826
0.32685331551016994
0.3268780111096826
0.42447138140658247
0.44706527568371224
0.3268780111096826
0.3268526932079997
0.3268780111096826
0.3268780111096826
0.3268780111096826
0.32687808586756706
0.3268780111096826
0.3268773888075124
0.3268774635653968
0.3268773888075124
0.3268956431929153
0.32685331551016994
0.3268780111096826
0.3268780111096826
0.3268773888075124
0.3268780111096826
0.3268780111096826
0.3547235735017491
0.3268780111096826
0.3268780111096826
0.3268780111096826
0.3385382442396946
0.32685331551016994
0.32687808586756706
0.32685331551016994
0.3269362085742133
0.3268780111096826
0.32685331551016994
0.3268780111096826
0.3268780111096826
0.3268780111096826
0.3268780111096826
0.32685331551016994
0.32687808586756706
0.3268950956486295
0.32685331551016994
0.3292594035902798
0.32687808586756706
0.3268780111096826
0.32687808586756706
0.32685331551016994
0.7958577292025283
0.32691151297470056
0.3268780111096826
0.3268526932079997
0.3268780111096826
0.32685331551016994
0.3268780111096826
0.3268533902680544
0.3268780111096826
0.32687808586756706
0.3268780111096826
0.32685331551016994
0.3268774635653968
0.32687808586756706
0.3268780111096826
0.32685331551016994
0.32685276796588414
0.3268780111096826
0.3268533902680544
0.3268780111096826
0.3268780111096826
0.3268774635653968
0.32687808586756706
0.32689502089074507
0.3268774635653968
0.32685331551016994
0.32685331551016994
0.3268780111096826
0.3268780111096826
0.3268780111096826
0.3268780111096826
0.3268773888075124
0.32685331551016994
0.32685331551016994
0.32786557297605157
0.3268780111096826
0.32687808586756706
0.3268780111096826
0.3269108906725303
0.32685331551016994
0.32687808586756706
0.32687808586756706
0.3268773888075124
0.3268780111096826
0.3268956431929153
0.3268780111096826
0.3268780111096826
0.3268780111096826
0.5179600862799456
0.32685331551016994
0.3268780111096826
0.3268780111096826
0.3466078807423634
0.3268780111096826
0.32687808586756706
0.32687808586756706
0.3268780111096826
0.326935586272043
0.3668020975378111
0.3268780111096826
1.4422531487752335
0.3268526932079997
0.3268780111096826
0.3268780111096826
0.32685331551016994
0.32687808586756706
0.3268773888075124
0.32685331551016994
0.3268780111096826
0.3268773888075124
0.3268780111096826
0.3292594035902798
0.32687808586756706
0.32685331551016994
0.42447209229021443
0.3268773888075124
0.3268780111096826
0.3268780111096826
0.3268780111096826
0.3268780111096826
0.3268780111096826
0.3268780111096826
0.32685331551016994
0.3268780111096826
0.32687808586756706
0.3268780111096826
0.3268780111096826
0.32786549821816713
0.3268956431929153
0.3268780111096826
0.32685331551016994
0.32685331551016994
0.3268780111096826
0.3268533902680544
0.3268780111096826
0.3268533902680544
0.32687808586756706
0.32687808586756706
0.3268780111096826
0.32981619627983044
0.5238745103502453
0.3268780111096826
0.32687808586756706
0.3278408773765389
0.3268780111096826
0.5821547794427923
0.32685331551016994
0.3268780111096826
0.3268773888075124
0.32685331551016994
1.7241962757700617
0.32979863895448214
0.32839915238060635
0.3268780111096826
0.3268780111096826
0.3268780111096826
0.3268780111096826
0.32687808586756706
1.4414505322587012
0.3268780111096826
0.32691151297470056
1.4414505322587012
0.32687808586756706
1.4414501097169305
0.3268780111096826
0.32685331551016994
0.3269108906725303
0.3268774635653968
0.3268533902680544
0.3297985641965977
0.32685331551016994
0.32864687070879006
0.3268780111096826
0.3268780111096826
0.3268780111096826
0.3268780111096826
0.3268780111096826
0.3268780111096826
0.3268780111096826
0.32687808586756706
0.3268780111096826
0.3268533902680544
0.32685331551016994
0.32685331551016994
0.3268780111096826
0.32691151297470056
0.3268780111096826
0.3268780111096826
0.32685331551016994
0.42447209229021443
0.3268780111096826
0.32687808586756706
0.32685331551016994
0.5668814184865086
0.3268773888075124
0.3268773888075124
0.3268780111096826
0.3268780111096826
0.3268780111096826
0.3268956431929153
0.3268780111096826
0.32687808586756706
0.32685331551016994
0.32687808586756706
0.32687808586756706
0.3268526932079997
0.3268780111096826
0.3268780111096826
0.3268773888075124
0.4242565408460075
0.3268780111096826
0.3268780111096826
0.3268526932079997
0.326911587732585
0.32687808586756706
0.32687808586756706
0.3268780111096826
0.3268780111096826
0.42447138140658247
0.3268780111096826
0.32685331551016994
0.701069259518653
0.3268780111096826
0.3268780111096826
0.6745649248558984
0.3268780111096826
0.3268773888075124
0.32687808586756706
0.32685331551016994
0.3268780111096826
0.3268780111096826
0.3268780111096826
0.3268780111096826
0.3268780111096826
0.3278990000831851
0.3268780111096826
0.3268780111096826
0.3268780111096826
0.32687808586756706
0.3268780111096826
0.3268780111096826
0.3274143694748356
0.32685331551016994
0.32687808586756706
0.32929290545529777
0.3268709475934026
0.32685331551016994
0.3268526932079997
0.3268780111096826
0.3268780111096826
0.32685331551016994
0.32687808586756706
0.33856293983920727
0.3268956431929153
0.32685331551016994
0.32685331551016994
0.3268533902680544
0.3268780111096826
0.3268956431929153
0.32685331551016994
0.3268780111096826
1.4414505322587012
0.3268773888075124
0.3268780111096826
0.3269108906725303
0.3268780111096826
0.3268773888075124
0.3268773888075124
0.3268780111096826
0.3268780111096826
0.3268780111096826
0.3268780111096826
0.3268780111096826
0.3268780111096826
0.32685331551016994
0.6740494978888759
0.32685276796588414
0.3268780111096826
0.3268780111096826
0.3268780111096826
0.3268780111096826
0.32685331551016994
0.3268780111096826
0.3268773888075124
0.3274390650743483
0.3268780111096826
0.3268773888075124
0.32685331551016994
0.3268780111096826
0.3268780111096826
0.3268780111096826
0.3268780111096826
0.32685331551016994
0.3471354328420111
0.3268780111096826
0.32691151297470056
0.32685331551016994
0.3268780111096826
0.32685331551016994
0.32685331551016994
0.32685331551016994
0.3268780111096826
0.32685331551016994
0.3268780111096826
0.32687808586756706
0.3268780111096826
0.32685331551016994
0.8914110840292147
0.3268780111096826
0.32864687070879006
0.32687808586756706
0.3274391398322327
0.3268780111096826
0.3268780111096826
0.32685331551016994
0.33856293983920727
1.4414506425509845
0.3268780111096826
0.3268780111096826
0.45077170203678424
0.3268774635653968
0.5238745103502453
0.3268780111096826
0.3268780111096826
0.3268780111096826
0.3268780111096826
0.3268780111096826
0.3268780111096826
0.3268780111096826
0.3268780111096826
0.7960076649384658
0.3268780111096826
0.32685331551016994
0.3268780111096826
0.3268780111096826
0.3268780111096826
0.32687808586756706
0.3269291450579333
0.32687808586756706
0.3268780111096826
0.33243999848895195
0.3268780111096826
0.4242565408460075
0.3268780111096826
0.3268780111096826
0.3268780111096826
0.3268780111096826
0.32687808586756706
0.566855305456651
0.3268780111096826
0.3268780111096826
0.3268780111096826
0.32685331551016994
0.7957618815593489
0.3268773888075124
0.32685331551016994
0.3268780111096826
0.32685331551016994
0.32687808586756706
0.3268780111096826
0.32687808586756706
0.3268780111096826
0.3268780111096826
0.3268780111096826
0.3547482691012618
0.32685331551016994
0.3268780111096826
0.3268780111096826
0.3268533902680544
0.3268780111096826
0.3268780111096826
0.3268780111096826
0.3268780111096826
0.3268780111096826
0.3268780111096826
0.3268780111096826
0.3268780111096826
0.3268780111096826
0.3268780111096826
0.32687808586756706
0.3268780111096826
0.32685331551016994
0.3268780111096826
0.5239811799393872
0.32685331551016994
0.3268780111096826
0.3268780111096826
0.32685331551016994
0.3268780111096826
0.3268780111096826
0.3268773888075124
0.32864687070879006
0.32687808586756706
0.3269362085742133
0.3268780111096826
0.32685331551016994
0.3268780111096826
0.32685331551016994
0.3268780111096826
0.3268780111096826
0.3268780111096826
0.3269108906725303
0.3268780111096826
0.32685331551016994
0.3268780111096826
1.4414506425509845
0.3268780111096826
0.32687808586756706
0.3268780111096826
0.3381299798642556
0.3268533902680544
0.3268780111096826
0.3268709475934026
0.3268780111096826
0.5240899870365678
0.32687808586756706
0.582156079324933
0.3268780111096826
0.3268780111096826
0.3268780111096826
0.3268780111096826
0.32687808586756706
0.32685331551016994
0.32685331551016994
0.32687102235128707
0.42447138140658247
0.32687808586756706
0.32786557297605157
0.32687808586756706
0.3268780111096826
0.32687808586756706
0.32685331551016994
0.3268780111096826
0.3268780111096826
0.32687808586756706
0.3268533902680544
0.3268780111096826
0.5241204443035224
0.3268780111096826
0.32685331551016994
0.32691151297470056
0.34657437887734543
0.3268533902680544
0.32692921981581774
0.3268780111096826
0.32687808586756706
0.3268780111096826
0.32687808586756706
0.3268780111096826
0.3268773888075124
0.3268780111096826
0.32687808586756706
0.3268780111096826
0.3268780111096826
0.3268780111096826
0.3268780111096826
0.3268780111096826
0.3268780111096826
0.3268780111096826
0.32685331551016994
0.3268780111096826
0.3268780111096826
0.3268533902680544
0.3268780111096826
0.3268780111096826
0.3268773888075124
0.5240899870365678
0.32685331551016994
0.3268780111096826
0.32685331551016994
0.32685331551016994
0.3268773888075124
0.32687808586756706
0.3268526932079997
0.3278648759159969
0.3268780111096826
0.3268780111096826
0.3268773888075124
0.3268780111096826
0.3268780111096826
0.326911587732585
0.3268780111096826
1.4414501097169305
0.33853816948181015
1.4414516063343241
0.3268773888075124
0.32687808586756706
0.34713481053984085
0.32687808586756706
0.3268774635653968
0.3268780111096826
0.3268780111096826
0.3268780111096826
0.3268780111096826
1.4414401137907518
0.3268780111096826
0.8912240674011968
0.3268780111096826
0.32687808586756706
0.3268780111096826
0.3268780111096826
0.32685331551016994
0.3268780111096826
0.3268780111096826
0.3268773888075124
0.3268780111096826
0.3268780111096826
0.3268774635653968
0.32685331551016994
0.3268780111096826
0.3268773888075124
0.7309985927079352
0.5668543518670471
0.3268780111096826
0.3268780111096826
0.3268780111096826
0.3268780111096826
0.3268780111096826
0.3268780111096826
1.440639750624981
0.3268780111096826
0.3268780111096826
0.5821547794427923
0.3268773888075124
0.3268773888075124
0.3268780111096826
0.32691151297470056
0.32687808586756706
0.34654968327783275
0.32687808586756706
0.3268780111096826
0.3268780111096826
0.3268780111096826
0.3268780111096826
0.3268780111096826
0.33856286508132283
0.32687808586756706
0.34657437887734543
0.3268780111096826
0.32685331551016994
0.3268773888075124
0.3268780111096826
0.3268780111096826
0.3268780111096826
1.42063031284726
0.3268533902680544
0.3268773888075124
0.3268780111096826
0.32687808586756706
0.32687808586756706
0.3268780111096826
0.32687808586756706
0.32687808586756706
0.3268773888075124
0.3268780111096826
0.3268526932079997
0.3268780111096826
0.3268780111096826
0.3268780111096826
0.3297985641965977
1.4414510650927552
0.32691151297470056
0.3268780111096826
0.32687808586756706
0.33856286508132283
0.32685331551016994
0.3268780111096826
0.32687808586756706
0.3268780111096826
0.3268780111096826
0.3268780111096826
0.3268780111096826
0.32685331551016994
0.3268773888075124
0.32687808586756706
0.3268780111096826
0.3268780111096826
0.3268773888075124
0.3268780111096826
0.3268780111096826
0.3268780111096826
0.3268780111096826
0.3268780111096826
0.3268780111096826
0.3268780111096826
0.3268780111096826
0.32685331551016994
0.32691151297470056
0.32687808586756706
0.3268780111096826
0.328424553768933
0.3268780111096826
0.3292828944514998
0.3268780111096826
0.3268780111096826
0.3268773888075124
0.3268533902680544
0.32786557297605157
0.3268780111096826
0.3268780111096826
0.32691151297470056
0.3268780111096826
0.3268780111096826
0.3268780111096826
0.3268780111096826
0.3284231370964871
0.32979863895448214
0.3268780111096826
0.3268780111096826
0.32687808586756706
0.3268780111096826
0.32685331551016994
0.32685331551016994
0.3268780111096826
0.32685331551016994
0.3268780111096826
0.3268780111096826
0.3297985641965977
0.3268773888075124
0.35474819434337734
0.3465744536352299
0.3268780111096826
0.32687808586756706
0.3268780111096826
0.3268780111096826
0.32685331551016994
0.326911587732585
0.3268780111096826
0.32685331551016994
0.3268780111096826
0.329773868597085
0.32687808586756706
0.32685331551016994
0.3268780111096826
0.3268780111096826
0.32685331551016994
0.32929290545529777
0.3268780111096826
0.4245018386735371
0.32687808586756706
0.3268780111096826
0.3268780111096826
0.32687808586756706
0.3268780111096826
0.32864687070879006
0.3268780111096826
0.3268780111096826
0.3268956431929153
0.32685331551016994
0.32685331551016994
0.32687808586756706
0.3268773888075124
0.32685331551016994
0.32685331551016994
0.32687808586756706
0.3268780111096826
0.32691151297470056
0.3268773888075124
0.32685331551016994
0.3268780111096826
0.3268533902680544
0.32685331551016994
0.3268780111096826
0.3268780111096826
0.3268709475934026
0.3268773888075124
0.3268780111096826
0.3268780111096826
0.3268526932079997
0.32786549821816713
0.3268773888075124
0.3268780111096826
0.3268780111096826
0.3268780111096826
0.3298162710377149
0.3268533902680544
0.3268780111096826
0.32685331551016994
0.326911587732585
0.3268780111096826
0.3268780111096826
0.3268780111096826
0.32685331551016994
0.3268780111096826
0.3274143694748356
0.32685331551016994
0.32687808586756706
0.32685331551016994
0.3268780111096826
0.3268780111096826
0.32691151297470056
0.3268780111096826
0.3268780111096826
0.32687808586756706
0.4470645648000804
0.5668296562675345
0.3268780111096826
0.3268780111096826
0.32685331551016994
1.4196559103992727
0.3268780111096826
0.32689571795079975
0.3268956431929153
0.32687808586756706
0.32687808586756706
0.3268780111096826
0.3268780111096826
0.4470645648000804
0.3268780111096826
0.32685331551016994
0.3268709475934026
0.3268773888075124
0.32685331551016994
0.32685331551016994
0.32685331551016994
0.3547816962083953
0.3268780111096826
0.3268533902680544
0.3268773888075124
0.3268780111096826
0.32923470799076704
0.3268780111096826
0.3268773888075124
0.32685331551016994
0.3268774635653968
0.3268780111096826
0.32685331551016994
0.3268780111096826
0.32691151297470056
0.3547482691012618
0.5821557330323962
0.3268956431929153
0.32685331551016994
0.32685331551016994
0.3268780111096826
0.32685331551016994
0.3268780111096826
0.32687808586756706
0.3268780111096826
0.3268780111096826
0.3268780111096826
0.32685331551016994
0.3268526932079997
0.32691151297470056
0.3268780111096826
0.34654968327783275
1.4414401137907518
0.32687808586756706
0.32685331551016994
0.3268780111096826
0.3268780111096826
0.32687808586756706
0.7957618815593489
0.3268780111096826
0.3268780111096826
0.3268780111096826
0.3268780111096826
0.3268780111096826
0.3268780111096826
0.32685331551016994
0.3268780111096826
0.3268780111096826
0.3268780111096826
0.8913873420193058
0.3268780111096826
0.32786549821816713
0.3268780111096826
0.3268780111096826
0.3268780111096826
0.32687808586756706
0.3268780111096826
0.3268780111096826
0.3268780111096826
0.32687808586756706
0.3268774635653968
0.32685331551016994
0.32687808586756706
0.3268780111096826
0.32789907484106956
0.3268780111096826
0.42425582996237565
0.32687808586756706
0.3268780111096826
0.42425582996237565
0.3268780111096826
0.3268780111096826
0.3268780111096826
0.32685331551016994
0.3268780111096826
0.3268780111096826
0.3268956431929153
0.3268780111096826
0.3268780111096826
0.3268780111096826
0.32685331551016994
0.3268780111096826
0.3268780111096826
0.3268773888075124
0.32687808586756706
0.3268773888075124
0.3268773888075124
0.3268780111096826
0.3268526932079997
0.32687808586756706
0.3268780111096826
0.3268780111096826
0.32687808586756706
1.4196541026693754
0.3268774635653968
0.32685331551016994
0.3268780111096826
0.3268780111096826
0.3268773888075124
0.32687808586756706
0.32687808586756706
0.3268780111096826
0.3268780111096826
0.3268780111096826
0.32687808586756706
0.32929290545529777
0.32685331551016994
0.32685331551016994
0.32685331551016994
0.3284231370964871
0.3268780111096826
0.3268780111096826
0.3268780111096826
0.32687808586756706
0.3268956431929153
0.32685331551016994
0.32687808586756706
0.3268780111096826
0.3269108906725303
0.3268780111096826
0.32687102235128707
0.3268780111096826
0.3268533902680544
0.32687808586756706
0.3268780111096826
0.32685331551016994
0.32687808586756706
0.3268780111096826
0.32685331551016994
0.32687808586756706
0.3268780111096826
0.3268780111096826
0.3268780111096826
0.32685331551016994
0.3268780111096826
0.33856293983920727
0.3668014752356409
0.3268533902680544
0.3268533902680544
0.3268780111096826
0.3293106122964149
0.3268773888075124
0.33815467546376826
0.3268780111096826
0.3268780111096826
0.32685331551016994
0.3268780111096826
0.3268780111096826
0.3268780111096826
0.3268780111096826
0.33856286508132283
0.32685331551016994
0.3268780111096826
0.424502549557169
0.3268780111096826
0.3268773888075124
0.3547482691012618
0.3268533902680544
0.3268780111096826
0.3268780111096826
0.3268780111096826
