0.32685276796588414
0.3268526932079997
0.32685276796588414
0.3268533902680544
0.32687102235128707
0.3268704000491168
0.32685276796588414
0.32685276796588414
0.32859636908157863
0.32685276796588414
0.32685276796588414
0.32687102235128707
0.4243083487368864
0.3268533902680544
0.3268533902680544
0.5239515014104698
0.32685276796588414
0.32685276796588414
0.4253164170075887
0.3268704000491168
0.32685276796588414
0.32685276796588414
0.32685276796588414
0.32685276796588414
0.3268774635653968
0.32685276796588414
0.32687808586756706
0.32685276796588414
0.32687102235128707
0.3268950956486295
0.32685276796588414
0.3381294323199697
0.3268950956486295
0.3268533902680544
1.4414401221982664
0.32685276796588414
0.3268774635653968
0.3268533902680544
0.32693566102992744
0.32687102235128707
1.4414514960420408
0.3268774635653968
0.3268533902680544
0.32685276796588414
0.3268704000491168
0.3268704000491168
0.32687102235128707
0.32685276796588414
0.3285887480021438
0.5241205190614069
0.3547405085249271
0.32685276796588414
0.3268704000491168
0.7958331083609
0.3286210646810913
0.338538912257817
0.32693566102992744
0.32685276796588414
0.32685276796588414
0.32685276796588414
1.4196441151507115
0.32685276796588414
0.32685276796588414
0.3268774635653968
0.3268533902680544
0.32685276796588414
0.32685276796588414
0.32687102235128707
0.3268533902680544
0.32685276796588414
0.553522817810951
0.32685276796588414
0.33815541823977513
0.32687102235128707
0.3268533902680544
0.3606760462873056
0.3547228764416944
0.32685276796588414
0.32687102235128707
0.3268533902680544
0.32685276796588414
0.32687102235128707
0.32685276796588414
0.3268533902680544
0.3268533902680544
0.3268533902680544
0.32685276796588414
0.3268704000491168
0.32687102235128707
0.32685276796588414
0.3268704000491168
0.3381547502216527
0.32685276796588414
0.32685276796588414
0.3268704000491168
0.8913284016068799
0.3274138219305498
0.32687102235128707
0.32687102235128707
0.3268704000491168
0.3268704000491168
0.32687102235128707
0.3268533902680544
0.32685276796588414
0.32685276796588414
0.32922477174485354
0.32685276796588414
0.3471101896982126
0.32685276796588414
0.3268533902680544
0.32685276796588414
0.3268533902680544
0.5871317745501383
0.3269532931131602
0.7957372607177207
0.32685276796588414
0.32687102235128707
0.32685276796588414
0.5486388119827939
0.3381294323199697
0.3268533902680544
0.32685276796588414
0.3268533902680544
0.32886903143992624
0.3268533902680544
0.3268533902680544
0.328957509480115
0.32685276796588414
0.32687102235128707
0.32685276796588414
0.566896590777213
0.3268704000491168
0.32685276796588414
0.3268533902680544
0.3268704000491168
0.32685276796588414
0.3268533902680544
0.3268704000491168
0.3268704000491168
0.32685276796588414
0.8912329417586258
0.3268704000491168
0.32689571795079975
0.32685276796588414
0.32922477174485354
0.3268533902680544
0.3292347827486515
0.32687102235128707
0.32693566102992744
0.3268526932079997
0.32685276796588414
0.3268704000491168
0.32693566102992744
0.3268704000491168
0.32784025507436865
0.3268533902680544
0.553522817810951
0.3284246423503946
0.8912329417586258
0.3268533902680544
0.32691096543041476
0.32685276796588414
0.7308012888524619
0.32685276796588414
0.3268533902680544
0.3268533902680544
0.32685276796588414
0.32693566102992744
0.32685276796588414
0.3268533902680544
0.7957641285179022
0.32685276796588414
0.3274320763159527
0.3268533902680544
0.3268533902680544
0.4242869981129621
0.3268704000491168
0.3268950956486295
0.3268704000491168
0.3268533902680544
0.32685276796588414
0.3268704000491168
0.32687102235128707
0.32687102235128707
1.4414510735002701
0.32687102235128707
0.3268704000491168
0.3268704000491168
0.32685276796588414
0.3268533902680544
0.3268533902680544
0.3268533902680544
0.35472295119957886
0.32685276796588414
0.3381294323199697
0.32685276796588414
0.33853762193752435
0.5668540055745103
0.32685276796588414
0.3268533902680544
0.5668293099749976
0.32689571795079975
0.3268533902680544
0.32685276796588414
0.3268774635653968
0.32685276796588414
0.3268704000491168
0.3268774635653968
0.5239515014104698
0.3547475720412071
0.32687102235128707
0.3283985300784361
0.32685276796588414
0.32685276796588414
0.3268704000491168
0.3268533902680544
0.32868927314941987
0.3268533902680544
0.32685276796588414
0.32859636908157863
0.3268533902680544
0.3268703252912324
0.32685276796588414
0.3268533902680544
0.3268533902680544
0.32687102235128707
0.3268533902680544
0.553522817810951
0.3268704000491168
0.32689571795079975
1.4414405447400374
0.32685276796588414
0.33813072264026245
0.3268704000491168
0.32687102235128707
0.34654913573354695
0.3268704000491168
0.3268774635653968
0.3268533902680544
0.3268703252912324
0.32685276796588414
0.3268533902680544
0.32685276796588414
0.3268704000491168
0.3381294323199697
1.605117845089131
0.7957641285179022
0.32685276796588414
0.32685276796588414
0.32685276796588414
0.3285787369983459
0.3268704000491168
0.3268533902680544
0.32693566102992744
0.32685276796588414
0.7960346074965317
1.4414405447400374
0.3268704000491168
0.32685276796588414
0.5668457821478426
0.3268704000491168
0.32687102235128707
0.3268704000491168
0.5668470820299834
0.35472295119957886
0.5668293099749976
0.42425582996237565
0.3268533902680544
0.32685276796588414
0.3285787369983459
0.32685276796588414
0.32685276796588414
0.32979157543820214
0.32687102235128707
0.32685276796588414
0.3268703252912324
0.3547228764416944
0.32685276796588414
0.3283985300784361
0.32685276796588414
0.32685276796588414
0.3268774635653968
0.32687102235128707
0.5473054119051378
0.32687808586756706
0.32685276796588414
0.3268533902680544
0.32687808586756706
0.32685276796588414
0.3268533902680544
0.5668293099749976
0.32685276796588414
0.35472295119957886
0.32685276796588414
0.3268704000491168
0.32687102235128707
0.5238745103502453
0.32685276796588414
0.3268533902680544
0.3268533902680544
0.32685276796588414
0.32687102235128707
0.32685276796588414
0.5822857782656177
0.32685276796588414
0.3268704000491168
0.3268533902680544
0.3268704000491168
0.35472295119957886
0.32685331551016994
0.32685276796588414
0.34654913573354695
0.32685276796588414
0.32685276796588414
0.32685276796588414
0.3268704000491168
0.3268533902680544
0.32687808586756706
0.32685276796588414
0.32685276796588414
0.3268704000491168
0.3268704000491168
0.3381313449424327
1.4414405447400374
0.3268533902680544
0.3292347827486515
0.32685276796588414
0.32685276796588414
0.3268526932079997
0.32687102235128707
0.33815412791948246
0.3278408773765389
0.7460808343795721
0.32784025507436865
0.3268704000491168
0.3268533902680544
0.32685276796588414
0.32839844149697445
0.3268533902680544
0.32685276796588414
0.32691096543041476
0.32685276796588414
0.32685276796588414
0.3268533902680544
0.3268704000491168
0.32685276796588414
0.3268950956486295
0.3289581317822853
0.3268533902680544
0.5535693516042208
0.32685276796588414
0.42528524885700225
0.32685276796588414
0.32977394335496946
0.3268704000491168
0.32687102235128707
0.32860343259785857
0.32685276796588414
0.3268533902680544
0.32687102235128707
0.9729879987711787
0.32685276796588414
0.7958599761610816
0.32687808586756706
0.32693628333209773
0.3268533902680544
0.3268704000491168
0.3268704000491168
0.32687102235128707
0.32687102235128707
0.32685276796588414
0.32685276796588414
0.3285787369983459
0.3292347827486515
0.32687102235128707
0.32685276796588414
0.3274138219305498
0.32687102235128707
0.32685276796588414
0.32687102235128707
0.32685276796588414
0.34654913573354695
0.3268533902680544
0.32685276796588414
0.32741444423272004
1.4414401221982664
0.3268950956486295
0.3268533902680544
0.3292347827486515
0.3268704000491168
0.32687102235128707
0.3268533902680544
0.32687102235128707
0.32685276796588414
0.32685276796588414
0.3297733210527992
0.3268704000491168
0.3547405085249271
0.3268533902680544
0.32687808586756706
0.4439485208153353
0.3268950956486295
0.32685276796588414
0.32685276796588414
0.32687808586756706
0.32685276796588414
0.32685276796588414
0.32687102235128707
0.3268704000491168
0.7961551507392239
0.3268533902680544
0.5822706059749134
0.32687102235128707
0.3297790409175695
0.5668470820299834
0.3268533902680544
0.3381294323199697
0.32693566102992744
0.5239049676172
0.3268704000491168
0.5821310374328834
0.32685276796588414
0.32687102235128707
0.36696057076026656
0.32685276796588414
0.3268704000491168
0.3283985300784361
0.32685276796588414
0.32691096543041476
0.32687808586756706
0.7957372607177207
0.3268704000491168
0.32685276796588414
0.3269532931131602
0.32691096543041476
0.3268704000491168
0.32685276796588414
0.3268533902680544
0.3268704000491168
0.32685276796588414
0.3268533902680544
0.3402748922940767
0.32687102235128707
0.7460808343795721
0.33853762193752435
0.32685276796588414
0.32687808586756706
0.32687102235128707
0.3268704000491168
0.5674422551425813
0.3268704000491168
0.32685276796588414
0.3268533902680544
0.3268526932079997
0.3268704000491168
0.32685276796588414
0.7960346074965317
0.32687102235128707
0.32693566102992744
0.3268950956486295
0.3465673901189499
0.32685276796588414
0.32687808586756706
0.3268533902680544
0.3284400786240369
0.3268704000491168
0.32860343259785857
1.4414406550323204
0.32687102235128707
0.3292594783481642
0.3268704000491168
0.4242869981129621
0.3268533902680544
0.3268774635653968
0.32685276796588414
0.3269285975136475
0.3268533902680544
0.32685276796588414
0.32685276796588414
0.3268533902680544
0.3274138219305498
0.3268533902680544
0.3268704000491168
0.32685276796588414
0.32685276796588414
0.32685276796588414
0.32685276796588414
0.3268533902680544
0.7460795344974314
0.32685276796588414
0.3268533902680544
0.3268950956486295
0.3268704000491168
0.32685276796588414
0.32685276796588414
0.3268704000491168
0.32685276796588414
0.3268533902680544
0.32685276796588414
0.32685276796588414
0.3268533902680544
0.3284153830245242
0.3268704000491168
0.3471101896982126
0.3395263993663015
0.3268533902680544
0.32685276796588414
0.3268704000491168
0.4242869981129621
0.3268704000491168
0.32687102235128707
0.3268704000491168
0.32685276796588414
0.32693566102992744
0.3268704000491168
0.3268704000491168
0.32687102235128707
0.3292347827486515
0.328957509480115
0.32685276796588414
0.3278408773765389
0.7957372607177207
0.32685276796588414
0.32685276796588414
0.32685276796588414
0.32685276796588414
0.3268774635653968
0.3268950956486295
0.3268704000491168
0.32685276796588414
0.32685276796588414
0.3292347827486515
0.32685276796588414
0.32687102235128707
0.32685276796588414
1.0348400159872453
0.32922477174485354
0.32685276796588414
0.32685276796588414
0.32685276796588414
0.32685276796588414
0.35474058328281155
0.32687102235128707
0.6753638773523157
0.3268704000491168
1.5571483243874784
0.32685276796588414
0.3268704000491168
0.3268703252912324
0.3268704000491168
0.32685276796588414
0.3268533902680544
0.32685276796588414
0.32685276796588414
0.3268773888075124
0.3385382442396946
0.32685276796588414
0.32685276796588414
0.5821557330323962
0.32685276796588414
0.32687102235128707
0.32685276796588414
0.32689571795079975
0.3268533902680544
0.32685276796588414
0.32687102235128707
0.3268533902680544
0.32685276796588414
0.3297733210527992
0.3292524148318842
0.3268533902680544
0.3268533902680544
0.3269539154153305
0.328957509480115
0.3268704000491168
0.3268533902680544
0.32693566102992744
0.3646408790969924
0.32693628333209773
0.32685276796588414
0.32685276796588414
0.3269285975136475
0.3268950956486295
0.3292424038280862
0.32693566102992744
0.32685276796588414
0.32685276796588414
0.3268774635653968
0.3268704000491168
0.3268704000491168
0.32685276796588414
0.3268704000491168
0.32687102235128707
0.32922477174485354
0.7460795344974314
0.3268704000491168
0.3268704000491168
0.36069367837053834
0.32685276796588414
0.32693628333209773
0.3268774635653968
0.32685276796588414
0.8676784747879125
0.3268774635653968
0.32685331551016994
0.32685276796588414
0.33952510904600885
0.3268704000491168
0.3268704000491168
0.3268704000491168
0.8913204808390547
0.32692921981581774
0.3268774635653968
0.32685276796588414
0.3268704000491168
0.3268533902680544
0.32685276796588414
0.3547405085249271
0.32693566102992744
0.3268533902680544
0.32685276796588414
0.3268533902680544
0.32859636908157863
0.3465497580357172
0.3268533902680544
0.3268533902680544
0.32685276796588414
0.32685276796588414
0.32685276796588414
0.3268704000491168
0.32685276796588414
0.32685276796588414
0.32685276796588414
0.32685276796588414
0.32687808586756706
0.3268704000491168
0.8912329417586258
0.32685276796588414
0.32685331551016994
0.3268533902680544
0.3268704000491168
0.32685276796588414
0.32685276796588414
0.32687102235128707
0.32687102235128707
0.3268704000491168
0.32685276796588414
0.32685276796588414
0.32685276796588414
0.3292524148318842
0.32685276796588414
0.32685276796588414
0.3268533902680544
0.32685276796588414
0.3268533902680544
0.32685276796588414
0.3268704000491168
1.452788611137191
0.3646408790969924
0.3268704000491168
0.32687808586756706
0.32685276796588414
0.32687808586756706
0.32685276796588414
0.3268774635653968
0.3268533902680544
0.3268704000491168
1.4414401221982664
0.32685276796588414
0.7958599761610816
0.3274138219305498
0.35472295119957886
0.32685276796588414
0.32685276796588414
0.32685276796588414
0.32859636908157863
0.32685276796588414
0.3268704000491168
0.32685276796588414
0.32860343259785857
0.3268704000491168
0.3268774635653968
0.3547475720412071
1.4414401221982664
0.3268704000491168
0.3268526932079997
0.32685276796588414
0.32689571795079975
1.4293273220973493
0.34711081200038285
0.32860343259785857
0.32839915238060635
0.32685276796588414
0.3268533902680544
1.4414405447400374
0.32685276796588414
0.32859636908157863
0.3268533902680544
0.32685276796588414
0.3268704000491168
0.32685276796588414
0.3268533902680544
0.32687102235128707
0.3385395345599872
0.32922477174485354
0.3268704000491168
0.3268704000491168
0.5668293099749976
0.3268704000491168
0.32685276796588414
1.440652088252095
0.32687102235128707
0.32685276796588414
0.3268704000491168
0.32685276796588414
0.3268704000491168
0.3547228764416944
0.3268533902680544
0.32685276796588414
0.32685276796588414
0.3292424038280862
0.3268704000491168
0.3268704000491168
0.3292347827486515
0.32693628333209773
0.5821475096057286
0.32687808586756706
0.3268704000491168
0.32693628333209773
0.32685276796588414
0.32685276796588414
0.32685276796588414
0.3268704000491168
0.32860638008537657
0.3268704000491168
0.32685276796588414
0.3268704000491168
0.32685276796588414
0.32685276796588414
0.32685276796588414
0.32685276796588414
0.32687102235128707
0.32685276796588414
0.3268533902680544
0.3268533902680544
0.3268704000491168
1.4414405447400374
0.3292523400739998
0.3268774635653968
0.3606760462873056
0.4242565408460075
0.3268704000491168
0.32784025507436865
0.3268704000491168
0.3269532931131602
1.4414401221982664
0.5821475096057286
0.32685276796588414
0.8912250209908006
0.3268704000491168
0.3268704000491168
0.3268704000491168
0.32685276796588414
0.3268533902680544
0.32687102235128707
0.32685331551016994
0.32685276796588414
0.32685276796588414
0.32685276796588414
0.3268704000491168
0.33853762193752435
0.4468497242395054
0.32685276796588414
0.32685276796588414
0.3268774635653968
0.326911587732585
0.3268704000491168
0.32685276796588414
0.3268704000491168
0.3285787369983459
0.3268533902680544
0.32685276796588414
0.3274320763159527
0.32922477174485354
0.5668293099749976
0.32685276796588414
0.3268704000491168
1.4414406550323204
0.3268704000491168
0.32685276796588414
0.32687102235128707
0.7961551507392239
0.32685276796588414
0.32685276796588414
0.3268533902680544
0.3268533902680544
0.32685276796588414
0.3268774635653968
0.360718373970051
0.3268704000491168
0.32685276796588414
0.3268704000491168
0.3381294323199697
0.32685276796588414
0.32685276796588414
0.32860343259785857
0.32687102235128707
0.5121035210867415
0.3268533902680544
0.32685276796588414
0.3268709475934026
0.3268704000491168
0.3268533902680544
0.32693566102992744
0.32687102235128707
0.3268704000491168
0.32687102235128707
0.32685276796588414
0.3268533902680544
0.5668470820299834
0.3268526932079997
0.32685276796588414
0.32685276796588414
0.32685276796588414
0.32687808586756706
0.3268533902680544
0.3268703252912324
0.32685276796588414
0.3268703252912324
0.32685276796588414
0.32685276796588414
0.5868271576867856
0.3268704000491168
0.32685276796588414
0.32685276796588414
0.5239515014104698
0.7960346074965317
0.32687102235128707
0.32685276796588414
0.5821310374328834
0.3268526932079997
0.5822693060927726
0.3268704000491168
0.32685276796588414
0.3268950956486295
0.3268533902680544
0.32685276796588414
0.3268526932079997
0.3268533902680544
0.32691096543041476
0.3385382442396946
0.32685276796588414
0.32685276796588414
0.32685276796588414
0.32687102235128707
0.32693628333209773
1.4414405447400374
0.5821570329145369
0.3268533902680544
0.32693566102992744
0.3292524148318842
0.32685276796588414
0.32685276796588414
0.3268533902680544
0.3268704000491168
0.3268704000491168
0.32863107568488925
0.3268704000491168
0.3268533902680544
0.32685276796588414
0.3268533902680544
0.5239049676172
0.5534923605439964
0.32687102235128707
0.3268704000491168
0.32687102235128707
0.3268533902680544
0.3268533902680544
0.32685276796588414
0.3268704000491168
0.32685276796588414
0.3268774635653968
0.32685276796588414
0.32786495067388133
0.32685276796588414
0.3268533902680544
0.3268533902680544
0.32685276796588414
0.32687808586756706
0.3268704000491168
0.32685276796588414
0.3268704000491168
0.32693628333209773
0.32685276796588414
0.32685276796588414
0.32685276796588414
0.3283985300784361
0.3268533902680544
0.32685276796588414
0.3268533902680544
0.3268704000491168
0.3292347827486515
0.3268774635653968
0.32895892615256084
0.32689571795079975
0.7460808343795721
0.32685276796588414
0.3268704000491168
0.3268533902680544
0.32685276796588414
0.3268533902680544
0.32685276796588414
0.32685276796588414
0.3268774635653968
0.32685276796588414
0.32685276796588414
0.32685276796588414
0.32693566102992744
0.3268533902680544
0.32784025507436865
0.3268704000491168
0.32685276796588414
0.32685276796588414
0.3268533902680544
0.32685276796588414
0.3292347827486515
0.3269285975136475
0.32977394335496946
0.32685276796588414
0.32685276796588414
0.3385382442396946
0.32687102235128707
0.32685276796588414
0.3268533902680544
0.32685276796588414
0.32687102235128707
0.32685276796588414
0.3268704000491168
0.32685276796588414
0.32685276796588414
0.3268704000491168
0.5668293099749976
0.32685276796588414
0.3268533902680544
0.3268774635653968
0.9505628202678036
0.3268704000491168
0.3274138219305498
0.32685276796588414
0.3268774635653968
0.3547412055849818
0.3307784402445164
0.3268533902680544
0.32685276796588414
0.32922477174485354
0.32685276796588414
0.327923148138412
0.32685276796588414
0.32685276796588414
0.3268533902680544
0.3268704000491168
0.3268704000491168
0.3285887480021438
0.3381294323199697
0.3268704000491168
0.32685276796588414
0.32685276796588414
0.3268533902680544
0.3268704000491168
0.3268704000491168
0.32685276796588414
0.32685276796588414
0.3381294323199697
0.32685276796588414
0.3268774635653968
0.3285787369983459
0.32693566102992744
0.3268704000491168
0.3268774635653968
0.32685276796588414
0.33813005462214
0.32685276796588414
0.3274138219305498
0.7977510217447061
0.3268533902680544
0.32685276796588414
0.3268704000491168
0.3268533902680544
0.32685276796588414
0.3268533902680544
0.3268533902680544
0.3268704000491168
0.32685276796588414
0.3268704000491168
0.32685276796588414
0.32685276796588414
0.32687102235128707
0.3268533902680544
0.5241205190614069
0.3268533902680544
