0.5239048928593155
0.3268526932079997
0.32841467214089237
0.3268780111096826
0.32685331551016994
0.3506726225693385
0.3268526932079997
0.32685331551016994
0.3268526932079997
0.3268526932079997
0.32685331551016994
0.3381293575620853
0.32685331551016994
0.32685331551016994
0.3268526932079997
0.5554764279174301
0.5668544694152513
0.32895679859648314
0.32685331551016994
0.32685331551016994
0.3268526932079997
0.3268526932079997
0.32685331551016994
0.3268526932079997
0.32685331551016994
0.3268526932079997
0.32784080261865445
0.3268526932079997
0.3385375471796399
0.5668296562675345
0.3268526932079997
0.32685276796588414
0.3268526932079997
0.32685331551016994
0.5669913206447955
0.3268526932079997
0.32839844149697445
0.3268526932079997
0.5668557692973921
0.3268526932079997
0.3268703252912324
0.3475366359686426
0.3268526932079997
0.32741374717266536
0.32685331551016994
0.3268526932079997
0.3268526932079997
0.3268526932079997
0.3268526932079997
0.3268773888075124
0.32685276796588414
0.3268526932079997
0.8912319881690218
0.32689502089074507
0.32685331551016994
0.32922477174485354
0.32685331551016994
0.3268526932079997
0.33813072264026245
0.3268526932079997
0.32685331551016994
0.3283978191948042
0.3268526932079997
0.3268526932079997
0.338130647882378
0.3268526932079997
0.5668557692973921
0.32685276796588414
0.32685331551016994
0.3268526932079997
0.3268526932079997
0.32685331551016994
0.3268526932079997
0.3268709475934026
0.3547228764416944
0.32685331551016994
0.32685331551016994
0.3268526932079997
0.566879165014764
0.3268526932079997
0.3293075900510125
0.3268526932079997
0.32685331551016994
0.3268526932079997
0.3268526932079997
0.32685331551016994
0.3268526932079997
0.3268526932079997
0.3268526932079997
0.32685331551016994
0.3268526932079997
0.3268526932079997
0.3269362085742133
0.3268526932079997
0.32857866224046145
0.3268773888075124
0.3268526932079997
0.3268526932079997
0.32685331551016994
0.3268526932079997
0.3268526932079997
0.3268526932079997
0.3268526932079997
0.3268526932079997
0.32685331551016994
0.32685331551016994
0.3268526932079997
0.3268526932079997
0.3268773888075124
0.3268526932079997
0.32685331551016994
0.3268526932079997
0.32685331551016994
0.3268526932079997
0.32685331551016994
0.3385375471796399
0.32685331551016994
0.3268526932079997
0.3268526932079997
0.3381293575620853
0.3268526932079997
0.3268526932079997
0.3292246969869691
0.3268526932079997
0.3268526932079997
0.32685331551016994
0.32895679859648314
0.3268526932079997
0.3292594035902798
0.3297915006803177
0.3268526932079997
0.3268526932079997
0.3268526932079997
0.3278401803164842
0.3274143694748356
0.32685331551016994
0.32685331551016994
0.32685331551016994
0.3268526932079997
0.32741374717266536
0.3268526932079997
0.32685331551016994
0.32685331551016994
0.3268526932079997
0.3268526932079997
0.3471101149403282
0.3385375471796399
0.3268703252912324
0.32685331551016994
0.3292423290702018
0.3268526932079997
0.3292246969869691
0.3268526932079997
0.8912319881690218
0.354035988144494
0.32923470799076704
0.32685331551016994
0.3268526932079997
0.3471101149403282
0.3268526932079997
0.3268526932079997
0.32685331551016994
0.3268526932079997
0.3268526932079997
0.3297732462949148
0.3289574208986534
0.32685331551016994
0.3268526932079997
0.32685331551016994
0.3268526932079997
0.3268526932079997
0.3268526932079997
0.3292246969869691
0.33853762193752435
0.3268526932079997
0.5668804648969048
0.3268526932079997
0.8912319881690218
0.3268709475934026
0.3268526932079997
0.3268526932079997
0.32685331551016994
0.32685331551016994
0.32691151297470056
0.32685331551016994
0.32685331551016994
0.3268526932079997
0.3268526932079997
0.3268526932079997
0.32685331551016994
0.32685331551016994
0.32685331551016994
0.3268526932079997
0.8912329417586258
0.3268526932079997
0.5239048928593155
0.3268526932079997
0.32839844149697445
0.42498659480163115
0.3268526932079997
0.3268773888075124
0.3268526932079997
0.3274143694748356
0.3268526932079997
0.3268526932079997
0.3268526932079997
0.3268526932079997
0.32685331551016994
0.32685331551016994
0.32685331551016994
0.32685331551016994
0.3268526932079997
0.5242271886505486
0.3268526932079997
0.32685331551016994
0.3268526932079997
0.32685331551016994
0.32741374717266536
0.3268526932079997
0.3268526932079997
0.3268526932079997
0.32685331551016994
0.3268526932079997
0.3268526932079997
0.5822696523853095
0.5239048928593155
0.3268773888075124
0.3268526932079997
0.32857866224046145
0.32685331551016994
0.32685331551016994
0.5822683525031688
0.3268526932079997
0.32685331551016994
0.32685331551016994
0.3268773888075124
0.338130647882378
0.3268526932079997
0.32685276796588414
0.3268526932079997
0.3268526932079997
0.32685331551016994
0.3268526932079997
0.3283978191948042
0.3268526932079997
1.451976354827016
0.553522817810951
0.3268526932079997
0.32685331551016994
0.32685331551016994
0.3268526932079997
0.3268526932079997
0.3268526932079997
0.3268526932079997
0.5668557692973921
0.3268703252912324
0.3268526932079997
0.3268526932079997
0.3268526932079997
0.329773868597085
0.326935586272043
0.32685331551016994
0.3268526932079997
0.3268526932079997
0.3268526932079997
0.3268526932079997
0.3268526932079997
0.3268526932079997
0.3268526932079997
0.3268526932079997
0.32685331551016994
0.33853762193752435
0.32741374717266536
0.3268526932079997
0.3268526932079997
0.32685331551016994
0.5177656034010656
0.3268526932079997
0.3268526932079997
0.32685331551016994
0.553492285786112
1.4421963374286602
0.3268526932079997
0.3268526932079997
0.3268526932079997
0.3268526932079997
0.3268526932079997
0.3268526932079997
0.3268526932079997
0.3268526932079997
0.3268526932079997
0.32685331551016994
0.3268526932079997
0.3268526932079997
0.3268526932079997
0.3268526932079997
0.3268526932079997
0.3268526932079997
0.3268526932079997
0.3268526932079997
0.5668530519849063
0.32685331551016994
0.3268526932079997
1.557147360604139
0.3268526932079997
0.3268526932079997
0.3268526932079997
0.3268526932079997
0.3268526932079997
0.32685331551016994
1.4414395809566978
0.32741374717266536
0.3268526932079997
0.3268526932079997
0.32741374717266536
0.523874435592361
0.5668544694152513
0.3268526932079997
0.3268526932079997
0.3268526932079997
0.3268526932079997
0.3268526932079997
0.32685331551016994
0.3268526932079997
0.3274143694748356
0.9726646157734588
0.3268526932079997
0.3268526932079997
0.3268526932079997
0.3268526932079997
0.32685331551016994
0.32685331551016994
0.3268526932079997
0.3268526932079997
0.32685331551016994
0.3268526932079997
0.32685331551016994
0.3268526932079997
0.3268526932079997
0.5239048928593155
0.32685331551016994
0.32685331551016994
0.3268526932079997
0.3268526932079997
0.5668544694152513
0.32685331551016994
0.3268526932079997
0.338130647882378
0.3381293575620853
0.3268526932079997
0.3268526932079997
0.32685331551016994
0.3268526932079997
0.3268526932079997
0.338154053161598
0.3547228764416944
0.3268526932079997
0.8912240674011968
0.32685331551016994
0.3268526932079997
0.3471683124048588
0.3268526932079997
0.3268526932079997
0.3268526932079997
0.3268526932079997
0.3268526932079997
0.3268526932079997
0.5239048928593155
0.3385382442396946
0.3268526932079997
0.3268526932079997
0.3268780111096826
0.3268526932079997
0.3268526932079997
0.32685331551016994
0.3268526932079997
0.3268780111096826
0.32784080261865445
0.3268526932079997
0.3268526932079997
0.5719502352894761
0.3268526932079997
0.32685331551016994
0.32685331551016994
0.3268780111096826
0.3268526932079997
0.32685331551016994
0.3268526932079997
0.32685331551016994
0.3268526932079997
0.3268773888075124
0.3268526932079997
0.32685331551016994
0.3268526932079997
0.32784080261865445
0.3268526932079997
0.3269108906725303
0.3268526932079997
0.3268526932079997
0.3268526932079997
0.3268526932079997
0.33853816948181015
0.8912240674011968
0.32685331551016994
0.32685331551016994
0.3466325763418761
0.32685331551016994
0.3269108906725303
0.6924898513164806
0.32784080261865445
0.3268780111096826
0.32685331551016994
0.3268526932079997
0.3268526932079997
0.3268526932079997
0.3283978191948042
0.32685331551016994
0.3268526932079997
0.3292246969869691
0.32685331551016994
0.3268526932079997
0.3268526932079997
0.3268526932079997
0.3268526932079997
0.3268780111096826
0.3268526932079997
0.32685331551016994
0.3268526932079997
1.4414391584149269
0.3268526932079997
0.3268526932079997
0.32685331551016994
0.3268526932079997
0.3268526932079997
0.33869103382892124
0.3268526932079997
0.3268526932079997
0.3268526932079997
0.3268526932079997
0.32685331551016994
0.3268526932079997
0.32685331551016994
0.32685331551016994
0.7957640537600177
0.3268526932079997
0.3278401803164842
0.3268526932079997
0.3268526932079997
0.3268526932079997
0.3268773888075124
0.32685331551016994
0.32685331551016994
0.7957371859598362
0.3268526932079997
0.329773868597085
0.3268526932079997
0.3268533902680544
0.5674921101823477
0.3268526932079997
0.33853816948181015
0.3268526932079997
0.3268780111096826
0.3268526932079997
0.3268526932079997
0.3268773888075124
0.3268526932079997
0.3268526932079997
0.3268526932079997
0.3471101149403282
0.8912240674011968
0.32685331551016994
0.553492285786112
0.32685331551016994
0.3268526932079997
0.3292246969869691
0.3268526932079997
0.32685331551016994
0.32685331551016994
0.8912319881690218
0.3268526932079997
0.3268526932079997
0.3268526932079997
0.3268526932079997
0.3268526932079997
0.3268526932079997
0.3268526932079997
0.3547816962083953
0.3268526932079997
0.5668296562675345
0.3268526932079997
0.3268526932079997
0.32685331551016994
0.3283978191948042
0.327471944637196
0.32685331551016994
0.32685331551016994
0.3268526932079997
0.3268773888075124
0.3268526932079997
0.32685331551016994
0.3385375471796399
0.3268526932079997
0.32741374717266536
0.3268526932079997
0.3268526932079997
0.3268526932079997
0.3268526932079997
0.5822696523853095
0.32685331551016994
0.3268526932079997
0.32685331551016994
0.32685331551016994
0.7957371859598362
0.3268526932079997
0.3268526932079997
0.32685331551016994
0.32685331551016994
0.32685331551016994
0.3547228764416944
0.3268526932079997
0.7958599014031973
0.3268526932079997
0.8912319881690218
0.3268526932079997
0.32685331551016994
0.32685331551016994
0.3268526932079997
0.3268526932079997
0.3268526932079997
0.3471101149403282
0.32685331551016994
0.3268526932079997
0.32685331551016994
0.3283978191948042
0.32685331551016994
0.3268526932079997
0.3471101149403282
0.3268526932079997
0.3268526932079997
0.3268526932079997
0.3268526932079997
0.5668540055745103
0.3268526932079997
0.3268773888075124
0.32685331551016994
0.3268526932079997
0.3268526932079997
0.326935586272043
0.32685331551016994
0.32685331551016994
0.3268526932079997
0.32685331551016994
0.32923470799076704
0.3268526932079997
0.3284018565833201
0.3268526932079997
0.33856286508132283
0.3268526932079997
0.32923470799076704
0.3268703252912324
0.32685331551016994
0.3268526932079997
0.3268526932079997
0.32685331551016994
0.3268526932079997
0.3268526932079997
0.32685331551016994
0.329773868597085
0.3547228764416944
0.3268526932079997
0.3268526932079997
0.32685331551016994
0.3268526932079997
0.3268526932079997
0.3268526932079997
0.32685331551016994
0.3268526932079997
0.3268526932079997
0.3268526932079997
0.3268526932079997
0.3268526932079997
0.3268526932079997
0.3268526932079997
0.3268526932079997
0.32685331551016994
0.3268526932079997
0.3268526932079997
0.3292246969869691
0.3268526932079997
0.5535227430530666
0.32685331551016994
0.5535227430530666
0.32689502089074507
0.34713481053984085
0.3268526932079997
0.3268526932079997
0.3268526932079997
0.3268526932079997
0.3268526932079997
0.3268526932079997
0.3268526932079997
0.3268526932079997
0.3268526932079997
0.32685331551016994
0.3268526932079997
0.32685331551016994
0.3268526932079997
0.3292246969869691
0.3268526932079997
0.3268773888075124
0.32923470799076704
0.32685331551016994
0.3268526932079997
0.3268526932079997
0.3497713009455119
0.3268526932079997
1.4414505322587012
0.32685331551016994
0.3268526932079997
0.7957640537600177
0.5535227430530666
0.3465490609756625
0.32685331551016994
0.3268526932079997
0.32685331551016994
0.3268526932079997
0.3268526932079997
0.3268526932079997
0.3268526932079997
0.8912319881690218
0.3278401803164842
0.3268526932079997
0.32685331551016994
0.3283978191948042
0.3278401803164842
0.566879165014764
0.32923470799076704
0.3268526932079997
0.3268526932079997
0.3268526932079997
0.3268526932079997
0.32685331551016994
0.6795276361240983
0.3268526932079997
0.32685331551016994
0.3268526932079997
0.7967961409106774
0.3268526932079997
0.3268526932079997
0.32685331551016994
0.3268526932079997
0.32685331551016994
0.3268526932079997
0.3268526932079997
0.3268526932079997
0.3268526932079997
0.3385375471796399
0.3268526932079997
0.32685331551016994
0.3471107372424984
0.3268526932079997
0.3471101149403282
0.32685276796588414
0.32685331551016994
0.3268526932079997
0.3268526932079997
0.32685331551016994
0.5668557692973921
0.35472349874386466
0.3268526932079997
0.3268526932079997
0.32685331551016994
0.3268526932079997
0.32685331551016994
0.3268526932079997
0.3278401803164842
0.5535227430530666
0.5846126909603374
0.3268526932079997
0.3268526932079997
0.3268526932079997
0.32685331551016994
0.32685331551016994
0.3268526932079997
0.5822683525031688
0.3268526932079997
0.3268526932079997
0.3268526932079997
0.3268526932079997
0.3268526932079997
0.32685331551016994
0.32685331551016994
0.3268526932079997
0.3269362085742133
0.3268526932079997
0.3268526932079997
0.3268526932079997
0.3268526932079997
0.3268526932079997
0.3297732462949148
0.32685331551016994
0.35013833876717226
0.3268526932079997
0.3268526932079997
0.32685331551016994
0.3268526932079997
0.3471101149403282
0.3268526932079997
0.3268526932079997
0.32857866224046145
0.3268773888075124
0.3283978191948042
0.3268526932079997
0.3268526932079997
0.3547228764416944
0.3268703252912324
0.3292246969869691
0.32685331551016994
0.3292246969869691
0.3268526932079997
0.3268526932079997
0.32685331551016994
0.3268526932079997
0.3268526932079997
0.3268526932079997
0.32685331551016994
0.3268526932079997
0.891386388429702
0.3381299798642556
0.3268526932079997
0.3268526932079997
0.7957640537600177
0.5239048928593155
0.3471101149403282
0.3268526932079997
0.32685331551016994
0.3268526932079997
0.3268526932079997
0.3269362085742133
0.32741374717266536
0.3278401803164842
0.32895679859648314
0.3268526932079997
0.3268526932079997
0.3268709475934026
0.3268526932079997
0.3268526932079997
0.32691151297470056
0.32685276796588414
0.32741374717266536
0.3547235735017491
0.32895679859648314
0.32685331551016994
0.3268526932079997
0.3268526932079997
0.7957640537600177
0.3268526932079997
0.3268526932079997
0.3268526932079997
0.3268526932079997
0.32685331551016994
0.3268526932079997
0.32895679859648314
0.5535227430530666
0.3268526932079997
0.3268526932079997
0.32895679859648314
0.3268526932079997
0.3283978191948042
0.8912319881690218
0.3268526932079997
0.3268526932079997
0.3268526932079997
0.3268526932079997
0.32895679859648314
0.3268526932079997
0.32895679859648314
0.3268526932079997
0.3547228764416944
0.3268526932079997
0.32685331551016994
0.3268703252912324
0.3268526932079997
0.32685331551016994
0.3283978191948042
1.440639217790927
0.3268526932079997
0.3268526932079997
0.32685331551016994
0.3268526932079997
0.3268526932079997
1.4414501097169305
0.32685331551016994
0.3274143694748356
0.3268526932079997
0.5668544694152513
0.3268526932079997
0.3268526932079997
0.3268526932079997
0.3268526932079997
0.3268780111096826
0.3268526932079997
0.3268526932079997
1.4414505322587012
0.3385375471796399
0.32685331551016994
0.3268526932079997
0.3268526932079997
0.3268526932079997
0.3268526932079997
0.3268526932079997
0.3268526932079997
0.3268773888075124
0.3268526932079997
0.3268526932079997
0.32685331551016994
0.32784080261865445
0.3268526932079997
0.42498659480163115
0.5668544694152513
0.3268526932079997
0.3268526932079997
0.3268526932079997
0.32685331551016994
0.3268526932079997
0.3278401803164842
0.3268526932079997
0.3268526932079997
0.3268526932079997
0.3268526932079997
0.3268526932079997
0.32685331551016994
0.3268773888075124
0.8676094201870301
0.3268526932079997
0.5535227430530666
0.3268526932079997
0.8912319881690218
0.326935586272043
0.3268526932079997
0.3268526932079997
0.32685331551016994
0.32691096543041476
0.32685331551016994
0.8892801386496241
0.891394309197527
0.3268526932079997
0.32685331551016994
0.7960345327386473
0.3268526932079997
0.3268526932079997
0.3268526932079997
0.3268526932079997
0.3268526932079997
0.3268526932079997
0.3268526932079997
0.32685331551016994
0.3268526932079997
0.8912319881690218
0.32685331551016994
0.3268526932079997
0.32685331551016994
0.3283978191948042
0.3381293575620853
0.3274320015580683
0.3268526932079997
0.32685331551016994
0.3268526932079997
0.3268526932079997
0.32685331551016994
0.553522817810951
1.4414505322587012
0.7903719829432181
0.3268526932079997
0.3268526932079997
0.3268526932079997
0.32685331551016994
0.3268526932079997
0.3268773888075124
0.3268526932079997
0.32685331551016994
0.3268526932079997
0.5822683525031688
0.3268526932079997
0.3268526932079997
0.3268526932079997
0.338130647882378
0.34719363030654177
0.32685331551016994
0.3268526932079997
0.32923470799076704
0.3268526932079997
0.3268526932079997
0.32685331551016994
0.3268526932079997
0.32979087837814747
0.32685331551016994
0.7957618815593489
0.3268526932079997
1.4414505322587012
0.3268526932079997
0.32685331551016994
0.3268526932079997
0.32685331551016994
0.3268526932079997
0.5088038627344431
0.3268526932079997
0.32685331551016994
0.9510257380222
0.32685276796588414
0.3278648759159969
0.3268526932079997
0.3268526932079997
0.32685331551016994
0.3268526932079997
0.3268526932079997
0.32685331551016994
0.32685331551016994
0.32685331551016994
0.3268526932079997
0.5241204443035224
0.32685331551016994
0.3268526932079997
0.32685331551016994
0.3268526932079997
0.3465490609756625
0.32685331551016994
0.3268526932079997
0.3269362085742133
0.3268526932079997
0.32685331551016994
0.3268526932079997
0.3268526932079997
0.3268773888075124
0.32685331551016994
0.3268526932079997
0.3268526932079997
0.3268526932079997
0.8532824992277239
0.32784080261865445
0.3268526932079997
0.5668544694152513
0.3268526932079997
0.3268526932079997
0.32685331551016994
0.32685331551016994
0.32685331551016994
0.3268526932079997
0.3268526932079997
0.3268703252912324
0.3547228764416944
0.3268526932079997
0.3268526932079997
0.3268526932079997
0.3268526932079997
0.3268526932079997
0.3268526932079997
0.3268526932079997
0.3268526932079997
0.32685331551016994
0.3268703252912324
0.3268526932079997
0.3268526932079997
0.32685331551016994
0.32685331551016994
0.3268526932079997
0.566879165014764
0.3268526932079997
0.33853816948181015
0.3268526932079997
0.3385375471796399
0.3268526932079997
0.3268526932079997
0.3268526932079997
0.3268526932079997
0.3268526932079997
0.35131992990315764
0.32685331551016994
0.3268773888075124
1.4414391584149269
0.3268526932079997
0.3268773888075124
0.3268526932079997
0.32685331551016994
0.3268526932079997
0.3268526932079997
0.3268526932079997
0.32685331551016994
0.3292246969869691
0.3268526932079997
0.32857866224046145
0.3268703252912324
0.553492285786112
0.523874435592361
0.32685331551016994
0.4242862872293302
0.3268526932079997
0.3268526932079997
0.3297732462949148
0.3268773888075124
