0.32687808586756706
0.32687808586756706
0.354806391807908
0.32685331551016994
0.32685331551016994
0.3269362085742133
0.3547482691012618
0.32685331551016994
0.3268709475934026
0.5537544457814731
0.3465497580357172
0.3268526932079997
0.3268703252912324
0.3547235735017491
0.3268703252912324
0.3268773888075124
0.3268780111096826
0.3268709475934026
0.32685331551016994
0.32839844149697445
0.3268526932079997
0.3268526932079997
0.3268526932079997
0.3268780111096826
0.3268526932079997
0.5668296562675345
0.329773868597085
0.32685331551016994
0.3269362085742133
0.3268533902680544
0.3268526932079997
0.4229146569204527
0.32685331551016994
0.32687808586756706
0.3268526932079997
0.34657437887734543
0.5668283563853936
0.3268780111096826
0.32923470799076704
0.32685331551016994
0.3268526932079997
0.32685331551016994
0.32685331551016994
0.32685331551016994
0.3268780111096826
0.3385382442396946
0.32685331551016994
0.3268780111096826
0.3268533902680544
0.3268709475934026
0.32691151297470056
0.3268526932079997
0.3268709475934026
0.32867156630830274
0.32685331551016994
0.7970644476886382
0.3268709475934026
0.32685331551016994
0.32685331551016994
0.3285887480021438
0.3268533902680544
0.32685331551016994
0.3268533902680544
0.3268774635653968
0.32685331551016994
0.3268709475934026
0.32685331551016994
0.3268956431929153
0.32685331551016994
0.32685331551016994
0.32685331551016994
0.3268533902680544
0.3268533902680544
0.4651185691181464
0.3268533902680544
0.3268709475934026
0.32685276796588414
0.3268780111096826
0.3268956431929153
0.32685331551016994
0.32685331551016994
0.42447209229021443
0.33853816948181015
0.32685331551016994
0.32923470799076704
0.32685331551016994
0.32685331551016994
0.3268533902680544
0.32685331551016994
0.34711081200038285
0.34654968327783275
0.32685276796588414
0.33815467546376826
0.32685331551016994
0.3268709475934026
0.32687808586756706
0.32685331551016994
0.32685331551016994
0.3268780111096826
0.32685331551016994
0.42447138140658247
0.3268956431929153
0.3268533902680544
0.33859636694634077
0.523874435592361
0.32685331551016994
0.32685331551016994
0.32685331551016994
0.32685331551016994
0.32685331551016994
0.3268526932079997
0.32685276796588414
0.32685331551016994
0.3268956431929153
0.32685331551016994
0.32839844149697445
0.3381299798642556
0.32685331551016994
0.32685331551016994
0.32687808586756706
0.32691151297470056
0.3268709475934026
0.3292347827486515
0.3268956431929153
0.32685331551016994
0.3268709475934026
0.3268709475934026
0.3268526932079997
0.8914120376188185
1.4414501097169305
0.32685331551016994
0.32685331551016994
0.32685331551016994
0.3268533902680544
0.3268780111096826
0.32685331551016994
0.3268709475934026
0.32685331551016994
0.3268533902680544
0.32685331551016994
0.32685331551016994
0.32685331551016994
0.32860630532749213
0.3297915006803177
0.32685331551016994
0.32685331551016994
0.3268780111096826
0.32685331551016994
0.32685276796588414
0.32685331551016994
0.3268533902680544
0.34657437887734543
0.32685331551016994
0.3268780111096826
0.3268533902680544
0.3268533902680544
0.32685331551016994
0.32685331551016994
0.33853816948181015
0.3268533902680544
0.3268533902680544
0.32685331551016994
0.329773868597085
1.4414505322587012
0.32685331551016994
0.32685331551016994
0.3268526932079997
0.32784080261865445
0.32685331551016994
0.3268533902680544
0.329773868597085
0.32685331551016994
0.3268780111096826
0.3268709475934026
0.3268703252912324
0.8668456398143312
0.523874435592361
0.3268533902680544
0.3385976572666335
0.33853945980210276
0.32685331551016994
0.32685331551016994
0.3268709475934026
0.3268533902680544
0.32689571795079975
0.3268526932079997
0.3268533902680544
0.32839844149697445
0.888536157246111
0.3268526932079997
0.3385382442396946
0.32685331551016994
0.3268780111096826
0.32685331551016994
0.32685331551016994
0.3268780111096826
0.32685331551016994
0.3268709475934026
0.32685331551016994
0.32685331551016994
0.8913442228489635
0.32685331551016994
0.523874435592361
0.5821313837254203
0.3268780111096826
0.3268526932079997
0.32687102235128707
0.3268526932079997
0.3268703252912324
0.3381299798642556
0.3268709475934026
0.32685276796588414
0.32685331551016994
0.3268526932079997
0.32685331551016994
0.3268533902680544
0.3268526932079997
0.32685331551016994
0.32685331551016994
0.32685331551016994
0.3268774635653968
0.3268780111096826
0.32685331551016994
0.3268709475934026
0.32685331551016994
0.3268780111096826
0.3286133688437721
0.32685331551016994
0.32695384065744604
0.32685331551016994
0.3268709475934026
0.32741444423272004
0.33813005462214
0.3381299798642556
0.523874435592361
0.3268533902680544
0.32685331551016994
0.32685331551016994
0.3268774635653968
0.32685331551016994
0.3268533902680544
0.3268533902680544
0.3268533902680544
0.32687808586756706
0.32687808586756706
0.7967692731104958
0.32685331551016994
0.3285886732442594
0.3285886732442594
0.32685331551016994
0.3268526932079997
0.32685331551016994
0.3268533902680544
0.3381299798642556
0.3268526932079997
0.32685331551016994
0.8912319881690218
0.3268533902680544
0.32685331551016994
0.3268773888075124
0.3386224276240306
0.3268709475934026
0.5238745103502453
0.3268709475934026
0.3268780111096826
0.3391005137667685
0.42447138140658247
0.34654968327783275
0.32685331551016994
0.523874435592361
0.33853945980210276
0.3268526932079997
0.3268709475934026
0.3268709475934026
0.32685331551016994
0.32687102235128707
0.32685331551016994
0.32685331551016994
0.3268533902680544
0.3381299798642556
0.32685331551016994
0.3268533902680544
0.3268533902680544
0.3268526932079997
0.3268533902680544
0.9319187676930112
0.32685331551016994
0.32685331551016994
0.32685331551016994
0.3268780111096826
0.3268526932079997
0.3268773888075124
0.32685331551016994
0.32685331551016994
0.3268709475934026
0.3268533902680544
0.32839844149697445
0.3286310009270048
0.32685331551016994
0.32691151297470056
0.34711081200038285
0.32685331551016994
0.4242862872293302
0.32685331551016994
0.32685331551016994
0.6638715431492226
0.32685331551016994
0.523874435592361
0.3268703252912324
0.32685276796588414
0.32685276796588414
0.3268533902680544
0.34654968327783275
0.3268780111096826
0.32685331551016994
0.32685331551016994
0.3268526932079997
0.3268709475934026
0.3268780111096826
0.32685331551016994
0.3268533902680544
0.3268533902680544
0.3268956431929153
0.4468490133558735
0.32685331551016994
0.7958599014031973
0.5821313837254203
0.3268533902680544
0.3268533902680544
0.3268780111096826
0.3268533902680544
0.3268526932079997
0.32685331551016994
0.32685331551016994
0.32685331551016994
0.32685331551016994
0.3269362085742133
0.32687102235128707
0.32695384065744604
0.3268709475934026
0.32685331551016994
0.32685331551016994
0.3268533902680544
0.32685331551016994
0.3268526932079997
0.3268533902680544
0.32685331551016994
0.32979087837814747
0.3268533902680544
0.32685331551016994
0.32685331551016994
0.3268526932079997
0.32685331551016994
0.32685331551016994
0.32784080261865445
0.5668543518670471
0.3268533902680544
0.5821313837254203
0.32685331551016994
0.32685331551016994
0.45490600279196935
0.3268956431929153
0.3268703252912324
0.3274143694748356
0.3268533902680544
0.32842384798011903
0.32685331551016994
0.32685331551016994
0.32685331551016994
0.42425582996237565
0.32685331551016994
0.32685331551016994
0.3268533902680544
0.3268773888075124
0.32685331551016994
0.3268956431929153
0.32685331551016994
0.3285886732442594
0.3289574208986534
0.3385382442396946
0.38390995729378674
0.4222601819975652
0.3284231370964871
0.3268709475934026
0.3268526932079997
0.32685331551016994
0.3286310009270048
0.32839915238060635
0.32685331551016994
0.3268709475934026
0.32685276796588414
0.32861344360165656
0.3268526932079997
0.32685331551016994
0.3268709475934026
0.34600873695634105
0.3268526932079997
0.3268780111096826
0.32685331551016994
0.32685331551016994
0.32685331551016994
0.3268780111096826
0.32841529444306256
0.3286133688437721
0.32685331551016994
0.32685331551016994
0.3268533902680544
0.3268956431929153
0.32685331551016994
0.3268780111096826
0.32685331551016994
0.3268780111096826
0.32685331551016994
0.32685331551016994
0.32685331551016994
0.32685331551016994
0.3268533902680544
0.32923470799076704
0.3385382442396946
0.32685331551016994
0.32685331551016994
0.3268709475934026
0.3268780111096826
0.32923470799076704
0.7957372607177207
0.32691151297470056
0.32691151297470056
0.5668296562675345
0.35339204111578504
0.32685331551016994
0.32685331551016994
0.32685331551016994
0.3268780111096826
0.32685331551016994
0.3268533902680544
0.3268709475934026
0.32687808586756706
0.3268774635653968
0.3268780111096826
0.3268526932079997
0.32689571795079975
0.3268780111096826
0.3268533902680544
0.32685331551016994
0.3268773888075124
0.32685331551016994
0.4242862872293302
0.32687808586756706
0.32685331551016994
0.32685331551016994
0.3268956431929153
0.32685331551016994
0.32685331551016994
0.3268780111096826
0.3268526932079997
0.32685331551016994
0.3268533902680544
0.4242869981129621
0.5535388195793819
0.3268703252912324
0.32685331551016994
0.4651497372687329
0.3289574208986534
0.32685331551016994
0.32685331551016994
0.5668296562675345
0.32685331551016994
0.3268526932079997
0.5239209693856308
0.32685331551016994
0.3269362085742133
0.32685331551016994
0.4242862872293302
0.37732785216502684
0.32685331551016994
0.3471107372424984
0.32685331551016994
0.32685331551016994
0.3547235735017491
0.3268533902680544
0.32685331551016994
0.33853945980210276
0.32685331551016994
0.32685331551016994
0.3268526932079997
0.32685331551016994
0.3268956431929153
0.32687808586756706
0.32685331551016994
0.8914190047970398
1.4414505322587012
0.3268533902680544
0.3268533902680544
0.3285886732442594
0.3268709475934026
0.3268526932079997
0.5241365208298376
0.32685331551016994
0.3268780111096826
0.3283985300784361
0.32839844149697445
0.3268533902680544
0.3596632062195757
0.329773868597085
0.3268709475934026
0.3268780111096826
0.3268773888075124
0.3289574208986534
0.3268709475934026
0.3268709475934026
0.3268709475934026
0.32685331551016994
0.3268956431929153
0.3268709475934026
0.32685331551016994
0.32685331551016994
0.32685331551016994
0.32685331551016994
0.3268709475934026
0.32685331551016994
0.32741444423272004
0.329773868597085
0.35474819434337734
0.35472349874386466
0.32685331551016994
0.3268780111096826
0.32685331551016994
0.32685331551016994
0.3269108906725303
0.3268709475934026
0.32685276796588414
0.4468490133558735
0.3268526932079997
0.32685331551016994
0.32923470799076704
0.3285886732442594
0.32685331551016994
0.3268533902680544
0.3268526932079997
0.3268533902680544
0.3268526932079997
0.32685331551016994
0.33853816948181015
0.32685276796588414
0.3268533902680544
0.32685276796588414
0.3268526932079997
0.32685331551016994
0.32685331551016994
0.523874435592361
0.3547235735017491
0.32685331551016994
0.32685331551016994
0.32685331551016994
0.3268956431929153
0.3268703252912324
0.32685331551016994
0.3268526932079997
0.32685331551016994
0.32685331551016994
0.32685331551016994
0.3268526932079997
0.5821300838432796
0.3268533902680544
0.32685331551016994
0.34654968327783275
0.3268533902680544
0.3268780111096826
0.32861344360165656
0.3268526932079997
0.3268709475934026
0.32685331551016994
0.3268703252912324
0.3465497580357172
0.4439173526647488
0.3278401803164842
0.9795783410143071
0.32685331551016994
0.3268526932079997
0.32685331551016994
0.3268533902680544
0.3284231370964871
0.8912240674011968
0.3465497580357172
0.3268709475934026
0.3286133688437721
0.3465684272416519
0.32685331551016994
0.3268709475934026
0.3268533902680544
0.32685331551016994
0.32685331551016994
0.3268526932079997
0.3268780111096826
0.32685331551016994
0.32685331551016994
0.32685331551016994
1.4414505322587012
0.32923470799076704
0.3268703252912324
0.8913873420193058
0.32685331551016994
0.3269362085742133
0.7958599014031973
0.32685331551016994
0.3285886732442594
0.3268533902680544
0.32685276796588414
0.32685331551016994
0.32685331551016994
0.3268526932079997
0.329773868597085
0.32685331551016994
0.32687102235128707
0.32685331551016994
0.3268709475934026
0.3268780111096826
0.3268773888075124
0.32687808586756706
0.3268709475934026
0.3268526932079997
0.3278585094597716
0.3268526932079997
0.32687102235128707
0.32685331551016994
0.32685331551016994
0.32741444423272004
0.32685331551016994
0.32685331551016994
0.3268533902680544
0.32685276796588414
0.3465684272416519
0.32685331551016994
0.3269362085742133
0.3268709475934026
0.32685331551016994
0.3268709475934026
0.3268956431929153
0.32687808586756706
0.3268533902680544
0.3268774635653968
0.32685331551016994
0.5821488094878693
0.3268709475934026
0.3268526932079997
0.3268780111096826
0.3268780111096826
0.32841529444306256
0.32685331551016994
0.32685331551016994
0.32685331551016994
0.32685331551016994
0.33815596578406093
0.32839844149697445
0.5668306098571383
0.32685331551016994
0.5821323373150242
0.3268533902680544
0.32685331551016994
0.3268526932079997
0.3268526932079997
0.3268533902680544
0.32685331551016994
0.32685331551016994
0.523874435592361
0.8912329417586258
0.32685331551016994
0.5238745103502453
0.32786549821816713
0.33813005462214
0.32685331551016994
0.3268780111096826
0.32685331551016994
0.32685331551016994
0.3268780111096826
0.32685331551016994
0.3268533902680544
0.32685331551016994
0.523874435592361
0.3268533902680544
0.7957371859598362
0.3268533902680544
0.32685331551016994
0.32685331551016994
1.4414501097169305
0.3268703252912324
0.32685331551016994
0.3268780111096826
0.3268780111096826
0.32685331551016994
0.32685331551016994
0.32685331551016994
0.3268709475934026
0.42291536780408456
0.32685331551016994
0.3268709475934026
1.4414510735002701
0.3471690094649135
0.32685331551016994
0.32689571795079975
0.32685331551016994
0.32687808586756706
0.3268780111096826
0.32839915238060635
0.3268780111096826
0.3268780111096826
0.32685331551016994
0.32685331551016994
0.32685331551016994
0.32687808586756706
0.32685331551016994
0.3268780111096826
0.32685331551016994
0.32685331551016994
0.3268704000491168
0.32685331551016994
0.32685331551016994
0.32685331551016994
0.34711081200038285
0.32685331551016994
0.3268526932079997
0.32687808586756706
0.32685331551016994
0.32685331551016994
0.3268709475934026
2.1374702687972835
0.32685331551016994
0.3268533902680544
0.3268709475934026
0.32685331551016994
0.33853816948181015
0.32860343259785857
0.3268709475934026
0.32685331551016994
0.3268533902680544
0.3268533902680544
0.32685331551016994
0.32685331551016994
0.3268780111096826
0.32687102235128707
0.3268533902680544
0.35472349874386466
0.5668296562675345
0.32685331551016994
0.3268709475934026
0.3268533902680544
0.3285787369983459
0.338187555026616
0.32685331551016994
0.32685331551016994
0.32685331551016994
0.32687808586756706
0.32685331551016994
0.32687102235128707
0.32687102235128707
0.32685331551016994
0.3268780111096826
0.3268780111096826
0.3268533902680544
0.32895679859648314
0.32685276796588414
0.3268780111096826
0.32685331551016994
0.32685331551016994
0.5240899870365678
0.3268533902680544
0.32685276796588414
0.8913204808390547
0.3268709475934026
0.32786549821816713
0.32786557297605157
0.32687102235128707
0.3268526932079997
0.32685331551016994
0.3268956431929153
0.3268526932079997
0.3285886732442594
0.32839844149697445
0.3268526932079997
0.3268533902680544
0.32685331551016994
0.3292493925864818
0.32685331551016994
0.5238745103502453
0.5668296562675345
0.3385382442396946
0.32685331551016994
0.32685331551016994
0.3268526932079997
0.32685331551016994
0.3268533902680544
0.329773868597085
0.32687808586756706
0.32685331551016994
0.3268780111096826
0.3268709475934026
0.3268526932079997
0.32839915238060635
0.32685331551016994
0.3471107372424984
0.32685331551016994
0.32685331551016994
0.32685331551016994
0.3268704000491168
0.32685331551016994
0.32685331551016994
0.3269362085742133
0.32685331551016994
0.32685331551016994
0.3471101149403282
0.35474819434337734
0.32685331551016994
0.32685331551016994
0.32685331551016994
0.3268526932079997
0.3268773888075124
0.4651497372687329
0.3269291450579333
0.7216515377205297
0.32685276796588414
0.3268533902680544
0.3268526932079997
0.3268703252912324
0.32685331551016994
0.3274390650743483
0.3268956431929153
0.3268526932079997
0.582172551497778
0.3268526932079997
0.3268709475934026
0.34711081200038285
0.3269108906725303
0.32687102235128707
0.5240899870365678
0.329773868597085
0.32685331551016994
0.32685331551016994
1.4414505322587012
0.3268526932079997
0.32685331551016994
0.32685331551016994
0.3268780111096826
0.32685331551016994
0.3268780111096826
0.35474764679909154
0.32685331551016994
0.891386388429702
0.3268533902680544
0.3268780111096826
0.3268780111096826
0.3268526932079997
0.3268709475934026
0.32685331551016994
0.3268709475934026
0.32685331551016994
0.32685331551016994
0.32685331551016994
0.3274320763159527
0.3297915006803177
0.3465497580357172
0.3292594035902798
0.32839915238060635
0.3268526932079997
0.3268533902680544
0.32685331551016994
0.3268533902680544
0.3268533902680544
0.32685331551016994
0.32685331551016994
0.3278408773765389
0.32685331551016994
0.32691151297470056
0.3268780111096826
1.4414505322587012
0.32685331551016994
0.5239048928593155
0.329773868597085
0.32685331551016994
0.32685331551016994
0.8912240674011968
0.32784080261865445
0.32685331551016994
0.32685331551016994
0.3268526932079997
0.8912319881690218
0.32685331551016994
0.3268709475934026
0.32685331551016994
0.3268774635653968
0.32685331551016994
0.32685331551016994
0.3268780111096826
0.32685331551016994
0.3268526932079997
0.32687808586756706
0.32685331551016994
0.32685331551016994
0.32685331551016994
0.3268526932079997
0.3268533902680544
0.32685331551016994
0.3268709475934026
0.3385388374999326
0.5821313837254203
0.3385382442396946
0.3268533902680544
0.32685331551016994
0.32685331551016994
0.3268533902680544
0.3268780111096826
0.32685331551016994
0.32685331551016994
0.3268533902680544
0.32685331551016994
0.32685331551016994
0.3268533902680544
0.3289574208986534
0.4253522131357642
0.3268526932079997
0.3268709475934026
0.32786557297605157
0.3268533902680544
0.3268533902680544
0.32685331551016994
0.32685331551016994
0.32685331551016994
0.3268780111096826
0.32685331551016994
0.32685331551016994
0.32685331551016994
0.32685276796588414
0.523874435592361
0.3268533902680544
0.32685331551016994
0.32685331551016994
0.32685276796588414
0.3268956431929153
0.329773868597085
0.32689571795079975
0.32685331551016994
0.32923470799076704
0.3268780111096826
0.3547235735017491
0.3268526932079997
0.32685276796588414
0.3268703252912324
0.32685331551016994
0.32685331551016994
0.32685331551016994
0.3285886732442594
1.4414505322587012
0.32685331551016994
0.32687808586756706
0.8914190047970398
0.32687808586756706
0.32685331551016994
0.32685331551016994
0.3268709475934026
0.3268533902680544
0.8913195272494508
0.32685331551016994
0.3268526932079997
0.3268533902680544
0.3268703252912324
0.3466078807423634
0.3268709475934026
0.32685331551016994
0.3268956431929153
0.32691151297470056
0.3268709475934026
0.32685331551016994
0.32685331551016994
0.32685331551016994
0.32693628333209773
0.5241365208298376
0.3285886732442594
0.32685331551016994
0.3268709475934026
0.3268709475934026
0.3268533902680544
0.4242869981129621
0.32685331551016994
0.3268533902680544
0.3268533902680544
0.329773868597085
0.32685331551016994
0.32923470799076704
0.32685331551016994
0.3268533902680544
0.523874435592361
0.3268780111096826
0.32685331551016994
0.34654913573354695
0.32685276796588414
0.42425582996237565
0.32839844149697445
0.32685331551016994
0.3268709475934026
0.32685331551016994
0.32685331551016994
