0.3268780111096826
0.3268780111096826
0.32691096543041476
0.3284231370964871
0.3268780111096826
0.3268780111096826
0.32687808586756706
0.3268780111096826
0.3268780111096826
1.2391865604799395
0.3268780111096826
0.3292493925864818
0.3268780111096826
0.3268773888075124
0.5668543518670471
0.32685331551016994
0.7957618815593489
0.3268956431929153
0.3268780111096826
0.326935586272043
0.3269362085742133
0.32685331551016994
0.8912487630007094
0.4242604721898906
0.5821821923547906
0.3268780111096826
0.3268773888075124
0.3268780111096826
0.32687808586756706
0.3268773888075124
0.32685331551016994
0.5674656508599533
0.3268780111096826
0.3268780111096826
0.32691151297470056
0.523874435592361
0.582156079324933
0.32979794189442746
0.32685331551016994
0.3268780111096826
0.32685331551016994
0.32687808586756706
0.32687808586756706
0.3471689347070291
0.8912487630007094
0.3268773888075124
0.3268780111096826
0.3268780111096826
0.3465744536352299
0.3268774635653968
0.32685331551016994
0.32693628333209773
0.3268780111096826
0.3269362085742133
0.3268780111096826
0.32864687070879006
0.3268780111096826
0.32687808586756706
0.32687808586756706
0.3268780111096826
0.3268780111096826
0.3268780111096826
0.3268774635653968
0.32685331551016994
0.32685331551016994
0.3292594035902798
0.32687808586756706
0.3268780111096826
1.4414510650927552
0.32685331551016994
0.3268780111096826
0.3268956431929153
0.3268533902680544
0.3292594783481642
0.3268773888075124
0.32687808586756706
0.3268533902680544
0.32685331551016994
0.32685331551016994
0.5668543518670471
0.32981557397766015
0.3284231370964871
0.3268780111096826
0.3547475720412071
0.3268780111096826
0.3268780111096826
0.32685331551016994
0.32687808586756706
0.3268533902680544
0.3268780111096826
0.3268526932079997
0.3268780111096826
0.3268533902680544
0.32687808586756706
0.3268780111096826
0.3268780111096826
0.3268780111096826
0.3268780111096826
0.32687808586756706
0.6678466024804103
1.4414510650927552
0.4470645648000804
0.3269362085742133
0.3547482691012618
0.3268780111096826
0.3268773888075124
0.32687808586756706
0.3268780111096826
0.3268533902680544
0.3268780111096826
0.3268780111096826
0.3268780111096826
0.3269362085742133
0.3268780111096826
0.3268780111096826
0.3268780111096826
0.32981557397766015
0.3268780111096826
0.3268780111096826
0.5668543518670471
0.32685331551016994
0.3268780111096826
0.32685331551016994
0.3268780111096826
0.3297985641965977
0.32687808586756706
0.3278401803164842
0.3268780111096826
0.3284231370964871
1.4414519174468279
0.32685331551016994
0.32685331551016994
0.3268956431929153
0.3268780111096826
0.5822943479848222
0.32685331551016994
0.32685331551016994
0.3268780111096826
0.3268526932079997
0.32691151297470056
0.32784080261865445
0.326911587732585
0.32685331551016994
0.32691151297470056
0.326911587732585
0.32687808586756706
0.32685331551016994
0.3268533902680544
0.3268780111096826
0.3268780111096826
0.3268774635653968
0.32685331551016994
0.3268780111096826
0.3268780111096826
0.3268780111096826
0.3268780111096826
0.3268956431929153
0.3268780111096826
0.42447138140658247
0.5240899870365678
0.3268780111096826
0.32687808586756706
0.3268533902680544
0.3268780111096826
0.3268780111096826
0.3268780111096826
0.3284225147943169
0.33856286508132283
0.3268780111096826
0.3268780111096826
0.32685331551016994
0.32685331551016994
0.32689571795079975
0.3268526932079997
0.3297985641965977
0.32691151297470056
0.3268780111096826
0.3268780111096826
0.32685331551016994
0.3268780111096826
0.3268780111096826
0.32691151297470056
0.3268780111096826
0.3268780111096826
0.8912240674011968
0.32842384798011903
0.3268780111096826
0.3268780111096826
0.32687808586756706
0.32687808586756706
0.8914190047970398
0.3269362085742133
0.5596293874791254
0.3268774635653968
0.3269108906725303
0.3268780111096826
0.3268780111096826
0.3268780111096826
0.5822953015744261
0.32685331551016994
0.3409778341848224
0.3268780111096826
0.3268780111096826
0.7957371859598362
0.32979863895448214
0.3268780111096826
0.32687808586756706
0.32687808586756706
0.5821570329145369
0.3268780111096826
0.3268773888075124
0.32687808586756706
0.32685331551016994
0.32685331551016994
0.3268780111096826
0.34713550759989553
1.4414396912489809
0.32685331551016994
0.32685331551016994
0.3268780111096826
0.3268780111096826
0.3268780111096826
0.32687808586756706
0.3286133688437721
0.32685331551016994
0.3268780111096826
0.425202146245838
0.3268780111096826
0.3268780111096826
0.3268780111096826
0.3268780111096826
0.3268780111096826
0.3268773888075124
0.3268780111096826
0.3268780111096826
0.3268780111096826
0.3284231370964871
0.32685331551016994
0.32687808586756706
0.3268533902680544
0.3268773888075124
0.32687808586756706
0.3268780111096826
0.3268780111096826
0.3268780111096826
0.3268773888075124
0.3268780111096826
0.3268780111096826
0.32685276796588414
0.3268780111096826
0.3268780111096826
0.32685331551016994
0.32685331551016994
0.3268780111096826
0.3268526932079997
0.32784080261865445
1.4414516063343241
0.327456697157581
0.32685331551016994
0.32687808586756706
0.32685331551016994
0.42447138140658247
0.3268956431929153
0.3268780111096826
0.32685331551016994
0.32687808586756706
0.3268780111096826
0.32685331551016994
0.32685331551016994
0.3268780111096826
0.5239811799393872
0.3268780111096826
0.3268780111096826
0.3268780111096826
0.3268780111096826
0.32687808586756706
0.32685331551016994
0.3268780111096826
0.3268956431929153
0.3268780111096826
0.32786549821816713
0.8912487630007094
0.3268780111096826
0.3268780111096826
1.4414396912489809
1.4414510650927552
0.3268780111096826
0.3268780111096826
0.32685331551016994
1.4414510650927552
0.32687808586756706
0.3274143694748356
0.3278648759159969
0.3269362085742133
0.3268780111096826
0.34656771635802
0.32685331551016994
0.32689571795079975
0.3268780111096826
0.5821547794427923
0.42447138140658247
0.32687808586756706
0.3268780111096826
0.32691151297470056
0.3268780111096826
0.32749726253887895
0.3268780111096826
0.3268780111096826
0.3268780111096826
0.32685331551016994
0.32687808586756706
0.3268956431929153
0.32685331551016994
0.3268774635653968
0.3268780111096826
0.3268526932079997
0.3547482691012618
0.3268780111096826
0.32685276796588414
0.3268780111096826
0.32685331551016994
0.3268780111096826
0.33853816948181015
0.3268780111096826
0.32685331551016994
0.3268780111096826
0.3268780111096826
0.3268526932079997
0.3268780111096826
0.32685331551016994
0.3268780111096826
0.3268533902680544
0.3268780111096826
0.3268780111096826
0.32685331551016994
0.3268780111096826
0.3268780111096826
0.3268780111096826
0.3268780111096826
0.7957887493595304
0.32685331551016994
0.32861344360165656
0.3547482691012618
0.3268780111096826
0.32687808586756706
0.3269362085742133
1.4414506425509845
0.3268780111096826
0.32685331551016994
0.32685331551016994
0.3268780111096826
0.32687808586756706
0.32687808586756706
0.3268780111096826
0.32685331551016994
0.8912497165903133
0.3268533902680544
0.32685331551016994
0.3268780111096826
0.32685276796588414
0.3268780111096826
0.3268774635653968
0.3268703252912324
0.3268780111096826
0.3268773888075124
0.3286368597049921
0.8913873420193058
0.3268780111096826
0.32864687070879006
0.32687808586756706
0.3268533902680544
0.3268780111096826
0.3268526932079997
0.3268780111096826
0.326935586272043
0.3268780111096826
0.3268780111096826
0.32685331551016994
0.32839844149697445
0.3268780111096826
0.3268780111096826
0.32689571795079975
0.3278648759159969
0.3460334325558537
0.3268780111096826
0.5716621784834641
0.3268780111096826
0.32687808586756706
0.33856353309944526
0.3268773888075124
0.4242565408460075
0.32691151297470056
0.3268780111096826
0.3268780111096826
0.3268780111096826
0.32691151297470056
0.3268780111096826
0.3268773888075124
0.34657437887734543
0.3268780111096826
0.32687808586756706
0.3268773888075124
0.33813005462214
0.3268780111096826
0.32685331551016994
0.3268533902680544
0.32687808586756706
0.3268780111096826
0.32685331551016994
0.3268780111096826
0.3547482691012618
0.3268780111096826
0.3646661969986753
0.582156079324933
0.3268709475934026
0.5668543518670471
0.3268780111096826
0.3268780111096826
0.32687808586756706
2.5102814747362387
0.42449273203050686
0.3268780111096826
0.3268533902680544
0.3268780111096826
0.32687808586756706
0.32685331551016994
0.3465737565751752
0.32685331551016994
0.3268780111096826
0.32687808586756706
0.3268780111096826
0.7957619563172333
0.3268780111096826
0.3268780111096826
0.3284231370964871
0.3268774635653968
0.32685331551016994
0.3268780111096826
0.32691151297470056
0.32687808586756706
0.32685331551016994
0.3268780111096826
0.3268780111096826
0.32685331551016994
0.32786557297605157
0.32687808586756706
0.3268780111096826
0.3269362085742133
0.3268780111096826
0.3268533902680544
0.32691151297470056
0.3268780111096826
0.3268780111096826
0.3268780111096826
0.32685331551016994
0.3471689347070291
0.3268780111096826
0.32685331551016994
0.34657437887734543
0.35472349874386466
0.3268780111096826
0.3268780111096826
0.3268780111096826
0.3268533902680544
0.3268780111096826
0.3268780111096826
0.3268774635653968
0.32687808586756706
0.4551215542361763
0.3268773888075124
0.3284231370964871
0.32691151297470056
0.3268780111096826
1.4414506425509845
0.3268780111096826
0.3268780111096826
0.32687808586756706
0.32687808586756706
0.329773868597085
0.3268780111096826
0.32786557297605157
0.3268780111096826
0.32786549821816713
0.3284231370964871
0.3268780111096826
0.32687808586756706
0.32689571795079975
0.32687808586756706
0.3268780111096826
0.3268780111096826
0.32685331551016994
0.3268780111096826
0.3268780111096826
0.3268780111096826
0.32687808586756706
0.3268780111096826
0.3268780111096826
0.32685331551016994
0.3268773888075124
0.32687808586756706
0.32685331551016994
0.32687808586756706
0.3268780111096826
0.3268780111096826
0.3268780111096826
0.32685331551016994
0.32685331551016994
0.3268780111096826
0.4470645648000804
0.3268780111096826
0.32685331551016994
0.3268956431929153
0.32685331551016994
0.3268780111096826
0.32685331551016994
0.3269362085742133
0.32685331551016994
0.35472349874386466
0.3268780111096826
0.32685331551016994
0.326911587732585
0.32687808586756706
0.3268780111096826
0.3268780111096826
0.3268780111096826
0.3268780111096826
0.3268533902680544
0.3268780111096826
0.3268780111096826
0.3268780111096826
0.3268780111096826
0.35011302086548934
0.3268780111096826
0.3268773888075124
0.3268773888075124
0.3297985641965977
0.32685331551016994
0.3268780111096826
0.3268709475934026
0.32691151297470056
0.3268780111096826
0.3471354328420111
0.3268526932079997
0.3268780111096826
0.3268780111096826
0.3268780111096826
0.3268780111096826
0.3284231370964871
0.34654968327783275
0.3268773888075124
0.3268780111096826
0.3278648759159969
0.4421740651914414
0.3297985641965977
0.3278648759159969
0.3268709475934026
0.3465744536352299
0.3268780111096826
0.3268773888075124
0.3268780111096826
0.3268773888075124
0.3268780111096826
0.32687808586756706
0.3268780111096826
0.3268780111096826
0.3268780111096826
0.3268780111096826
1.5579069097899296
0.3268780111096826
0.3268780111096826
0.3268780111096826
0.3268780111096826
0.3547235735017491
0.3268533902680544
0.326935586272043
0.3268780111096826
0.3268773888075124
0.3268780111096826
0.3269291450579333
0.32691151297470056
0.3268526932079997
0.3268780111096826
0.3268780111096826
0.3268780111096826
0.3268780111096826
0.32687808586756706
0.3297985641965977
0.3286133688437721
0.3668020975378111
0.8912250209908006
1.4414520288760948
0.326935586272043
0.32687808586756706
0.32685331551016994
0.33815596578406093
0.3268780111096826
0.3268780111096826
0.32685331551016994
0.32687808586756706
0.3286133688437721
0.3268780111096826
0.3268780111096826
0.3268780111096826
0.3269291450579333
0.3268780111096826
0.32687808586756706
0.3268780111096826
0.32687808586756706
0.3268780111096826
0.32687808586756706
0.5537079119882033
0.3268780111096826
0.35341681147318216
0.3268780111096826
0.3268780111096826
0.3268780111096826
0.32979157543820214
0.3268773888075124
0.3268773888075124
0.3268780111096826
0.32687808586756706
0.3268780111096826
0.32685331551016994
0.3268780111096826
0.8547358980570414
1.429328166043907
0.32864687070879006
0.3268780111096826
0.32685331551016994
0.32687808586756706
0.32864687070879006
0.32929290545529777
0.32691151297470056
0.3268780111096826
0.3268780111096826
0.3278648759159969
0.3268780111096826
0.3274390650743483
0.32685331551016994
0.32895679859648314
0.3268780111096826
0.3268780111096826
0.4470645648000804
0.3268780111096826
2.2894106816551525
0.3268780111096826
0.3268773888075124
0.32842384798011903
0.3268780111096826
0.32689502089074507
0.3268780111096826
0.32685331551016994
0.32985676166112843
1.4414514960420408
0.3268780111096826
0.3268780111096826
0.3268780111096826
0.32687808586756706
0.3268780111096826
0.7957618815593489
0.3268773888075124
0.3268780111096826
0.3268780111096826
0.3268780111096826
0.3268780111096826
0.3268780111096826
0.3268780111096826
0.3268526932079997
0.3268780111096826
0.3268780111096826
0.3268773888075124
0.3268774635653968
0.3268780111096826
0.3269362085742133
0.3268780111096826
0.5240899870365678
0.3268780111096826
1.4414506425509845
0.5669679249274236
0.3268780111096826
0.32685331551016994
0.891386388429702
0.3268533902680544
0.32687808586756706
1.4414510650927552
0.32687808586756706
0.3268780111096826
0.3268780111096826
0.3268780111096826
0.32687808586756706
0.32691151297470056
0.32687808586756706
0.3268780111096826
0.3268780111096826
0.3268780111096826
0.32685331551016994
0.3268773888075124
0.4470645648000804
0.3268526932079997
0.3269108906725303
0.3268780111096826
0.3268780111096826
0.5719516527198211
0.32685331551016994
0.3268780111096826
0.3268780111096826
0.3268780111096826
0.3268780111096826
0.3268780111096826
0.3268780111096826
0.32747256693936627
0.3268780111096826
0.3268780111096826
0.32685331551016994
0.42447138140658247
0.3268780111096826
0.32691151297470056
0.4551215542361763
1.4414510650927552
0.3268780111096826
0.3268780111096826
0.3268780111096826
0.34656771635802
0.3284231370964871
0.582156079324933
0.3268780111096826
0.32685331551016994
0.32685331551016994
0.5240899870365678
0.8914110840292147
0.32687808586756706
0.3268780111096826
0.3268780111096826
0.3466319540397058
0.32786549821816713
0.32687808586756706
0.447095022067035
0.3278408773765389
0.3268950956486295
0.3268780111096826
0.3268780111096826
0.32685331551016994
0.4470645648000804
0.3268780111096826
0.32685331551016994
0.3268780111096826
0.3268780111096826
0.32685331551016994
0.3268780111096826
0.3269362085742133
0.3268780111096826
0.32691151297470056
0.326911587732585
0.3268780111096826
0.326911587732585
0.3268780111096826
0.5821570329145369
0.3268773888075124
0.3268780111096826
0.3268780111096826
0.3268780111096826
0.326911587732585
0.3268526932079997
0.3268780111096826
1.4196550580452003
0.3268780111096826
0.3268533902680544
0.3269108906725303
0.32687808586756706
0.3497966188471948
0.32691151297470056
0.3268526932079997
0.3268780111096826
1.4196550580452003
0.3268780111096826
0.8912566837685346
0.32685331551016994
0.3268780111096826
1.5571479172936205
0.5822706059749134
0.3268780111096826
0.3268780111096826
0.3268780111096826
0.32929290545529777
0.42425582996237565
0.32687808586756706
0.3268533902680544
0.3268780111096826
0.3268780111096826
0.3268780111096826
0.32691151297470056
0.3268780111096826
0.32687808586756706
0.32685331551016994
0.3268780111096826
0.32687808586756706
0.32685331551016994
0.32687808586756706
0.32691151297470056
0.32687808586756706
0.3268780111096826
0.32687808586756706
0.3268780111096826
0.32685331551016994
0.5668283563853936
0.3268780111096826
0.5821547794427923
0.42447209229021443
0.32839844149697445
0.3288676982541241
0.3268780111096826
0.3268780111096826
0.32685331551016994
0.3646661969986753
0.3268780111096826
0.582156079324933
0.3268780111096826
0.3268780111096826
0.3268780111096826
0.3268780111096826
0.32861344360165656
0.3268780111096826
0.3268780111096826
0.3268780111096826
0.32691151297470056
0.32685331551016994
0.33853816948181015
1.440652088252095
0.32687808586756706
0.3268773888075124
0.32691151297470056
0.32685331551016994
0.3268780111096826
0.32687808586756706
0.3268780111096826
0.3268773888075124
0.32687808586756706
0.3268780111096826
0.3268780111096826
0.3268780111096826
0.3284231370964871
0.3268526932079997
1.4519886931924026
0.3268780111096826
0.3268780111096826
0.3268526932079997
0.3385382442396946
0.3268780111096826
0.3268780111096826
0.3268780111096826
0.566855305456651
0.3268780111096826
0.8912240674011968
0.32685331551016994
0.32687808586756706
0.3268780111096826
1.441451494905057
0.32689571795079975
0.32685331551016994
0.3268780111096826
0.3268780111096826
0.44706527568371224
0.34659312284116456
1.4414506425509845
0.3268780111096826
0.3268780111096826
0.34711081200038285
0.32842384798011903
0.3268780111096826
0.32687808586756706
0.3268780111096826
0.3268780111096826
0.32695384065744604
0.32687808586756706
0.3268773888075124
0.32687808586756706
0.3268780111096826
0.3268780111096826
0.8914110840292147
0.32687808586756706
0.3268780111096826
0.3268533902680544
0.3274385175300625
0.3268780111096826
1.41965602182854
0.3268780111096826
1.4414506425509845
0.36680080721751845
0.3268780111096826
0.3268956431929153
0.32685331551016994
0.3268780111096826
0.32685331551016994
0.3268780111096826
0.8912250209908006
0.3274390650743483
0.3268780111096826
0.3268780111096826
0.3268780111096826
0.3268780111096826
0.32685331551016994
0.32687808586756706
0.32687808586756706
0.3268780111096826
0.32687808586756706
0.3268773888075124
0.3278401803164842
1.4414520288760948
0.42447209229021443
0.32687808586756706
0.32685331551016994
0.32687808586756706
0.3268780111096826
0.3268780111096826
0.3268780111096826
0.3268526932079997
0.32685331551016994
0.32979794189442746
0.3284231370964871
0.3268773888075124
0.3268780111096826
0.3268780111096826
0.3268773888075124
0.42425582996237565
0.32685331551016994
0.3268780111096826
0.3268780111096826
0.3268533902680544
0.32864687070879006
0.32687808586756706
0.3268773888075124
0.3268773888075124
0.3268780111096826
0.3268780111096826
0.35474819434337734
0.3268780111096826
0.32685331551016994
0.7957887493595304
0.32687808586756706
0.32687808586756706
0.3547482691012618
0.3268956431929153
0.32691151297470056
0.3381547502216527
0.32685331551016994
0.3268533902680544
0.32685331551016994
0.3268780111096826
0.3268780111096826
0.3268780111096826
0.32691151297470056
0.32685331551016994
0.32685331551016994
0.32687808586756706
0.3268956431929153
0.3268780111096826
0.3466078807423634
0.35472349874386466
0.3268780111096826
0.32685276796588414
0.32692921981581774
0.32687808586756706
0.3292594035902798
0.32685331551016994
0.42447138140658247
0.3268780111096826
0.32687808586756706
1.4414506425509845
0.32864687070879006
0.3268773888075124
0.32691151297470056
0.32685331551016994
1.4420492890771242
0.32689571795079975
0.3268773888075124
0.32687808586756706
0.3268773888075124
0.32842384798011903
1.5571488810769598
0.3268780111096826
0.32685331551016994
0.3268780111096826
0.3268533902680544
0.3268526932079997
0.3268780111096826
0.3292594035902798
0.3268780111096826
0.3285887480021438
0.3269108906725303
0.3268773888075124
0.3268780111096826
0.7957372607177207
0.3268780111096826
0.32687808586756706
0.3268780111096826
0.32691151297470056
0.3268780111096826
0.3268780111096826
0.3268780111096826
0.32842384798011903
