0.35604843323535973
0.3667761116180057
0.3268526932079997
0.3268526932079997
0.3268526932079997
0.32741374717266536
0.32685331551016994
0.32685276796588414
0.32685276796588414
0.3292246969869691
0.32685331551016994
0.3268533902680544
0.3268703252912324
0.32685331551016994
0.32685276796588414
0.3268526932079997
0.32857866224046145
0.3268526932079997
0.32685276796588414
0.32685331551016994
0.3268526932079997
0.32685331551016994
0.3268526932079997
0.32685276796588414
0.3268526932079997
0.3268526932079997
0.3268526932079997
0.32685331551016994
0.3268526932079997
0.32685331551016994
0.326935586272043
0.3268526932079997
0.3268526932079997
0.32685331551016994
0.32685331551016994
0.3268526932079997
0.3268526932079997
0.32685331551016994
0.32685331551016994
1.4414505322587012
0.3268526932079997
0.3268773888075124
0.32685331551016994
0.32685331551016994
0.3268526932079997
0.3268703252912324
0.3268526932079997
0.3291329314131774
1.451975932285245
0.3268526932079997
0.3268526932079997
0.3268526932079997
0.4242869981129621
0.7957640537600177
0.32685276796588414
0.3268526932079997
0.3268526932079997
0.32685331551016994
0.32860335783997413
0.3268526932079997
0.3268526932079997
0.3268526932079997
0.32685276796588414
0.32685276796588414
0.3268526932079997
0.3268773888075124
0.3268526932079997
0.3268526932079997
0.3268526932079997
0.32685331551016994
0.3268526932079997
0.3268526932079997
0.3268526932079997
0.3268780111096826
0.3268526932079997
0.3268526932079997
0.7957641285179022
0.3268533902680544
0.32860343259785857
0.3268526932079997
0.32685331551016994
0.3268526932079997
0.32685331551016994
0.3268526932079997
0.4468490133558735
0.3268526932079997
0.7957371859598362
0.32685276796588414
0.5821300838432796
0.3268526932079997
0.3268526932079997
0.32685276796588414
0.3268533902680544
0.32685331551016994
0.3268526932079997
0.32685276796588414
0.32685276796588414
0.5239048928593155
0.32685276796588414
0.32685276796588414
0.3268780111096826
0.3268526932079997
0.32685331551016994
0.3268526932079997
0.32685331551016994
0.3465917896553624
0.32691096543041476
0.32685276796588414
0.3268533902680544
0.3268526932079997
0.32685276796588414
0.32685331551016994
0.32685331551016994
0.3268526932079997
0.32685276796588414
0.32685276796588414
0.32685276796588414
0.3268526932079997
0.32685331551016994
0.3268526932079997
0.3268526932079997
0.32685276796588414
0.3268533902680544
0.3268703252912324
0.3268526932079997
0.3268773888075124
0.3268526932079997
0.3268526932079997
0.32685331551016994
0.3268526932079997
0.3268526932079997
0.32685331551016994
0.32685331551016994
0.32685276796588414
0.32839844149697445
1.4196435739091426
0.32685276796588414
0.3268526932079997
0.3268526932079997
1.5571364093021354
0.3268526932079997
0.3268526932079997
0.3268526932079997
0.32685331551016994
0.3268526932079997
0.32685276796588414
0.32685331551016994
0.32685276796588414
0.3471101149403282
0.3268526932079997
0.3268526932079997
0.32685331551016994
0.32685276796588414
0.3268533902680544
0.3297732462949148
0.3268526932079997
0.3268526932079997
0.3268526932079997
0.3278648759159969
0.5596597699881956
0.3268526932079997
0.33298005453880547
0.32685331551016994
0.3283978191948042
0.3268526932079997
0.3268526932079997
0.3268526932079997
0.32685331551016994
0.32685276796588414
0.3268526932079997
0.32685331551016994
0.32685276796588414
0.3268526932079997
1.4414391584149269
0.32685331551016994
0.3471107372424984
0.3268526932079997
0.3268526932079997
0.32685331551016994
0.32685276796588414
0.3268526932079997
0.32685276796588414
0.32685331551016994
0.32685331551016994
0.32685276796588414
0.3268526932079997
0.7957640537600177
0.3268526932079997
0.32784080261865445
0.3268526932079997
0.32839915238060635
0.3268526932079997
0.3268526932079997
0.32685331551016994
0.32786549821816713
0.32685276796588414
0.7957641285179022
0.32685331551016994
0.3268526932079997
0.3268526932079997
0.3268526932079997
0.3381293575620853
0.32685276796588414
0.3268533902680544
0.3297732462949148
0.3269108906725303
0.3268526932079997
0.3268526932079997
0.3268526932079997
0.32685331551016994
0.5668283563853936
0.3268526932079997
0.32685276796588414
1.4430591484399655
0.3268526932079997
0.3268526932079997
0.3268526932079997
0.3268526932079997
0.3268526932079997
0.3268526932079997
0.3268526932079997
0.32685276796588414
0.3268526932079997
0.3268526932079997
0.35472295119957886
0.3268526932079997
0.32685276796588414
0.5821313837254203
0.3268526932079997
0.3268526932079997
0.3268526932079997
0.32685276796588414
0.3268526932079997
0.3268526932079997
0.32685276796588414
0.32685331551016994
0.3268526932079997
0.32685276796588414
0.32922477174485354
0.3268526932079997
0.32685331551016994
0.3297732462949148
0.3268526932079997
0.32685331551016994
0.3465490609756625
0.3268526932079997
0.32685276796588414
0.3292246969869691
0.3268526932079997
0.32685276796588414
0.3268526932079997
0.32922477174485354
0.32685276796588414
0.32685331551016994
0.5239048928593155
0.44687947062282807
0.3268526932079997
0.3268526932079997
0.32685331551016994
0.3268526932079997
0.3268526932079997
0.32685276796588414
0.3268526932079997
0.32685276796588414
1.4196435739091426
0.32685276796588414
0.3268526932079997
0.3268526932079997
0.3268526932079997
0.3268526932079997
0.3268526932079997
0.3268526932079997
0.3268526932079997
0.32685276796588414
0.3268773888075124
0.32860335783997413
0.3268526932079997
0.3283978191948042
0.3297732462949148
0.3268526932079997
0.32685331551016994
0.3268526932079997
0.32685331551016994
0.3268533902680544
0.32685331551016994
0.32685276796588414
0.3268526932079997
0.3268526932079997
0.32857866224046145
0.32685276796588414
0.3268526932079997
0.3268526932079997
0.3268526932079997
0.32685276796588414
0.3385375471796399
0.3268526932079997
0.3268780111096826
0.5239048928593155
0.3268526932079997
0.4242862872293302
0.3297733210527992
0.3268526932079997
0.5239048928593155
0.3268526932079997
0.3285886732442594
0.32685276796588414
0.3268526932079997
0.3268526932079997
0.3268533902680544
0.32786549821816713
0.3268526932079997
0.32685331551016994
0.3268526932079997
0.32839844149697445
0.3268526932079997
0.32685276796588414
0.3268526932079997
0.3268526932079997
0.32685276796588414
0.3268526932079997
0.3268526932079997
0.3268526932079997
0.32685331551016994
0.3268526932079997
0.7960345327386473
0.3268526932079997
0.32685331551016994
0.3268526932079997
0.3268526932079997
0.32685276796588414
0.32685276796588414
0.3268526932079997
0.3268526932079997
0.3268526932079997
0.32685331551016994
0.3297732462949148
0.3268526932079997
0.34656771635802
1.5571364331575628
0.32685276796588414
0.3268773888075124
0.3268526932079997
0.3268526932079997
0.32685331551016994
0.32685276796588414
0.3283978191948042
0.3268526932079997
0.5669675786348868
0.42425582996237565
0.3268526932079997
0.3268533902680544
0.3268526932079997
0.32685276796588414
0.32685331551016994
0.3268526932079997
0.34656709405584973
0.32685276796588414
0.3268526932079997
0.3268526932079997
0.32685276796588414
0.32685331551016994
0.32685276796588414
0.3823396710516997
0.3268526932079997
0.3268526932079997
0.3268526932079997
0.32693566102992744
0.34659241195753265
0.32923470799076704
0.32685276796588414
0.32685276796588414
0.3268526932079997
0.3268526932079997
0.3268773888075124
0.5668283563853936
0.3268526932079997
0.3268526932079997
0.3268526932079997
0.3268526932079997
0.326935586272043
0.326935586272043
0.3283978191948042
0.3268526932079997
0.3268526932079997
0.3268526932079997
0.3268533902680544
0.3268533902680544
0.3268526932079997
0.3268773888075124
1.4414395809566978
0.5668283563853936
0.32685276796588414
0.3268526932079997
0.3268526932079997
0.32685276796588414
0.3285886732442594
0.32685276796588414
0.3268526932079997
0.3268526932079997
0.32685276796588414
0.3268526932079997
0.5239049676172
0.32685276796588414
0.32685276796588414
0.3385375471796399
0.3278983777810148
0.3268526932079997
0.3268533902680544
0.32685276796588414
0.32685276796588414
0.3268526932079997
0.32685276796588414
0.3268526932079997
0.32685276796588414
0.3547228764416944
0.32685331551016994
0.5668296562675345
0.3268526932079997
0.32685331551016994
0.3268526932079997
0.3268526932079997
0.3268526932079997
1.4414401221982664
0.32687808586756706
1.4414501097169305
0.32864687070879006
0.32685331551016994
0.329773868597085
0.7322322343394383
1.4196445376924822
0.3268526932079997
0.3268526932079997
0.3268533902680544
0.33853816948181015
0.3268774635653968
0.5821310374328834
0.3278408773765389
0.32685331551016994
0.3268526932079997
0.3268533902680544
0.7322322343394383
0.3268526932079997
0.32839844149697445
0.4242862872293302
0.32685276796588414
0.3268526932079997
0.38469860323541993
0.3268526932079997
0.32685276796588414
0.3268526932079997
0.3268526932079997
0.3268526932079997
0.32685331551016994
0.3268526932079997
0.32685331551016994
0.3268526932079997
0.32685331551016994
1.4414395809566978
0.32685276796588414
0.3268526932079997
0.5668283563853936
0.3268526932079997
0.3268526932079997
0.3268526932079997
0.3283978191948042
0.3268526932079997
0.32685331551016994
0.35472295119957886
0.32860335783997413
0.7957371859598362
0.32685331551016994
0.3646409538548768
0.3268526932079997
0.33154154301012195
0.3268526932079997
0.3268526932079997
0.3268526932079997
0.3385375471796399
0.32685276796588414
0.32685276796588414
0.3268526932079997
0.32685276796588414
0.32685276796588414
0.32685331551016994
0.3268526932079997
0.35472295119957886
0.3268526932079997
0.3268526932079997
0.32685276796588414
0.3268526932079997
0.3268526932079997
0.3297732462949148
0.3268526932079997
0.35472295119957886
0.3268526932079997
0.3268526932079997
0.3268780111096826
0.3268526932079997
1.4414501097169305
0.5669666250452828
0.3268533902680544
0.3268526932079997
0.3268526932079997
0.3268526932079997
0.32857866224046145
1.4414510735002701
0.32685276796588414
0.32685331551016994
0.3268526932079997
0.32685276796588414
0.3278990000831851
0.32685276796588414
0.3385375471796399
0.3268526932079997
0.5239048928593155
0.3268526932079997
0.32685276796588414
0.32685276796588414
0.32685331551016994
0.3268526932079997
0.3268526932079997
0.3268526932079997
0.5668293099749976
0.3268526932079997
0.3268526932079997
0.3268526932079997
0.3292246969869691
0.3381299798642556
0.32685331551016994
0.3268533902680544
0.3268526932079997
0.7957640537600177
0.3268526932079997
0.32685331551016994
0.3268526932079997
0.35472295119957886
0.32839915238060635
0.3268533902680544
0.3268526932079997
0.32685276796588414
0.32685331551016994
0.326935586272043
0.3268526932079997
0.35050900530128326
0.32685331551016994
0.7957640537600177
0.3297732462949148
0.3268526932079997
0.326935586272043
0.34656771635802
0.5239048928593155
0.32685331551016994
0.32685331551016994
0.3278401803164842
0.3268526932079997
0.3268526932079997
0.3268526932079997
0.3268526932079997
0.3285887480021438
0.3268526932079997
0.3292246969869691
0.32685276796588414
0.32685331551016994
0.3268526932079997
0.32685331551016994
0.3268526932079997
0.3385375471796399
0.3268526932079997
0.32685331551016994
0.3268526932079997
0.3268526932079997
1.4420373823992958
0.3268526932079997
0.3268526932079997
0.3268526932079997
0.3268526932079997
0.3268526932079997
0.3268526932079997
1.4196435739091426
0.3268526932079997
0.32685331551016994
0.3285887480021438
0.3268526932079997
0.3268526932079997
0.3268526932079997
0.3268526932079997
0.3268526932079997
0.3268526932079997
0.3268526932079997
0.32857866224046145
0.3268526932079997
0.3268526932079997
0.3268526932079997
0.3268526932079997
0.4242869981129621
0.3268526932079997
0.3547228764416944
0.32685276796588414
0.32685331551016994
0.3268526932079997
0.3268526932079997
0.3268526932079997
0.6678206069987569
0.329773868597085
0.35472295119957886
0.3292493925864818
0.3268526932079997
0.3471101149403282
0.3268526932079997
0.3268526932079997
0.3385375471796399
0.3268526932079997
0.32685276796588414
0.3268526932079997
0.32685276796588414
0.32685331551016994
0.3268773888075124
0.32685331551016994
0.3268526932079997
0.3547228764416944
0.3268526932079997
0.3268526932079997
0.3268526932079997
0.3268526932079997
0.32685276796588414
0.3268526932079997
0.32685276796588414
0.32685276796588414
0.3547228764416944
1.4196445376924822
0.3547235735017491
0.32685331551016994
0.3268526932079997
0.3268526932079997
0.32685276796588414
0.3268526932079997
0.3268526932079997
0.32685276796588414
0.32685331551016994
0.3268526932079997
0.3268526932079997
0.3268526932079997
0.5821300838432796
0.3292246969869691
0.3268526932079997
0.32685276796588414
2.1403724319316195
0.3268526932079997
0.3268773888075124
0.3268526932079997
0.3268526932079997
0.3268526932079997
0.32685331551016994
0.32685276796588414
0.3292246969869691
0.3268526932079997
0.32685331551016994
0.3268526932079997
0.3268526932079997
0.32685331551016994
0.3268526932079997
0.32685331551016994
0.5668283563853936
0.3268526932079997
0.32691096543041476
0.32685276796588414
0.32685276796588414
0.3268526932079997
0.32685331551016994
0.3268526932079997
0.3268526932079997
0.3268526932079997
0.3268533902680544
0.32685276796588414
0.3268526932079997
0.32685331551016994
0.3268526932079997
0.32685331551016994
0.3268526932079997
0.3268526932079997
0.32685331551016994
0.3268526932079997
0.32685331551016994
0.3268526932079997
0.3268526932079997
0.34656771635802
0.32685276796588414
0.3292246969869691
0.32685331551016994
0.3268526932079997
0.3268526932079997
0.3268526932079997
0.32685331551016994
0.34654913573354695
0.32923470799076704
0.3268526932079997
0.32922477174485354
0.32685276796588414
0.326935586272043
0.3268526932079997
0.3268526932079997
0.3268533902680544
0.32685331551016994
0.3268526932079997
0.3268526932079997
0.3268526932079997
0.3268526932079997
0.3268533902680544
0.3268526932079997
0.3274138219305498
0.3268533902680544
0.3268526932079997
0.3268526932079997
0.3268533902680544
1.4196435739091426
0.3268526932079997
0.3268526932079997
0.3268526932079997
0.3268526932079997
0.32685331551016994
0.32685276796588414
0.32685276796588414
0.32685276796588414
0.32685331551016994
0.3268526932079997
0.553522817810951
0.3268526932079997
0.32685331551016994
0.3268526932079997
0.32685276796588414
0.3385382442396946
0.3268773888075124
0.32685276796588414
0.3268774635653968
0.3268533902680544
0.3288430026546114
0.32685331551016994
0.3268526932079997
0.3268526932079997
0.3268526932079997
0.32685276796588414
0.32687102235128707
0.3268526932079997
0.3268526932079997
0.8912319881690218
0.3268526932079997
0.32685331551016994
0.32685276796588414
0.32923470799076704
0.3268526932079997
0.32685276796588414
0.3646409538548768
0.3268533902680544
0.3292246969869691
0.32693566102992744
0.3268533902680544
0.3285886732442594
0.3268533902680544
0.3268526932079997
0.3268526932079997
0.32685276796588414
0.3292594783481642
0.3292246969869691
0.32685331551016994
0.3285886732442594
0.32685331551016994
0.5239048928593155
0.3268526932079997
0.34656771635802
0.3268526932079997
0.3268526932079997
0.3268526932079997
0.3268526932079997
0.3268526932079997
0.32685276796588414
0.3268526932079997
0.3268526932079997
1.4196435739091426
0.32685331551016994
0.3268774635653968
0.3268526932079997
0.3268533902680544
0.3268526932079997
0.3268526932079997
0.35472295119957886
0.32685331551016994
0.3268526932079997
0.3268533902680544
0.3268526932079997
0.3268526932079997
0.32685331551016994
0.3268526932079997
0.3268526932079997
0.32685276796588414
0.3268526932079997
0.5239049676172
0.32685276796588414
0.3268709475934026
0.3268526932079997
0.3268526932079997
0.32685276796588414
0.32685276796588414
0.32922477174485354
0.3268526932079997
0.3268526932079997
0.32685276796588414
0.3268526932079997
0.3268526932079997
0.32685276796588414
0.32685331551016994
0.32685331551016994
0.3268526932079997
0.32685276796588414
0.32685331551016994
0.3268526932079997
0.32685276796588414
0.34656771635802
0.3268526932079997
0.3778889061296925
0.3268526932079997
0.3268526932079997
0.3268526932079997
0.3268526932079997
0.3471101896982126
0.3268526932079997
0.32685276796588414
0.32685331551016994
0.3268709475934026
1.4422072887306636
0.32685276796588414
0.3268526932079997
0.3268526932079997
0.3268526932079997
0.3268526932079997
0.3268526932079997
0.3268526932079997
0.3268533902680544
0.3268526932079997
0.32695384065744604
0.32685276796588414
0.5668296562675345
0.32685276796588414
2.1400644629750043
0.3268526932079997
0.32685276796588414
0.3274138219305498
0.32685331551016994
0.5668283563853936
0.3268526932079997
0.32685331551016994
0.3268526932079997
0.3268526932079997
0.32685276796588414
0.3268526932079997
0.32685276796588414
0.32685331551016994
0.3268526932079997
0.32685276796588414
0.3268526932079997
0.3385375471796399
0.3268526932079997
0.3268533902680544
0.3268526932079997
0.3268526932079997
0.32685331551016994
0.32685331551016994
0.3268526932079997
0.3283978191948042
0.3268526932079997
0.3292347827486515
0.3268526932079997
0.3268526932079997
0.3268703252912324
0.3268526932079997
0.3268526932079997
0.3268526932079997
0.3268526932079997
0.3268526932079997
0.3268526932079997
0.3268526932079997
0.32685276796588414
0.32685276796588414
0.326935586272043
0.3268526932079997
0.3268526932079997
0.34659241195753265
0.3268526932079997
0.32685331551016994
0.3268533902680544
0.3268526932079997
0.3268526932079997
0.32685276796588414
0.32685331551016994
0.3646409538548768
0.5239048928593155
0.3268526932079997
0.32685331551016994
0.32685276796588414
0.32689502089074507
0.3268526932079997
0.32685276796588414
0.3268526932079997
0.3268526932079997
0.32685276796588414
0.32685276796588414
0.32685276796588414
0.3278401803164842
0.3268526932079997
0.3268526932079997
0.3268526932079997
0.32685276796588414
0.3268526932079997
0.3268526932079997
0.3268526932079997
0.32685276796588414
0.3268526932079997
0.3268526932079997
0.32685276796588414
0.3268526932079997
0.3278401803164842
0.35604850799324417
0.3268704000491168
0.32685331551016994
0.7014987307169692
0.3547228764416944
0.8912319881690218
0.35472349874386466
0.3268526932079997
0.3268773888075124
0.32685276796588414
0.3385375471796399
0.3268526932079997
0.3268526932079997
0.3465490609756625
0.330991531877456
0.32685331551016994
0.5668293099749976
0.32685276796588414
0.3268526932079997
0.34026351621210166
0.32685331551016994
0.3381299798642556
0.3268526932079997
0.3268526932079997
0.3268526932079997
0.3297733210527992
0.3268533902680544
0.3268533902680544
0.3268526932079997
0.3268526932079997
0.3268526932079997
1.4414405447400374
0.32685331551016994
0.32685276796588414
0.3268533902680544
0.3268526932079997
0.3268526932079997
0.3268526932079997
0.3268533902680544
1.4414505322587012
0.3268526932079997
0.32685331551016994
0.32857866224046145
0.3268526932079997
0.3268526932079997
0.32685276796588414
0.32687808586756706
0.3268773888075124
0.32685276796588414
0.3268526932079997
0.3268526932079997
0.32685331551016994
0.3268533902680544
0.3268526932079997
0.3285886732442594
0.3268526932079997
0.3465490609756625
0.3278401803164842
1.4414395809566978
0.7957372607177207
0.3268526932079997
0.3285787369983459
0.3268526932079997
0.3268526932079997
0.3268526932079997
0.34654968327783275
0.3268526932079997
0.3268526932079997
0.3268533902680544
0.3268526932079997
0.3268526932079997
0.3268526932079997
0.3268526932079997
0.3268526932079997
0.34656780493948164
0.32685331551016994
0.3268526932079997
0.3268533902680544
0.3268526932079997
0.32685331551016994
