0.3268533902680544
0.3268533902680544
0.3268533902680544
0.3268533902680544
0.3268533902680544
0.3268533902680544
0.3268533902680544
0.3268533902680544
0.3268533902680544
0.3268533902680544
0.3268533902680544
0.32685331551016994
0.32685331551016994
0.3268533902680544
0.3268703252912324
0.32839915238060635
0.3268533902680544
0.32687102235128707
0.3268533902680544
0.32685276796588414
0.3268533902680544
0.3268533902680544
0.3268533902680544
0.32687102235128707
0.32687102235128707
0.32692921981581774
0.3268533902680544
0.3268526932079997
0.32687102235128707
0.3268533902680544
0.32685331551016994
0.32685331551016994
0.3286716410661872
0.32685276796588414
0.3268533902680544
0.3268533902680544
0.3268704000491168
0.3268533902680544
0.3268709475934026
0.3268533902680544
0.3268533902680544
0.32685331551016994
0.3268533902680544
0.3268533902680544
0.3465684272416519
0.3268533902680544
0.3268533902680544
0.32685276796588414
0.32685331551016994
0.32687102235128707
0.3268533902680544
0.32687102235128707
0.3268533902680544
1.4414510735002701
0.32685331551016994
0.32685331551016994
0.3268533902680544
0.3268533902680544
0.3268533902680544
0.32685276796588414
0.32687102235128707
0.3268533902680544
0.3268533902680544
0.33853816948181015
0.3268533902680544
0.326911587732585
0.3268533902680544
0.3268533902680544
0.32685331551016994
0.3268533902680544
0.3268533902680544
0.32685331551016994
0.3268533902680544
0.3268533902680544
0.3268533902680544
0.32685331551016994
0.3268533902680544
0.3268533902680544
0.3268533902680544
0.3268533902680544
0.32685276796588414
0.3268533902680544
0.3268533902680544
0.32685276796588414
0.3268533902680544
0.3268533902680544
0.32687102235128707
0.32685331551016994
0.32685276796588414
0.3268533902680544
0.32687102235128707
0.3268533902680544
0.3268533902680544
0.3381299798642556
0.3268533902680544
0.32685331551016994
0.3268533902680544
0.3268533902680544
0.3268533902680544
0.3268533902680544
0.3268533902680544
0.3268533902680544
0.3268533902680544
0.3268533902680544
0.3268533902680544
0.326911587732585
0.32685276796588414
0.32685276796588414
0.32685276796588414
0.3268533902680544
0.3268533902680544
0.3268533902680544
0.3268533902680544
0.3268533902680544
0.3268533902680544
0.32685276796588414
0.7957372607177207
0.32687102235128707
0.3268533902680544
0.32685276796588414
0.3268533902680544
0.3268533902680544
0.3268533902680544
0.3385382442396946
0.3268533902680544
0.32685276796588414
0.3268533902680544
0.3268533902680544
0.3268704000491168
0.32866163006238924
0.32685331551016994
0.3268533902680544
0.3268533902680544
0.3268533902680544
0.3268533902680544
0.32685331551016994
0.3268533902680544
0.32685331551016994
0.32685331551016994
0.3268533902680544
0.3268533902680544
0.3268533902680544
0.3268533902680544
0.3268533902680544
0.32685331551016994
0.3268533902680544
0.3268533902680544
0.3268533902680544
0.3268533902680544
0.32685276796588414
0.3268533902680544
0.32691096543041476
0.3268533902680544
0.32685331551016994
0.3268533902680544
0.3268533902680544
0.3268533902680544
0.3268533902680544
0.3268533902680544
0.3268533902680544
0.3268533902680544
0.32685331551016994
0.3268533902680544
0.32687102235128707
0.32685331551016994
0.3268533902680544
0.3268533902680544
0.32687102235128707
0.3268533902680544
0.32687102235128707
0.32685331551016994
0.3268533902680544
0.3268533902680544
0.3268709475934026
0.32685331551016994
0.32685331551016994
0.3268533902680544
0.3268533902680544
0.32685331551016994
0.3268533902680544
0.3268533902680544
0.5669688785170275
0.3268533902680544
0.32687102235128707
0.3268533902680544
0.3268533902680544
0.32685331551016994
0.32687102235128707
0.3268533902680544
0.3268533902680544
0.3268533902680544
0.32685331551016994
0.32685331551016994
0.32687102235128707
0.3268533902680544
0.3268533902680544
0.3268533902680544
0.3268533902680544
0.32685331551016994
0.3268533902680544
0.3268533902680544
0.32685331551016994
0.326911587732585
0.32685276796588414
0.3274726416972507
0.32685331551016994
0.8912240674011968
0.32687102235128707
0.32685331551016994
0.3268533902680544
0.32685331551016994
0.3268704000491168
0.3268533902680544
0.3268533902680544
0.3268533902680544
0.3268533902680544
0.3268533902680544
0.32685331551016994
0.3268533902680544
0.3268533902680544
0.3268533902680544
0.3268533902680544
0.32687102235128707
0.3268533902680544
0.32685331551016994
0.32685331551016994
0.32685331551016994
0.3268533902680544
0.3268533902680544
0.32685276796588414
0.3268533902680544
0.3268526932079997
0.32685331551016994
0.32685331551016994
0.3268533902680544
0.3268533902680544
0.32687102235128707
0.32867156630830274
0.3268533902680544
0.3465684272416519
0.3268533902680544
0.3268533902680544
0.3268533902680544
0.35604850799324417
0.3268533902680544
0.32687102235128707
0.3268533902680544
0.5821323373150242
0.3268533902680544
0.3268533902680544
0.8912250209908006
0.3268533902680544
0.32685331551016994
0.3268533902680544
0.32687102235128707
0.3268533902680544
0.3268533902680544
0.32977394335496946
0.3268533902680544
0.3268533902680544
0.3268533902680544
0.32687102235128707
0.32685331551016994
0.3268533902680544
0.3268533902680544
0.3268533902680544
0.3268533902680544
0.3268533902680544
0.3268533902680544
0.3268533902680544
0.3487535394544805
0.3268533902680544
0.3268533902680544
0.3268533902680544
0.32685331551016994
0.3268533902680544
0.3292347827486515
0.3268533902680544
0.3268533902680544
0.32687102235128707
0.3268533902680544
0.32691096543041476
0.5668306098571383
0.32687102235128707
0.3268533902680544
0.3268533902680544
0.32687102235128707
0.3268533902680544
0.5597361318261517
0.3268533902680544
0.3268533902680544
0.32685331551016994
0.3268533902680544
0.3268533902680544
0.3268533902680544
0.32685331551016994
0.32685331551016994
0.3268533902680544
0.32687102235128707
0.32685331551016994
0.3268533902680544
0.3268533902680544
0.32687102235128707
0.32685276796588414
0.4242565408460075
0.3268533902680544
0.3268533902680544
0.3268533902680544
0.32685331551016994
0.3268533902680544
0.32692921981581774
0.3268533902680544
0.3268533902680544
0.3268533902680544
0.7888296447075871
0.3268533902680544
0.8885356429019124
0.3268533902680544
0.3268533902680544
0.3268533902680544
0.32685331551016994
0.3268703252912324
0.32685331551016994
0.3268533902680544
0.32685331551016994
0.3268533902680544
0.3268533902680544
0.7957372607177207
0.32685331551016994
0.3268533902680544
0.3268533902680544
0.3268533902680544
0.3268533902680544
0.32685331551016994
0.32685331551016994
0.3268533902680544
0.3268533902680544
0.32685331551016994
0.3268533902680544
0.32685331551016994
0.32685331551016994
0.32685331551016994
0.32687102235128707
0.3268533902680544
0.326911587732585
0.3268533902680544
0.3268533902680544
0.3268533902680544
0.3268709475934026
0.3268533902680544
0.3268533902680544
0.32685331551016994
0.3268526932079997
0.3268533902680544
0.3268533902680544
0.32685276796588414
0.3268533902680544
0.3268533902680544
0.3268533902680544
0.3268533902680544
0.32687102235128707
0.3268533902680544
0.3268533902680544
0.3268533902680544
0.8912250209908006
0.326911587732585
0.3268533902680544
0.32685331551016994
0.3268533902680544
0.32687102235128707
0.3268533902680544
0.3268704000491168
0.3268533902680544
0.3268533902680544
0.3268533902680544
0.3268533902680544
0.3268533902680544
0.3268533902680544
0.326911587732585
0.32687102235128707
0.3268533902680544
0.3268533902680544
0.32687102235128707
0.3268533902680544
0.32692921981581774
0.32685331551016994
0.32685276796588414
0.326911587732585
0.3268533902680544
0.3268533902680544
0.3268533902680544
0.32685331551016994
0.3268533902680544
0.3268533902680544
0.32685331551016994
0.3268533902680544
0.3268533902680544
0.4468710748634297
0.3268533902680544
0.32687102235128707
0.3268533902680544
0.3268533902680544
0.3268533902680544
0.326911587732585
0.3268533902680544
0.32685276796588414
0.32685331551016994
0.3268533902680544
0.3268533902680544
0.3268533902680544
0.3268533902680544
0.3268533902680544
0.3268533902680544
0.32687102235128707
0.3268533902680544
0.32685331551016994
0.32685331551016994
0.3268533902680544
0.3268533902680544
0.3268526932079997
0.3268533902680544
0.3268533902680544
0.3268533902680544
0.32687102235128707
0.32685331551016994
0.3268533902680544
0.32685276796588414
0.32685331551016994
0.3268533902680544
0.3268533902680544
0.3268533902680544
0.3268533902680544
0.3268533902680544
0.32693628333209773
0.32977394335496946
0.32685276796588414
0.32687102235128707
0.34654968327783275
0.326911587732585
0.32685331551016994
0.3268533902680544
0.32685331551016994
0.3268533902680544
0.32685331551016994
0.32685331551016994
0.3268533902680544
0.326911587732585
0.3268533902680544
0.32685331551016994
0.3268533902680544
0.3278408773765389
0.3268533902680544
0.3268533902680544
0.3268533902680544
0.32685331551016994
0.3279167069243023
0.32687102235128707
0.3268533902680544
0.326911587732585
0.32685331551016994
0.32685331551016994
0.3268533902680544
0.3268533902680544
0.32685331551016994
0.32685276796588414
0.3268533902680544
1.4414528812301675
0.3268533902680544
0.32687102235128707
0.3285887480021438
0.3268533902680544
0.3268533902680544
0.32685331551016994
0.3268533902680544
0.3268533902680544
0.3268533902680544
0.32685331551016994
0.3268533902680544
0.3268704000491168
0.3268533902680544
0.32685331551016994
0.3268533902680544
0.3268533902680544
0.3268533902680544
0.3268533902680544
0.32685276796588414
0.32685276796588414
0.3268533902680544
0.3268533902680544
0.3268533902680544
0.32685331551016994
0.32687102235128707
0.326911587732585
0.32685276796588414
0.3268533902680544
0.3268533902680544
0.3268533902680544
0.32685331551016994
0.3268533902680544
0.3268533902680544
0.326911587732585
0.3268533902680544
0.32685331551016994
0.3268533902680544
0.3268533902680544
0.3268533902680544
1.4414514960420408
0.3268533902680544
0.32691151297470056
0.3268533902680544
0.3268533902680544
0.3268533902680544
0.32685276796588414
0.32685331551016994
0.32692921981581774
0.3268533902680544
0.3268533902680544
0.3268533902680544
0.3268533902680544
0.3268533902680544
0.3268533902680544
0.32687102235128707
0.3268533902680544
0.3268533902680544
0.3268533902680544
0.32685331551016994
0.3268533902680544
0.35472349874386466
0.3268533902680544
0.32687102235128707
0.3268533902680544
0.32687808586756706
0.3268533902680544
0.326911587732585
0.3268533902680544
0.3268533902680544
0.3268533902680544
0.8913873420193058
0.3268533902680544
0.888537110835715
0.3268709475934026
0.3268533902680544
0.326911587732585
0.32685331551016994
0.32685276796588414
0.3268533902680544
0.3268533902680544
0.32687102235128707
0.32685276796588414
0.3268533902680544
0.3268533902680544
0.3268533902680544
0.32687102235128707
0.3268533902680544
0.32687102235128707
0.32685331551016994
0.3268533902680544
0.3268533902680544
0.32687102235128707
0.32685331551016994
0.3268533902680544
0.32692921981581774
0.3268704000491168
0.32687102235128707
0.32685276796588414
0.3268533902680544
0.3268533902680544
0.32685276796588414
0.32685276796588414
0.32687102235128707
0.3268533902680544
0.32685331551016994
0.3268533902680544
0.3268533902680544
0.3268533902680544
0.3268709475934026
0.32685276796588414
0.3268533902680544
0.3268533902680544
0.3268533902680544
0.32685331551016994
0.3268533902680544
0.3268533902680544
0.3268533902680544
0.32685331551016994
0.3268533902680544
0.3268533902680544
0.3268533902680544
0.3268533902680544
0.3268533902680544
0.32687102235128707
0.3268533902680544
0.32685331551016994
0.32685331551016994
0.32685331551016994
0.32685331551016994
0.3268533902680544
0.326911587732585
0.3268533902680544
0.3268533902680544
0.32685331551016994
0.3268533902680544
0.3268533902680544
0.32685331551016994
0.3268533902680544
0.3268533902680544
0.3268533902680544
0.3268533902680544
0.32687102235128707
0.3268533902680544
0.3268533902680544
0.32687102235128707
0.3268533902680544
0.3268533902680544
0.32687102235128707
0.5668306098571383
0.32685331551016994
0.32685331551016994
0.3268533902680544
0.3268533902680544
0.3268533902680544
0.32685331551016994
0.3268533902680544
0.32685331551016994
0.32685276796588414
0.3268533902680544
0.32687102235128707
0.35472349874386466
0.3268533902680544
0.32687102235128707
0.32692921981581774
0.3268533902680544
0.3268533902680544
0.3268533902680544
0.32685331551016994
0.3268533902680544
0.3268533902680544
0.3268533902680544
0.3268533902680544
0.3268533902680544
0.32685331551016994
0.32685331551016994
0.32691151297470056
0.9504594396517244
0.3268533902680544
0.3268709475934026
0.3268533902680544
0.3268533902680544
0.32685276796588414
0.3268709475934026
0.3268533902680544
0.3268533902680544
0.3268533902680544
0.3268533902680544
0.32685276796588414
0.326911587732585
0.3268533902680544
0.3268533902680544
0.3268533902680544
0.32685331551016994
0.3268533902680544
0.3268533902680544
0.32687102235128707
0.32685331551016994
0.3268533902680544
0.3268533902680544
0.3268533902680544
0.3268533902680544
0.32687102235128707
0.32685331551016994
0.32691151297470056
0.3268533902680544
0.32687102235128707
0.32692852275576306
0.3268533902680544
0.32687102235128707
0.3268533902680544
0.3268533902680544
0.3268533902680544
0.3268533902680544
0.3268533902680544
0.3268533902680544
0.3268533902680544
0.3268533902680544
0.3268533902680544
0.3268533902680544
0.3268533902680544
0.3268533902680544
0.3268533902680544
0.32685331551016994
0.3268533902680544
0.3268533902680544
0.32685331551016994
0.3268533902680544
0.3268709475934026
0.3268533902680544
0.3268533902680544
0.3268533902680544
0.32687102235128707
0.32685276796588414
0.3268533902680544
0.3268533902680544
0.3268533902680544
0.3268533902680544
0.32685331551016994
0.3268533902680544
0.3268533902680544
0.3268533902680544
0.3268533902680544
0.3268533902680544
0.3268533902680544
0.3268533902680544
0.32685331551016994
0.3268533902680544
0.3268533902680544
0.3268533902680544
0.32685276796588414
0.3268533902680544
0.3268533902680544
0.3268533902680544
0.32685331551016994
0.3268533902680544
0.3268533902680544
0.3268533902680544
0.3268533902680544
0.3268533902680544
0.3268533902680544
0.3268533902680544
0.3268533902680544
0.3268533902680544
0.3268533902680544
0.32685331551016994
0.3268533902680544
0.5821323373150242
0.3292347827486515
0.32687102235128707
0.3268709475934026
0.32685331551016994
0.3268533902680544
0.3268533902680544
0.32687102235128707
0.32687102235128707
0.3268533902680544
0.3268533902680544
0.5238745103502453
0.3268533902680544
0.32687102235128707
0.3268533902680544
0.32685331551016994
0.3268533902680544
0.32685331551016994
0.3268533902680544
0.3268533902680544
0.32685331551016994
0.3268533902680544
0.3286716410661872
0.326911587732585
0.326911587732585
0.3268533902680544
0.3268533902680544
0.32685276796588414
0.32687102235128707
0.3268533902680544
0.32685331551016994
0.3268533902680544
0.3268533902680544
0.3268533902680544
0.3268533902680544
0.32685331551016994
0.32685331551016994
0.32685331551016994
0.32687102235128707
0.32687102235128707
0.3268533902680544
0.32687102235128707
0.32685331551016994
0.3268533902680544
0.3268533902680544
0.3268533902680544
0.3268533902680544
0.32741444423272004
0.3268533902680544
0.3268533902680544
0.34711081200038285
0.3268533902680544
0.32685276796588414
0.3268533902680544
0.3268533902680544
0.3268533902680544
0.3268533902680544
0.3268533902680544
0.32685331551016994
0.3268533902680544
0.32687102235128707
0.3268533902680544
0.3268533902680544
0.3268533902680544
0.32687102235128707
0.3268533902680544
0.3268533902680544
0.3268533902680544
0.3268704000491168
0.32685331551016994
0.32685276796588414
0.3268709475934026
0.32685331551016994
0.3268533902680544
0.3278585094597716
0.3268533902680544
0.3268526932079997
0.3268533902680544
0.3268533902680544
0.3268533902680544
0.3268533902680544
0.3268533902680544
0.3268533902680544
0.3268533902680544
0.3268533902680544
0.3268533902680544
0.3268533902680544
0.3268533902680544
0.3268533902680544
0.32685331551016994
0.3268533902680544
0.32687102235128707
0.32685331551016994
0.32687102235128707
0.3292347827486515
0.3268533902680544
0.3268533902680544
0.32685331551016994
0.3268709475934026
0.326911587732585
0.3268533902680544
0.32687102235128707
0.3268533902680544
0.32685331551016994
0.3268533902680544
0.3268533902680544
0.3268533902680544
0.32685331551016994
0.3268533902680544
0.3268533902680544
0.32685331551016994
0.3268533902680544
0.32687102235128707
0.32685331551016994
0.32687102235128707
0.3268533902680544
0.32685331551016994
0.32685331551016994
0.3268709475934026
0.32687102235128707
0.3268533902680544
0.3268533902680544
0.32685331551016994
0.3268533902680544
0.3268533902680544
0.3268533902680544
0.3268533902680544
0.3268533902680544
0.3268533902680544
0.32685331551016994
0.3268533902680544
0.32685331551016994
0.32685331551016994
0.3268533902680544
0.32687102235128707
0.32685331551016994
0.3268533902680544
0.34656771635802
0.3268533902680544
0.3268533902680544
0.32685276796588414
0.3268533902680544
0.3268533902680544
0.32685331551016994
0.3268533902680544
0.32685331551016994
0.3268533902680544
0.3268533902680544
0.32687102235128707
0.32860638008537657
0.32692921981581774
0.3268533902680544
0.32695384065744604
0.3268533902680544
0.32691151297470056
0.3268533902680544
0.32687102235128707
0.3268533902680544
0.3268533902680544
0.3268533902680544
0.32685331551016994
0.8912240674011968
0.3268533902680544
0.3268533902680544
0.3268533902680544
0.3268533902680544
0.3268533902680544
0.32685331551016994
0.3268533902680544
0.5668306098571383
0.3268533902680544
0.3268533902680544
0.3268533902680544
0.3268709475934026
0.3268533902680544
0.32685331551016994
0.3268526932079997
0.3268533902680544
0.32685276796588414
0.3268533902680544
0.3268533902680544
0.326911587732585
0.3268533902680544
0.3268704000491168
0.3268533902680544
0.3268533902680544
0.3268533902680544
0.3268533902680544
0.32685331551016994
0.3268533902680544
0.3268533902680544
0.3268533902680544
0.3268533902680544
0.3268533902680544
0.3268533902680544
0.3268533902680544
0.3268533902680544
0.32685331551016994
0.3268533902680544
0.3268533902680544
0.32685331551016994
0.32685331551016994
0.3268533902680544
0.3268526932079997
0.32685276796588414
0.32693628333209773
0.3268533902680544
0.3268533902680544
0.32685331551016994
0.3268533902680544
0.3268533902680544
0.3268533902680544
0.3268533902680544
0.32685331551016994
0.32839985816942024
0.3292347827486515
0.32685331551016994
0.3268533902680544
0.3268533902680544
0.3268533902680544
0.5668296562675345
0.3268533902680544
0.32687102235128707
0.3268533902680544
0.32685331551016994
0.3268533902680544
0.3268533902680544
0.3268533902680544
0.3268533902680544
0.3268533902680544
0.3268709475934026
0.3268533902680544
0.3268526932079997
0.3268533902680544
0.3268533902680544
0.3268533902680544
0.42427789146993183
0.3268533902680544
0.3268533902680544
0.3268533902680544
0.3268533902680544
0.3268533902680544
1.4414514960420408
0.3268533902680544
0.32685331551016994
0.3268533902680544
0.3268533902680544
0.3268533902680544
0.32687102235128707
0.32685331551016994
0.3268526932079997
0.32685276796588414
0.8912250209908006
0.3268533902680544
0.3268533902680544
0.3268533902680544
0.34712844408361554
0.3268533902680544
0.32687102235128707
0.3268533902680544
0.3268533902680544
0.3268533902680544
0.32685331551016994
0.3268533902680544
0.3285887480021438
0.3268533902680544
0.32685331551016994
