0.32685331551016994
0.32685331551016994
0.32687808586756706
0.3268780111096826
0.3268780111096826
0.32685331551016994
0.3268780111096826
0.326911587732585
0.32691151297470056
0.3268780111096826
0.32685331551016994
0.32685331551016994
0.32685331551016994
0.3268780111096826
0.32687808586756706
0.32685331551016994
0.7957618815593489
0.3268780111096826
0.9064217664744421
0.32687808586756706
0.32685331551016994
0.3268526932079997
0.3268780111096826
0.32691151297470056
1.4414510650927552
0.3268780111096826
0.3268773888075124
0.3268533902680544
0.3268780111096826
0.32687808586756706
0.3268780111096826
0.3268773888075124
0.3268780111096826
0.3268780111096826
0.3268780111096826
0.3268780111096826
0.32685331551016994
0.32685331551016994
0.3268780111096826
0.32685331551016994
0.32685331551016994
0.3268780111096826
0.7957887493595304
0.3268780111096826
0.32685331551016994
0.3268780111096826
0.32687808586756706
0.32691151297470056
0.3268780111096826
0.3268780111096826
0.3268780111096826
0.5821313837254203
0.3268773888075124
0.32685331551016994
0.3268780111096826
0.3268780111096826
0.3268780111096826
0.3268780111096826
0.3268780111096826
0.3268780111096826
0.42447138140658247
0.3268780111096826
0.3268780111096826
0.3268780111096826
0.3268533902680544
0.3268780111096826
0.3268773888075124
0.3268780111096826
0.3268780111096826
0.3268773888075124
1.4414506425509845
0.3268780111096826
0.32685331551016994
0.3268780111096826
0.3268780111096826
0.32685331551016994
0.3268780111096826
0.5668543518670471
0.3268780111096826
0.3268780111096826
0.32687808586756706
0.32685331551016994
0.3268780111096826
0.32691151297470056
0.3268533902680544
0.3268780111096826
0.3268780111096826
0.3268780111096826
0.35474819434337734
0.48028341713659717
1.4414506425509845
0.32687808586756706
0.32685331551016994
1.4414510650927552
0.32687808586756706
0.32691151297470056
0.3268780111096826
0.32685331551016994
0.3274391398322327
0.3269291450579333
1.41965602182854
0.3268780111096826
0.3268780111096826
0.3284231370964871
1.4196550580452003
0.32687808586756706
0.32687808586756706
0.3268780111096826
0.3268773888075124
0.32687808586756706
0.32685331551016994
0.32687808586756706
0.3268533902680544
0.32685331551016994
0.3268780111096826
0.3268780111096826
0.32687808586756706
0.3268780111096826
0.32685331551016994
0.32685331551016994
0.3268780111096826
0.3268780111096826
0.3268780111096826
0.5535388195793819
0.3268780111096826
0.3268780111096826
0.3268780111096826
0.32687808586756706
0.32687808586756706
0.3268780111096826
0.32687808586756706
0.3268773888075124
0.3268533902680544
0.3268780111096826
0.3268780111096826
0.3268780111096826
0.3268780111096826
0.3268780111096826
0.32685331551016994
0.3268780111096826
0.3268780111096826
0.33815596578406093
0.3268773888075124
0.32685331551016994
0.3268780111096826
0.32685331551016994
0.32685331551016994
0.32691151297470056
0.3269362085742133
0.3268773888075124
0.32685331551016994
0.3268780111096826
0.3268780111096826
0.32687808586756706
0.3268780111096826
0.32685331551016994
0.32685331551016994
0.32687808586756706
0.32687808586756706
0.326911587732585
0.3268780111096826
0.3268533902680544
0.32864687070879006
0.32685331551016994
0.3268780111096826
0.3268780111096826
0.3268780111096826
0.32685331551016994
0.3268780111096826
0.32864687070879006
0.3268773888075124
0.5668283563853936
0.35474819434337734
0.32691151297470056
0.3268780111096826
0.32685331551016994
0.32685331551016994
0.3268780111096826
0.3268780111096826
0.3268533902680544
0.3268780111096826
0.3268533902680544
0.3268780111096826
0.3268780111096826
0.32685331551016994
0.3268773888075124
0.3268780111096826
0.42447209229021443
0.3269108906725303
0.3268780111096826
0.3268780111096826
0.32687808586756706
0.32685331551016994
0.32687808586756706
0.3268780111096826
0.3268773888075124
0.3268780111096826
0.3268780111096826
0.3268956431929153
0.3268780111096826
0.32691151297470056
0.3268956431929153
1.4414524502808819
0.3465744536352299
0.3268780111096826
0.3268780111096826
0.3268780111096826
0.42425582996237565
0.3268780111096826
0.3268780111096826
0.32687808586756706
0.34719363030654177
0.3268780111096826
0.447095022067035
0.32685331551016994
0.3268780111096826
0.3547235735017491
0.32685276796588414
0.3268780111096826
0.3268780111096826
0.3268780111096826
0.3268780111096826
0.32685331551016994
0.3268780111096826
0.3268780111096826
0.5668543518670471
0.3268780111096826
0.3471354328420111
0.5668543518670471
0.3268780111096826
0.3268780111096826
0.3268780111096826
0.3268780111096826
0.3268780111096826
0.32685331551016994
0.3268780111096826
0.32687808586756706
0.3268773888075124
0.3268780111096826
0.3268780111096826
0.32687808586756706
0.32685331551016994
0.3268780111096826
0.3268780111096826
0.3268780111096826
0.3268773888075124
0.3268780111096826
0.3268780111096826
0.3268780111096826
0.32685331551016994
0.32685331551016994
0.3268780111096826
0.3268780111096826
0.32687808586756706
0.3268780111096826
0.3268780111096826
0.3268533902680544
0.32687808586756706
0.32687808586756706
0.3268780111096826
0.3268780111096826
0.32685331551016994
0.32687808586756706
0.3268780111096826
0.3268780111096826
0.3268774635653968
0.32687808586756706
0.4245018386735371
0.3268773888075124
0.34657383133305963
0.3268773888075124
0.32685331551016994
0.3268780111096826
0.32685331551016994
0.32687808586756706
0.3268780111096826
0.32685331551016994
0.32685331551016994
0.3268780111096826
0.3269108906725303
0.3268780111096826
0.32687808586756706
0.3268533902680544
0.3268780111096826
0.5240899870365678
0.32687808586756706
0.3268780111096826
0.32685331551016994
0.32687808586756706
0.32685331551016994
0.32687808586756706
0.32929290545529777
0.3268780111096826
0.32685331551016994
0.3268780111096826
0.32687808586756706
0.32687808586756706
0.3268780111096826
0.3307607334033993
0.3274390650743483
0.3268780111096826
0.3268780111096826
0.3268774635653968
0.32685331551016994
0.32687808586756706
0.3268780111096826
0.32687808586756706
0.3268780111096826
0.3268780111096826
0.3268780111096826
0.32685331551016994
0.3268780111096826
0.3268780111096826
0.3268780111096826
0.3268780111096826
0.3268780111096826
0.32685331551016994
0.3268780111096826
0.3268780111096826
0.3268773888075124
0.32784025507436865
0.32691151297470056
0.3268780111096826
0.3269362085742133
0.3268773888075124
0.34657437887734543
0.3268780111096826
0.3268780111096826
0.3268780111096826
0.3268780111096826
0.32687808586756706
0.3268780111096826
0.32687808586756706
0.32687808586756706
0.3268780111096826
0.3278990000831851
0.3268780111096826
0.42425582996237565
0.32685331551016994
0.3268780111096826
0.3268780111096826
0.3268780111096826
0.32687808586756706
0.3268780111096826
0.3268780111096826
0.3268780111096826
0.3268956431929153
0.32687808586756706
0.3268780111096826
0.32687808586756706
0.3268780111096826
0.3268780111096826
0.32687808586756706
0.3268780111096826
0.3268780111096826
0.3268780111096826
0.3268773888075124
0.3268773888075124
0.3268773888075124
0.32685331551016994
0.3274385175300625
0.3268533902680544
0.32687808586756706
0.3268780111096826
0.32687808586756706
0.3268780111096826
0.3268526932079997
0.3268780111096826
0.32687102235128707
0.3268780111096826
0.35474819434337734
0.3268780111096826
0.3268533902680544
0.3268780111096826
0.32687808586756706
0.3268780111096826
0.3547235735017491
0.3268956431929153
0.3268780111096826
0.3268780111096826
0.32691151297470056
0.3268956431929153
0.32687808586756706
0.3268780111096826
0.32685331551016994
0.32685331551016994
0.3268780111096826
0.3268780111096826
0.3268533902680544
0.3268780111096826
0.3268780111096826
0.3268780111096826
0.32687808586756706
0.3268780111096826
0.3268780111096826
0.32685331551016994
0.3268780111096826
0.3268956431929153
0.32687808586756706
0.3385622427791526
0.32984969814484844
0.3268780111096826
0.32685331551016994
0.3547482691012618
0.3268773888075124
0.32685331551016994
0.3268780111096826
0.32685331551016994
0.3268780111096826
0.3268780111096826
0.3268780111096826
0.32685331551016994
0.32685331551016994
0.3268780111096826
0.32687808586756706
0.3465920109605781
0.3268780111096826
0.3268780111096826
0.3297915006803177
0.523874435592361
0.32691151297470056
0.3268780111096826
0.32687808586756706
0.3284232256779488
0.32685331551016994
0.3268780111096826
0.3268780111096826
0.32691151297470056
0.32685331551016994
0.3268780111096826
0.3268780111096826
0.3268780111096826
0.32685331551016994
0.3268780111096826
0.32687808586756706
0.3268780111096826
0.3268780111096826
0.3646661969986753
0.3268780111096826
0.32687808586756706
0.3268780111096826
0.3268773888075124
0.3268780111096826
0.566855305456651
0.32687808586756706
0.3268526932079997
0.3268780111096826
0.3268780111096826
0.3268780111096826
0.32687808586756706
0.3268780111096826
0.3268780111096826
0.32687808586756706
0.32685331551016994
0.32691151297470056
0.32687808586756706
0.3278585094597716
0.3268533902680544
0.3268780111096826
0.3268780111096826
0.3268780111096826
1.4414510650927552
0.32685331551016994
0.32687808586756706
0.3268533902680544
0.3268773888075124
0.3268780111096826
0.3268780111096826
0.8914120376188185
0.326911587732585
0.3268780111096826
0.3284231370964871
0.3268773888075124
1.4196546355034296
0.32687808586756706
0.34659241195753265
0.32691151297470056
1.5579074426239836
0.3268780111096826
0.3268780111096826
0.32687808586756706
0.3292594035902798
0.3268533902680544
0.32685331551016994
0.3268780111096826
0.32687808586756706
0.3268780111096826
0.3268773888075124
0.3268780111096826
0.3268780111096826
0.32691151297470056
0.3268780111096826
0.3268780111096826
0.32685331551016994
0.3268773888075124
0.3268780111096826
0.32745677191546546
0.32687808586756706
0.32687808586756706
0.3268780111096826
0.3268780111096826
0.3268780111096826
0.32685331551016994
0.3268780111096826
0.3268533902680544
0.3268780111096826
0.3298162710377149
0.32687808586756706
0.32687808586756706
0.3268526932079997
0.3268780111096826
0.3268533902680544
0.3268780111096826
0.3268780111096826
0.3268780111096826
0.3268780111096826
0.32687808586756706
0.3268780111096826
0.32685331551016994
0.4245018386735371
0.3268780111096826
0.32687808586756706
0.32691151297470056
0.3268773888075124
0.3268533902680544
0.3268780111096826
0.3268780111096826
0.3268780111096826
0.32685331551016994
0.32685331551016994
0.3268526932079997
0.3268780111096826
0.32687808586756706
0.32687808586756706
0.35474819434337734
0.3268773888075124
0.3268780111096826
0.3268780111096826
0.36469915131940744
0.3268780111096826
0.3268780111096826
0.32685331551016994
0.3268780111096826
0.32687808586756706
0.32685331551016994
0.3268774635653968
0.3268533902680544
0.3268780111096826
0.3268780111096826
0.32685276796588414
0.3268780111096826
0.3269108906725303
0.3268780111096826
0.32685331551016994
0.32685276796588414
0.3269362085742133
0.32685331551016994
0.3268780111096826
0.3268780111096826
0.3268533902680544
0.32685331551016994
0.3268780111096826
0.3268780111096826
0.32687808586756706
0.32687808586756706
0.32687808586756706
0.3268533902680544
0.326911587732585
0.3268526932079997
0.3268780111096826
0.32685331551016994
0.3268780111096826
0.3268780111096826
0.3268780111096826
0.3268780111096826
0.3268780111096826
0.5668543518670471
0.3268780111096826
0.3268774635653968
0.3284225147943169
0.32687808586756706
0.3268780111096826
0.3268780111096826
0.3268773888075124
0.3268780111096826
0.32685331551016994
0.3268780111096826
0.32687808586756706
0.3268780111096826
0.5668543518670471
0.3268780111096826
0.3268773888075124
0.3268780111096826
0.326935586272043
0.3268533902680544
0.3268780111096826
0.32687808586756706
0.3268533902680544
0.32685331551016994
0.3268780111096826
0.32687808586756706
0.3268780111096826
0.32691151297470056
0.3268780111096826
0.3268780111096826
0.3268780111096826
0.32685331551016994
0.3268780111096826
0.32685331551016994
0.3268780111096826
0.3268780111096826
0.3268780111096826
0.32687808586756706
0.32687808586756706
0.3268780111096826
0.32685331551016994
0.32687808586756706
0.32685331551016994
0.32687808586756706
0.32685331551016994
0.3269108906725303
0.3268780111096826
0.3268780111096826
0.3268780111096826
0.3268780111096826
0.3268780111096826
0.7960076649384658
0.32687808586756706
0.32685331551016994
0.3268780111096826
0.32691151297470056
0.3268780111096826
0.32685331551016994
0.3268774635653968
0.3381313449424327
0.32685331551016994
0.3268780111096826
0.3268780111096826
0.3547235735017491
0.3268780111096826
0.326911587732585
0.32687808586756706
0.3268780111096826
0.3268780111096826
0.32685331551016994
0.3268780111096826
0.32687808586756706
0.3268780111096826
0.3268780111096826
0.3268780111096826
0.3268780111096826
0.32685331551016994
0.32685331551016994
0.3268780111096826
0.3268780111096826
0.32691096543041476
0.32687808586756706
0.32685331551016994
0.3268780111096826
0.3268780111096826
0.32687808586756706
0.3268780111096826
0.3268780111096826
0.32685331551016994
0.32691151297470056
0.3268773888075124
0.3268526932079997
0.3268780111096826
0.3268780111096826
0.3268780111096826
0.3269362085742133
0.32685331551016994
0.3268780111096826
0.32687808586756706
0.3268780111096826
0.32685276796588414
0.3268780111096826
0.3268780111096826
0.32860335783997413
0.3269362085742133
0.3268780111096826
0.3268780111096826
0.3268780111096826
0.3268780111096826
0.3268780111096826
0.3268780111096826
0.3268780111096826
0.32923470799076704
0.3268780111096826
0.3268533902680544
0.32691151297470056
0.3268780111096826
0.32685331551016994
0.8187861536193802
0.3268780111096826
0.3268780111096826
0.32687808586756706
0.3268773888075124
0.3268780111096826
0.3268780111096826
0.32685276796588414
0.32685331551016994
0.3268780111096826
0.3268780111096826
0.3268774635653968
0.3268780111096826
0.32687808586756706
0.3268780111096826
0.3268780111096826
0.3268780111096826
0.3268780111096826
0.3268780111096826
0.32685331551016994
0.3268533902680544
0.32685331551016994
0.32691151297470056
0.3268780111096826
0.32685331551016994
0.3268780111096826
0.3268533902680544
0.326935586272043
0.42447138140658247
0.3268780111096826
0.3268780111096826
0.3471107372424984
0.3268780111096826
0.32687808586756706
0.3268780111096826
0.3268780111096826
0.3268533902680544
0.3269362085742133
0.3268780111096826
0.3268780111096826
0.3268533902680544
0.3268780111096826
1.4196555992867692
0.326911587732585
0.3268773888075124
0.3268773888075124
0.3268956431929153
0.32685331551016994
0.32687808586756706
0.32687808586756706
0.3268780111096826
0.32687808586756706
0.5240899870365678
0.32687808586756706
0.32691151297470056
0.32685331551016994
0.3268533902680544
0.32691151297470056
0.5238745103502453
0.3268780111096826
0.32977394335496946
0.3268780111096826
0.3268780111096826
0.32687808586756706
0.3268533902680544
0.3268780111096826
0.3268780111096826
0.3268774635653968
0.3268780111096826
0.3268780111096826
0.3268533902680544
0.3268780111096826
0.3268780111096826
0.3268526932079997
0.3268526932079997
0.32685331551016994
0.3268780111096826
0.3268780111096826
0.8912487630007094
0.3268780111096826
0.3268780111096826
0.3268780111096826
0.32685331551016994
0.3268774635653968
0.32687808586756706
0.32685331551016994
0.3268780111096826
0.32685331551016994
0.3268780111096826
0.3268780111096826
0.3547482691012618
0.3269362085742133
0.8914120376188185
0.32687808586756706
0.7957618815593489
0.3268780111096826
0.32685331551016994
0.3268780111096826
1.4414506425509845
0.3268780111096826
0.3268780111096826
1.4414506425509845
0.32687808586756706
0.34657437887734543
0.32691151297470056
0.3268780111096826
0.3268780111096826
0.32685331551016994
0.32687808586756706
0.3268780111096826
0.32685331551016994
0.32687808586756706
1.4414506425509845
0.32687808586756706
0.3268780111096826
0.32687808586756706
0.3268780111096826
0.3268780111096826
0.32685331551016994
0.3268773888075124
0.32685331551016994
0.3268780111096826
0.3268773888075124
0.3268780111096826
0.3268773888075124
0.32687808586756706
0.3268780111096826
0.32687808586756706
0.32685331551016994
0.3268780111096826
0.3268780111096826
0.3268780111096826
0.32687808586756706
0.32691151297470056
0.3268773888075124
0.3268780111096826
0.32685331551016994
0.3268780111096826
0.3268780111096826
0.32687808586756706
0.32687808586756706
0.3268956431929153
0.3268773888075124
0.3268956431929153
0.3268780111096826
0.3268780111096826
0.32689571795079975
0.32864687070879006
0.3268780111096826
0.3268780111096826
0.3268780111096826
0.33856286508132283
0.3268780111096826
0.32861344360165656
0.3268774635653968
0.32687808586756706
0.3268709475934026
0.32685331551016994
0.3268780111096826
0.3268780111096826
0.3268780111096826
0.3268780111096826
0.3268780111096826
0.3646997736215777
0.3268780111096826
0.3268533902680544
0.32685331551016994
0.3268780111096826
0.32687808586756706
0.3268780111096826
0.3268780111096826
0.3268780111096826
0.32687808586756706
0.3268773888075124
0.32687808586756706
0.5240899870365678
0.32839844149697445
0.32687808586756706
0.3268780111096826
0.3268526932079997
0.32685331551016994
0.3268780111096826
0.3268780111096826
0.32687808586756706
0.3268780111096826
0.3268526932079997
0.34657437887734543
0.3268780111096826
0.3268780111096826
0.32687808586756706
0.3268780111096826
0.3268526932079997
0.3268956431929153
0.3268780111096826
0.3268780111096826
0.3268780111096826
0.3268533902680544
0.3268533902680544
1.4204257524835253
0.32685331551016994
0.3268774635653968
0.3268780111096826
0.3268780111096826
0.32691151297470056
0.32685331551016994
0.32685331551016994
0.3268780111096826
0.3268780111096826
0.326911587732585
0.3268780111096826
0.3268780111096826
0.3268780111096826
0.3268780111096826
0.32687808586756706
0.3268780111096826
0.32685331551016994
0.3268773888075124
0.3268773888075124
0.3268780111096826
0.3268780111096826
0.32685331551016994
0.3268780111096826
0.3268780111096826
0.3268780111096826
0.3268780111096826
0.3268780111096826
0.3268780111096826
0.32687808586756706
0.3268780111096826
0.3268526932079997
0.32691151297470056
0.32687808586756706
0.3268533902680544
0.32981619627983044
0.3268780111096826
0.3268780111096826
0.3268780111096826
1.4414510650927552
0.3268780111096826
0.3268526932079997
0.3268780111096826
0.3268780111096826
0.3268774635653968
0.32685331551016994
0.3268780111096826
0.3268780111096826
0.3269108906725303
0.32685331551016994
0.32687808586756706
0.7461043088392199
0.35472349874386466
0.326911587732585
0.3268780111096826
0.3268533902680544
0.32685331551016994
0.3268780111096826
0.3268780111096826
0.3268780111096826
0.3268780111096826
0.32691151297470056
0.3268780111096826
0.3268780111096826
0.3268780111096826
0.32685331551016994
0.3268780111096826
0.32691151297470056
0.32687808586756706
0.32687808586756706
0.3268780111096826
0.32685331551016994
0.32687808586756706
0.32687808586756706
0.32687808586756706
0.3268780111096826
0.3274390650743483
0.3268774635653968
0.3268780111096826
0.32685331551016994
0.3268780111096826
0.3268773888075124
0.3268780111096826
0.3268780111096826
0.32687808586756706
0.3268780111096826
0.33856286508132283
0.3268780111096826
0.3268780111096826
0.32685331551016994
0.3268780111096826
0.32685331551016994
0.3268780111096826
0.3268780111096826
0.3268780111096826
0.32687808586756706
0.3268780111096826
0.3268780111096826
0.3268773888075124
0.3268773888075124
0.3268780111096826
0.3268780111096826
0.32685331551016994
0.326911587732585
0.32687808586756706
0.3268526932079997
0.32685331551016994
0.3268780111096826
0.3268780111096826
