0.3268526932079997
0.3268526932079997
0.44687947062282807
0.3268526932079997
0.32685276796588414
0.3268526932079997
0.8548781865220142
0.3268533902680544
0.3268533902680544
0.3268526932079997
0.3268526932079997
0.3268533902680544
0.3268526932079997
0.3283985300784361
0.3268533902680544
0.3471101896982126
0.32685276796588414
0.3268526932079997
0.32685276796588414
0.3268526932079997
0.3268533902680544
0.586877966316156
0.32685276796588414
0.32687102235128707
0.32685276796588414
0.32685276796588414
0.326911587732585
0.32685276796588414
0.32685276796588414
0.32685276796588414
0.32685276796588414
0.3268526932079997
0.3268533902680544
0.32685276796588414
0.32685276796588414
0.3268526932079997
0.32685276796588414
0.3268526932079997
0.3274138219305498
0.4468490133558735
0.3274143694748356
0.32687102235128707
0.3268533902680544
0.3268533902680544
0.8912319881690218
0.32685276796588414
0.3268533902680544
0.32685276796588414
0.32685276796588414
0.32685331551016994
0.3268526932079997
0.3268526932079997
0.3268526932079997
0.32685331551016994
0.3268704000491168
0.32685276796588414
0.32685276796588414
0.32685276796588414
0.3268533902680544
0.3268533902680544
0.5668283563853936
0.3292347827486515
0.3268533902680544
0.42447209229021443
0.32685276796588414
0.8912329417586258
0.32685276796588414
0.3268526932079997
0.3268533902680544
0.3268526932079997
0.3297733210527992
0.3268526932079997
0.32685276796588414
0.3268533902680544
0.32685331551016994
0.3292347827486515
0.32685276796588414
0.32685276796588414
0.3268526932079997
0.3268526932079997
0.32977394335496946
0.3268526932079997
0.4468497242395054
0.3268526932079997
0.3381313449424327
0.32685331551016994
0.32860343259785857
0.32784025507436865
0.3268526932079997
0.32685276796588414
0.3381313449424327
0.32685276796588414
0.3286716410661872
0.32857866224046145
0.3268533902680544
0.3268526932079997
0.32685331551016994
0.32685276796588414
0.32685276796588414
0.32685276796588414
0.3268526932079997
0.32685276796588414
0.32685276796588414
0.3268526932079997
0.32685276796588414
0.3385382442396946
0.3268526932079997
0.3268526932079997
0.32685276796588414
0.32685276796588414
0.3268526932079997
0.3268526932079997
0.3268533902680544
0.3268533902680544
0.32685276796588414
0.32685276796588414
0.32685331551016994
0.3268526932079997
0.32685276796588414
0.3268533902680544
0.32685276796588414
0.5246080086260372
0.5239049676172
0.3268533902680544
0.3268533902680544
0.3268526932079997
0.3268526932079997
0.32685331551016994
0.3268526932079997
0.5668293099749976
0.3268526932079997
0.3274138219305498
0.5246384658929918
0.32685276796588414
0.3268533902680544
0.3268526932079997
0.32685276796588414
0.34654913573354695
0.32685331551016994
0.5822683525031688
0.32685276796588414
0.32685276796588414
0.35472349874386466
0.32685276796588414
0.3268526932079997
0.3268526932079997
0.32685276796588414
0.3268533902680544
0.32691096543041476
0.3268533902680544
0.3268533902680544
0.32685276796588414
0.3268533902680544
0.32685276796588414
1.4414405447400374
0.32685276796588414
0.3268526932079997
0.3278408773765389
0.32685331551016994
0.32685276796588414
0.32685276796588414
0.3465497580357172
0.5822693060927726
0.32977394335496946
0.32685276796588414
0.32685276796588414
0.3268533902680544
0.3268526932079997
0.32685331551016994
0.32685276796588414
0.3268533902680544
0.3268526932079997
0.32685276796588414
0.32685276796588414
0.32685331551016994
0.32685276796588414
0.32685331551016994
0.3268533902680544
0.45490600279196935
0.3268533902680544
0.32685276796588414
0.3268526932079997
0.32685276796588414
0.32685276796588414
0.32685276796588414
0.3381293575620853
0.32685331551016994
0.3268526932079997
0.32685276796588414
0.32685331551016994
0.32685276796588414
0.3268526932079997
0.3268533902680544
0.32685276796588414
0.32685276796588414
0.3268533902680544
0.33853762193752435
0.3274138219305498
0.32685276796588414
0.3268526932079997
0.32685331551016994
0.5822706059749134
0.32685276796588414
0.3268526932079997
0.3268533902680544
0.32685276796588414
0.44687947062282807
0.3268526932079997
0.3269108906725303
0.3268533902680544
0.3268533902680544
0.3268533902680544
0.3268526932079997
0.32685276796588414
0.32685276796588414
0.3268533902680544
0.32685276796588414
0.8912329417586258
0.32685276796588414
0.3268526932079997
0.3268526932079997
0.32685276796588414
0.3268533902680544
0.3268533902680544
0.32857866224046145
0.32685331551016994
0.3268526932079997
0.32685276796588414
0.3268533902680544
0.3268533902680544
0.3268526932079997
0.32685276796588414
0.32685331551016994
0.3268533902680544
0.32685276796588414
0.32685276796588414
0.32685276796588414
0.3268533902680544
0.3465490609756625
0.32685276796588414
0.32685276796588414
0.3268533902680544
0.32685276796588414
0.3601976011407641
0.3268533902680544
0.3268526932079997
0.3268533902680544
0.32685276796588414
0.3268533902680544
0.32685276796588414
0.3268526932079997
0.4468490133558735
0.32685276796588414
0.3268533902680544
0.3268526932079997
0.3268774635653968
0.32685276796588414
0.32685276796588414
0.3285887480021438
0.32685276796588414
0.3268526932079997
0.3268533902680544
0.32685331551016994
0.32685276796588414
0.3268533902680544
0.32685276796588414
0.32685276796588414
0.32685276796588414
0.3268533902680544
0.3268533902680544
0.32685331551016994
0.32685276796588414
0.3471101149403282
0.7960346074965317
0.7957641285179022
0.3268526932079997
0.32691096543041476
0.33853762193752435
0.3268533902680544
0.3268526932079997
0.3268533902680544
0.32685276796588414
0.32685276796588414
0.3268533902680544
0.32685276796588414
0.32685331551016994
0.32685276796588414
0.32685276796588414
0.3268526932079997
0.32685276796588414
0.32685276796588414
0.3395257313481791
0.32685276796588414
0.32685276796588414
0.32685276796588414
0.32685276796588414
0.32685276796588414
0.7459404343812608
0.328957509480115
0.3268533902680544
0.3285787369983459
0.32685331551016994
0.32685331551016994
0.3268526932079997
0.3268526932079997
0.32685331551016994
0.3268533902680544
0.3268526932079997
0.32685276796588414
0.32685276796588414
0.32685331551016994
0.3268533902680544
0.3297733210527992
0.32685331551016994
0.3268533902680544
0.32691096543041476
0.33853816948181015
0.32685276796588414
0.32685276796588414
0.3268533902680544
0.5239210441435151
0.33853816948181015
0.3268533902680544
0.32685276796588414
0.32685276796588414
0.32685276796588414
0.32685331551016994
0.32685276796588414
0.32685276796588414
0.3268533902680544
0.3268533902680544
0.3268533902680544
0.32685276796588414
0.32685331551016994
0.32687102235128707
0.5239210441435151
0.3292246969869691
0.32685276796588414
0.9725683715646705
0.3268703252912324
0.32685331551016994
0.32685276796588414
0.3268526932079997
0.32685331551016994
0.32685276796588414
0.32685276796588414
0.3268526932079997
0.3268526932079997
0.3268533902680544
0.32685276796588414
0.3268526932079997
0.3268533902680544
0.32784025507436865
0.3268533902680544
0.32685276796588414
0.7960346074965317
0.3268533902680544
0.3268533902680544
0.32685276796588414
0.32685276796588414
0.32685276796588414
0.32685276796588414
0.3547228764416944
0.3268526932079997
0.3268526932079997
0.32685331551016994
0.3292347827486515
0.32685276796588414
0.3268533902680544
0.32839915238060635
0.32685276796588414
0.3268533902680544
0.32685276796588414
0.5668306098571383
0.3268533902680544
0.3283978191948042
1.4414405447400374
0.3268526932079997
0.3268526932079997
0.32685276796588414
0.32685276796588414
0.32685331551016994
0.32685276796588414
0.3268533902680544
1.4414391584149269
0.3268533902680544
0.3268533902680544
0.7957372607177207
0.32923470799076704
0.3268526932079997
0.32685276796588414
0.32685331551016994
0.3268526932079997
0.3285787369983459
0.3268526932079997
0.3268526932079997
0.32685276796588414
0.3268533902680544
0.32685331551016994
0.32685276796588414
0.32685276796588414
0.32685276796588414
0.3268533902680544
0.32685331551016994
0.32685331551016994
0.3268533902680544
0.32685276796588414
0.3268526932079997
0.3268533902680544
0.3268709475934026
0.32685276796588414
0.3268526932079997
0.3268533902680544
0.3268533902680544
0.32685276796588414
0.32685276796588414
0.3381313449424327
0.3268533902680544
0.3268533902680544
0.3268526932079997
0.3268533902680544
0.32693566102992744
0.32685276796588414
0.32685331551016994
0.32685331551016994
0.3268526932079997
0.32685276796588414
0.32685276796588414
0.3268533902680544
0.3268526932079997
0.7957371859598362
0.9504664068299455
0.32685276796588414
0.32685276796588414
0.3268533902680544
0.32685276796588414
0.32685276796588414
0.32685331551016994
0.3268526932079997
0.7957640537600177
0.3268533902680544
0.3268533902680544
0.3268533902680544
0.32685276796588414
0.32685276796588414
0.32691096543041476
0.3268526932079997
0.32685276796588414
0.32685331551016994
0.32685276796588414
0.32685276796588414
0.32685276796588414
0.3268526932079997
0.3268533902680544
0.3268526932079997
0.3268526932079997
0.3268533902680544
0.32685276796588414
0.32685276796588414
0.3268533902680544
0.32685276796588414
0.32685276796588414
0.32685276796588414
0.32685276796588414
0.3269108906725303
0.3268533902680544
0.32685276796588414
0.7957640537600177
0.3268533902680544
0.3268533902680544
0.32685276796588414
0.32685331551016994
0.32685331551016994
0.32685331551016994
0.32685276796588414
0.3268533902680544
0.32685276796588414
0.32685276796588414
0.32685276796588414
0.32741374717266536
0.32685276796588414
0.32685276796588414
0.33813127018454825
0.32685276796588414
0.3268533902680544
0.33853816948181015
0.3268526932079997
0.3268533902680544
0.32685276796588414
0.3268533902680544
0.32685276796588414
0.32685276796588414
0.4242565408460075
0.32685276796588414
0.3268533902680544
1.4414514960420408
0.32685276796588414
0.3268533902680544
0.32685276796588414
0.32685331551016994
0.3268533902680544
0.32685276796588414
0.3268526932079997
0.32685276796588414
0.32685276796588414
0.32685276796588414
0.34654913573354695
0.32685276796588414
0.3268709475934026
0.3465497580357172
0.33813072264026245
0.7957641285179022
0.3268526932079997
0.3268533902680544
0.3268533902680544
0.32685276796588414
0.32685276796588414
0.32685276796588414
0.32922477174485354
0.32685276796588414
0.32685276796588414
0.32685276796588414
0.32685276796588414
0.32685276796588414
0.3268533902680544
0.32685276796588414
0.32691096543041476
0.3268533902680544
0.32685276796588414
0.3268526932079997
0.3268526932079997
0.3268533902680544
0.32685276796588414
0.32685276796588414
0.3268533902680544
0.3268533902680544
0.32685331551016994
0.32685276796588414
0.32685276796588414
0.3268533902680544
0.5080704392165357
0.3268526932079997
0.32685276796588414
0.3268533902680544
0.32685276796588414
0.32857866224046145
0.33813072264026245
0.3268526932079997
0.32685276796588414
0.3268533902680544
0.8912329417586258
0.32685331551016994
0.3268533902680544
0.3268526932079997
1.4414514960420408
0.3268533902680544
0.3268533902680544
0.3268704000491168
0.34654913573354695
0.32685331551016994
0.32685276796588414
0.32691096543041476
0.7957640537600177
0.32685276796588414
0.32685276796588414
0.3268526932079997
0.3268533902680544
0.3268526932079997
0.32685276796588414
0.32685276796588414
0.4468497242395054
0.32691096543041476
0.3268533902680544
0.32685331551016994
0.3268526932079997
0.32685276796588414
0.32685276796588414
0.3547228764416944
0.32685276796588414
0.3385375471796399
0.32685276796588414
0.3268526932079997
0.32685276796588414
0.3268526932079997
0.32685276796588414
0.32693628333209773
0.32685331551016994
1.4414510735002701
0.7957641285179022
0.7957641285179022
0.32685331551016994
0.32860335783997413
0.3268533902680544
0.3268533902680544
0.3268533902680544
0.3268526932079997
0.3268533902680544
0.33813072264026245
0.32741444423272004
0.3268533902680544
0.32685276796588414
0.32685276796588414
0.4242862872293302
0.3268704000491168
0.32685276796588414
0.32685276796588414
0.32685276796588414
0.3268533902680544
0.32685276796588414
0.3298320660616157
0.32685276796588414
0.32685276796588414
0.32685276796588414
1.4414406550323204
0.32685276796588414
0.3268533902680544
0.32685276796588414
0.32685331551016994
0.3269108906725303
0.3268526932079997
0.3268526932079997
0.32691096543041476
0.32685276796588414
0.32685276796588414
0.3268533902680544
0.3268709475934026
0.32685276796588414
0.32685276796588414
0.3268533902680544
0.32685331551016994
0.3268533902680544
0.3297733210527992
0.32685331551016994
0.33853762193752435
0.3268533902680544
0.3268526932079997
0.3268526932079997
0.3268526932079997
0.32685331551016994
0.6745341008924778
0.32685276796588414
0.32685276796588414
0.3292347827486515
0.3268533902680544
0.32685276796588414
0.32866163006238924
0.32685276796588414
0.32685276796588414
0.32685331551016994
0.32685276796588414
0.32685276796588414
0.32685276796588414
0.32685276796588414
0.951026691611804
0.32685331551016994
0.32685276796588414
0.3268533902680544
0.3268526932079997
0.3268533902680544
0.3385382442396946
0.3268526932079997
0.3268526932079997
0.32685276796588414
0.3268533902680544
0.32741374717266536
0.3268533902680544
0.3268533902680544
0.32685331551016994
0.3268526932079997
0.3268533902680544
0.32685276796588414
0.3268526932079997
0.4242869981129621
0.32685276796588414
0.32839915238060635
0.3268533902680544
0.3268526932079997
0.3268533902680544
0.32685276796588414
0.33853762193752435
0.3268533902680544
0.7957372607177207
0.32685276796588414
0.3268533902680544
0.3274143694748356
0.3268533902680544
0.32685331551016994
0.3268526932079997
0.3268533902680544
0.32685331551016994
0.3465490609756625
0.7960076649384658
0.32685276796588414
0.3268533902680544
0.3268533902680544
0.32685331551016994
0.32685331551016994
0.3268526932079997
0.3268533902680544
0.32685331551016994
0.8666021033937675
0.32685276796588414
0.3268774635653968
0.32685276796588414
0.3268703252912324
0.3297733210527992
0.32685331551016994
0.3268526932079997
0.32685276796588414
0.3268526932079997
0.3268533902680544
0.3292347827486515
0.3268526932079997
0.5668306098571383
0.3268526932079997
0.32685276796588414
0.32685331551016994
0.3268526932079997
0.32685276796588414
0.32685276796588414
0.3268526932079997
0.4242869981129621
0.3268526932079997
0.3268533902680544
0.3278401803164842
0.32685331551016994
0.32741374717266536
0.32685276796588414
0.32839915238060635
0.3268526932079997
0.32685276796588414
0.32685276796588414
0.3268533902680544
0.3268526932079997
0.3268533902680544
0.3268526932079997
0.32685276796588414
0.32685276796588414
0.3268533902680544
0.32685331551016994
0.32685276796588414
0.32685276796588414
0.32784025507436865
0.32685276796588414
0.32685276796588414
0.3268533902680544
0.3268533902680544
0.32685276796588414
0.3268533902680544
0.7957641285179022
0.3268533902680544
0.3268526932079997
0.3268533902680544
0.35472295119957886
0.3268533902680544
0.3285787369983459
0.32685276796588414
0.7957641285179022
0.32685276796588414
0.3268526932079997
0.3268533902680544
0.5668283563853936
0.32685276796588414
0.3278408773765389
0.32685331551016994
0.32685276796588414
0.3268533902680544
0.32685276796588414
0.32977394335496946
0.32685276796588414
0.3268533902680544
0.3268533902680544
0.3268526932079997
0.32685276796588414
0.3268526932079997
0.32685276796588414
0.32685331551016994
0.3297733210527992
0.32685276796588414
0.3268533902680544
0.32685331551016994
0.32685276796588414
0.32685331551016994
0.3268533902680544
0.32685276796588414
0.3283978191948042
0.32685276796588414
0.3269362085742133
0.3268533902680544
0.32685276796588414
0.32685331551016994
0.32685276796588414
1.4414405447400374
0.32685276796588414
0.3268533902680544
0.3268704000491168
0.32685331551016994
0.32685331551016994
0.32685276796588414
0.3268526932079997
0.3268533902680544
0.3268533902680544
0.32685276796588414
0.4468497242395054
0.32685331551016994
0.3547235735017491
0.3547228764416944
0.32685276796588414
0.4242565408460075
0.32685276796588414
0.32685276796588414
0.3268533902680544
0.32685331551016994
0.3268533902680544
0.3268533902680544
0.32685276796588414
0.32685276796588414
0.32685276796588414
0.3268526932079997
0.32685276796588414
0.3268533902680544
0.32687102235128707
0.3268533902680544
0.3274138219305498
0.3547235735017491
0.3268533902680544
0.3268533902680544
0.3268533902680544
0.3268526932079997
0.3268526932079997
0.338595819402055
0.32685331551016994
0.3268533902680544
0.8912319881690218
0.32685276796588414
0.32685331551016994
0.3268533902680544
0.3268526932079997
0.32922477174485354
0.32685276796588414
0.3268533902680544
0.32685276796588414
0.32691096543041476
0.3268533902680544
0.3268526932079997
0.33853762193752435
0.3269108906725303
0.3268533902680544
0.33853762193752435
0.3268533902680544
0.3268526932079997
0.32685276796588414
0.3385375471796399
0.32685276796588414
0.32685276796588414
0.32857866224046145
0.3268533902680544
0.3268533902680544
0.32685276796588414
0.32685331551016994
0.3268533902680544
0.9420583241936888
0.32685276796588414
0.32685331551016994
0.34654913573354695
0.32685276796588414
0.32685276796588414
0.3268533902680544
0.32685276796588414
0.32685276796588414
0.3268533902680544
0.5668283563853936
0.3268703252912324
0.32685276796588414
0.32685276796588414
0.32685331551016994
0.3268533902680544
0.7957641285179022
0.32685276796588414
0.3268533902680544
0.32685276796588414
0.44687947062282807
0.3278401803164842
0.32685276796588414
0.32685276796588414
0.3268526932079997
0.5822693060927726
0.3268533902680544
0.3268526932079997
0.32685276796588414
0.3268533902680544
0.328957509480115
0.3268526932079997
0.32685331551016994
0.3268526932079997
0.3268533902680544
0.3268533902680544
0.32685276796588414
0.3506727111508001
0.4242869981129621
0.32685331551016994
0.32685276796588414
0.32685331551016994
0.32685331551016994
0.32685276796588414
0.32685276796588414
1.4414514960420408
0.3268526932079997
0.3268533902680544
0.3268526932079997
0.3268533902680544
0.8912329417586258
0.3268526932079997
0.32685276796588414
0.3268533902680544
0.32685276796588414
0.32685276796588414
0.3268533902680544
0.32685331551016994
0.3297733210527992
0.3268526932079997
0.5821323373150242
0.32685331551016994
0.32685331551016994
0.32685276796588414
0.3268526932079997
0.32685331551016994
0.5821313837254203
0.3268533902680544
0.3268526932079997
0.3268526932079997
0.5821323373150242
0.3268526932079997
0.32685276796588414
0.32685276796588414
0.32685276796588414
0.34819927028176456
0.32685276796588414
0.32685276796588414
0.3268526932079997
0.3268526932079997
0.3268533902680544
0.3268533902680544
0.32685276796588414
0.32685331551016994
0.3268526932079997
0.32685276796588414
0.32685276796588414
0.32685331551016994
0.32685276796588414
0.5246384658929918
0.32685276796588414
0.32685276796588414
0.32685276796588414
0.3274138219305498
0.32685276796588414
0.3268533902680544
0.32685276796588414
0.7957372607177207
0.32685276796588414
0.32685276796588414
0.32685331551016994
0.32685276796588414
0.32685276796588414
0.3268533902680544
0.32685276796588414
0.5668283563853936
0.3268533902680544
0.32685276796588414
0.32685331551016994
0.32685276796588414
0.32685276796588414
0.3268526932079997
0.3268533902680544
0.32685276796588414
0.3268533902680544
0.32685276796588414
0.5821310374328834
0.5806648622389307
0.32691096543041476
0.32685276796588414
0.32685331551016994
0.3268533902680544
0.32685276796588414
0.3289574208986534
0.3268526932079997
0.3268533902680544
0.32685276796588414
0.32685331551016994
0.32685276796588414
0.32685331551016994
0.3268533902680544
0.32685331551016994
0.326911587732585
0.32685331551016994
0.3268526932079997
0.32685331551016994
0.3268533902680544
0.3285787369983459
0.3268533902680544
