0.32685276796588414
1.4414505322587012
0.3268533902680544
0.5239049676172
0.32685276796588414
0.32685276796588414
0.32685276796588414
0.3268533902680544
0.32685276796588414
0.32685276796588414
0.3268526932079997
0.32685276796588414
0.44198467303683675
0.3268533902680544
0.3268533902680544
0.3268526932079997
1.6422566118234843
0.32685276796588414
0.32685276796588414
0.35067200026716827
0.32685276796588414
0.3268526932079997
0.3268526932079997
0.32685276796588414
0.3268526932079997
0.3471101896982126
0.3268526932079997
0.32685331551016994
0.34654913573354695
0.326911587732585
0.3268526932079997
0.32685276796588414
0.3289574208986534
0.3268533902680544
0.32685276796588414
0.3268533902680544
0.8912329417586258
0.3268526932079997
0.32685276796588414
0.3268526932079997
0.32685276796588414
0.3268533902680544
0.32685331551016994
0.3268526932079997
0.3268533902680544
0.32685276796588414
0.32685331551016994
0.3268526932079997
0.32685276796588414
0.32685276796588414
0.3268526932079997
0.3268533902680544
0.32685276796588414
0.3268533902680544
0.3381294323199697
0.32741444423272004
0.32685331551016994
0.32685276796588414
0.3278408773765389
0.32685276796588414
0.34656709405584973
0.33853762193752435
0.3268533902680544
0.3268533902680544
0.32692852275576306
0.5822683525031688
0.3268526932079997
0.32685331551016994
0.32685276796588414
0.32685276796588414
0.3268533902680544
0.3297732462949148
0.3268703252912324
0.32685276796588414
0.32685331551016994
0.32685331551016994
0.3268526932079997
0.3268526932079997
0.3268533902680544
0.3268526932079997
0.32685331551016994
0.44687947062282807
0.5543028498800127
0.32687102235128707
0.32685276796588414
0.3268533902680544
0.3547228764416944
0.3268526932079997
0.33813005462214
0.328957509480115
0.3268533902680544
0.35472295119957886
0.32685276796588414
0.5821300838432796
0.3268526932079997
0.3268704000491168
0.3268533902680544
0.3268526932079997
0.32685276796588414
0.32685276796588414
0.3268533902680544
0.32685276796588414
0.3547228764416944
0.3268526932079997
0.3268526932079997
0.32685276796588414
0.32685276796588414
0.32857866224046145
0.3268533902680544
0.32685276796588414
0.32685276796588414
0.32685276796588414
0.32685331551016994
0.3268526932079997
0.32685276796588414
0.32685276796588414
0.32685276796588414
0.3268533902680544
0.3268526932079997
0.5246384658929918
0.3268526932079997
0.32839844149697445
0.3268526932079997
0.32685276796588414
0.3278401803164842
0.32685276796588414
0.33853762193752435
0.3268533902680544
0.3285886732442594
0.32685276796588414
0.32685276796588414
0.3268533902680544
0.32685276796588414
0.3292347827486515
0.3385382442396946
0.32685276796588414
0.32685276796588414
0.32685276796588414
0.32685276796588414
0.32685276796588414
0.3268533902680544
0.3268533902680544
0.3268533902680544
0.5822706059749134
0.3268526932079997
0.3268533902680544
0.3268526932079997
0.33853762193752435
0.35472295119957886
0.3268526932079997
0.32685276796588414
0.3268526932079997
0.32922477174485354
0.32857866224046145
0.5716457063106191
0.32685276796588414
0.3268533902680544
0.3268533902680544
0.32685276796588414
0.7310255352660011
0.3268533902680544
0.32685276796588414
0.3268526932079997
0.5821300838432796
0.32685276796588414
0.32685276796588414
0.3278401803164842
0.32685276796588414
0.32685331551016994
0.32685276796588414
0.3268526932079997
0.32685276796588414
0.3289574208986534
1.4414405447400374
0.3268533902680544
0.3268533902680544
0.32685276796588414
0.32685276796588414
0.35607312883487247
0.32685276796588414
0.32685331551016994
0.3268533902680544
0.32685276796588414
0.3268533902680544
0.32685276796588414
0.44687947062282807
0.3268533902680544
0.32685276796588414
0.32685276796588414
0.328957509480115
0.3268533902680544
0.32685276796588414
0.3268533902680544
0.32685276796588414
0.3268526932079997
0.32685276796588414
0.32685276796588414
0.3268526932079997
0.3268526932079997
0.3268533902680544
0.3268526932079997
0.3268526932079997
0.32685276796588414
0.3268533902680544
0.32687808586756706
0.3268526932079997
0.7957641285179022
0.32685276796588414
0.5239049676172
0.3268526932079997
0.32685276796588414
0.32685276796588414
0.32685276796588414
0.32977394335496946
0.32685331551016994
0.3283985300784361
1.4414514960420408
0.3268533902680544
0.32861344360165656
0.32741374717266536
0.3385375471796399
0.3268533902680544
0.3268526932079997
0.3268526932079997
0.3268526932079997
0.32685276796588414
0.32685276796588414
0.32685276796588414
0.3268533902680544
0.32685276796588414
0.7960346074965317
0.32685276796588414
0.32685276796588414
0.8665505399940734
0.3268533902680544
0.32685276796588414
0.32685276796588414
0.3268526932079997
0.32685276796588414
0.32685276796588414
0.3268533902680544
0.3285787369983459
0.3268526932079997
0.7957372607177207
0.34654913573354695
0.3268526932079997
0.32685276796588414
0.32685331551016994
0.32685276796588414
0.3268533902680544
0.32685276796588414
0.5246383911351074
0.3268526932079997
0.3268533902680544
0.32685331551016994
0.3268533902680544
0.32685276796588414
0.32685276796588414
0.32977394335496946
0.35472295119957886
0.3268533902680544
0.32685276796588414
0.3285787369983459
0.32685276796588414
0.32685276796588414
0.3268533902680544
0.3268526932079997
0.32685331551016994
0.3268533902680544
0.3268533902680544
0.32687102235128707
0.32685276796588414
0.32685276796588414
0.3268533902680544
0.32685276796588414
0.32685276796588414
0.3297733210527992
0.3268533902680544
0.32685276796588414
0.34711081200038285
0.3268526932079997
0.3274138219305498
0.3268526932079997
0.3268526932079997
0.3547228764416944
0.3268533902680544
0.32685276796588414
0.3268526932079997
0.32685331551016994
0.3268526932079997
0.3268703252912324
0.3268533902680544
0.32685276796588414
0.3268526932079997
0.3268773888075124
0.3268533902680544
0.3268533902680544
0.32685276796588414
0.3268533902680544
0.32685276796588414
0.7957640537600177
0.4468801815064599
0.3268533902680544
0.3268526932079997
0.32861344360165656
0.3268533902680544
0.3268526932079997
0.3268533902680544
0.3268526932079997
0.32685331551016994
0.32685276796588414
0.32685276796588414
0.32685331551016994
0.3268526932079997
0.3268526932079997
0.326911587732585
0.338538912257817
0.32685276796588414
0.3268533902680544
0.32685276796588414
0.3268526932079997
0.32685276796588414
0.32685276796588414
0.33033430025958044
0.326911587732585
0.3268526932079997
0.32685331551016994
0.3268533902680544
0.3278408773765389
1.0239946777804763
0.32685276796588414
0.32685276796588414
0.32685331551016994
0.3268526932079997
0.32685276796588414
0.3268526932079997
0.3268533902680544
0.3268533902680544
0.32685276796588414
0.3268526932079997
0.3268533902680544
0.3268533902680544
0.32685276796588414
0.32685276796588414
0.32685276796588414
0.3268533902680544
0.8912240674011968
0.32685276796588414
0.32685276796588414
0.32685276796588414
0.5238745103502453
0.32687808586756706
0.3268709475934026
0.3268533902680544
0.32685331551016994
0.33853816948181015
0.3268533902680544
0.3268526932079997
0.3268533902680544
0.3268526932079997
0.32685276796588414
0.7957371859598362
0.32685276796588414
0.3268774635653968
0.32685276796588414
0.3285887480021438
0.3268533902680544
0.3297733210527992
0.32685276796588414
0.3268774635653968
0.3297732462949148
0.32685276796588414
0.3268526932079997
0.32685276796588414
0.32685276796588414
0.32685331551016994
0.32685276796588414
0.3268533902680544
0.32685276796588414
1.4414405447400374
0.32685331551016994
0.32685276796588414
0.3268526932079997
0.3268526932079997
1.4414405447400374
0.3268526932079997
0.5668296562675345
0.7898344487159197
1.4414514960420408
0.32685276796588414
0.3398813872722369
0.3268533902680544
0.32685276796588414
0.3547228764416944
0.32685276796588414
0.3268526932079997
0.3268526932079997
0.32895679859648314
0.3268526932079997
0.32685331551016994
0.3268526932079997
0.3268533902680544
0.32685331551016994
0.32922477174485354
0.32741444423272004
0.3269108906725303
0.3268526932079997
0.44687947062282807
0.32685276796588414
0.3268526932079997
0.32685331551016994
0.32922477174485354
0.32685276796588414
0.3268533902680544
0.3268533902680544
0.3268533902680544
0.3268533902680544
0.3268533902680544
0.3268526932079997
0.32685276796588414
0.32685331551016994
0.32685276796588414
0.44687947062282807
0.32685276796588414
0.3385375471796399
0.3268526932079997
0.3268526932079997
0.3385382442396946
0.3268533902680544
0.3268533902680544
0.3268533902680544
0.3268533902680544
0.3268526932079997
0.3283985300784361
0.32685276796588414
0.3285787369983459
0.32685331551016994
0.3268533902680544
0.3268526932079997
0.34711081200038285
0.3268526932079997
0.3268526932079997
0.32685276796588414
1.4414514960420408
0.3547235735017491
0.3285787369983459
0.3268533902680544
0.32685276796588414
0.32685276796588414
0.3268526932079997
0.32685276796588414
0.3268526932079997
0.5239209693856308
0.3268533902680544
0.3268526932079997
0.32685331551016994
0.32685276796588414
0.3268533902680544
0.32685276796588414
0.3268526932079997
0.32685276796588414
0.4468490133558735
0.3268533902680544
0.3268533902680544
0.5668306098571383
0.3471101896982126
0.523874435592361
0.326911587732585
0.3268533902680544
0.32685331551016994
0.32861344360165656
0.32685276796588414
0.32685276796588414
0.32685331551016994
0.3409196367202917
0.32693566102992744
0.32685276796588414
0.3268533902680544
0.326911587732585
0.3268533902680544
0.32685276796588414
0.3268533902680544
0.3268526932079997
0.3268533902680544
0.3268533902680544
0.3268526932079997
0.508834054764773
0.3268526932079997
0.328957509480115
0.32685276796588414
0.3289581317822853
0.32685276796588414
0.32685276796588414
0.3289574208986534
0.32685276796588414
0.3268533902680544
0.3268533902680544
0.3268533902680544
0.32685276796588414
0.32685276796588414
0.3547228764416944
0.32685276796588414
0.3268533902680544
0.32685276796588414
0.34026351621210166
0.3268526932079997
0.32685276796588414
0.32685276796588414
0.32685276796588414
0.3268773888075124
0.32898353317061185
0.32685276796588414
0.32685276796588414
0.32685276796588414
0.32685276796588414
0.32685331551016994
0.3268526932079997
0.32685276796588414
0.32685276796588414
0.3268526932079997
0.3547228764416944
0.32685276796588414
0.3268533902680544
0.32685276796588414
0.32685276796588414
0.32685276796588414
0.3268533902680544
0.7957641285179022
0.32685276796588414
0.3268526932079997
0.32685276796588414
0.32685276796588414
0.5668293099749976
0.3285787369983459
0.32685276796588414
0.32685276796588414
0.32685276796588414
0.3268533902680544
0.32685276796588414
0.32685331551016994
0.3289581317822853
0.3268526932079997
0.338130647882378
0.3269108906725303
0.4242869981129621
0.3268533902680544
0.32685276796588414
0.32685276796588414
0.3268774635653968
0.3292347827486515
0.3268533902680544
0.32685276796588414
0.7957641285179022
0.34026488129027876
0.3381294323199697
0.32685276796588414
0.5821323373150242
0.32685276796588414
0.3385382442396946
0.33911684467056985
0.32685276796588414
0.3268526932079997
0.5716210107111063
0.8912250209908006
0.3268533902680544
0.3268533902680544
0.33813005462214
0.32685276796588414
0.3268533902680544
0.3292347827486515
0.32685276796588414
0.32685276796588414
0.32685331551016994
0.32685276796588414
0.32685331551016994
0.3268526932079997
0.3268533902680544
0.32685331551016994
0.3274138219305498
0.3268526932079997
0.32685276796588414
0.32685276796588414
0.3268526932079997
0.32685276796588414
0.32685331551016994
0.3268533902680544
0.32685331551016994
0.3268526932079997
0.5822693060927726
0.32685276796588414
0.32685276796588414
0.3268533902680544
0.32685331551016994
0.32685276796588414
0.32685276796588414
0.3286716410661872
0.32685276796588414
0.32741444423272004
0.32685276796588414
0.32685331551016994
0.5821323373150242
0.3268526932079997
0.3596392215036949
0.5668293099749976
0.32685331551016994
0.3268526932079997
0.3268526932079997
0.32685276796588414
0.4468801815064599
0.32691096543041476
0.4242565408460075
0.3285887480021438
0.3268526932079997
0.3268533902680544
0.3268526932079997
0.32685276796588414
0.35314234924509325
0.3268526932079997
0.32685276796588414
0.3292347827486515
0.3268533902680544
0.8675826271447329
0.32685276796588414
0.32685276796588414
0.8912240674011968
0.32685276796588414
0.8912240674011968
0.3385382442396946
0.32685331551016994
0.32685331551016994
0.3268526932079997
0.3268533902680544
0.32685276796588414
0.3285787369983459
0.32685276796588414
0.32685276796588414
0.32685276796588414
0.3268526932079997
0.3381293575620853
0.3268533902680544
0.3274138219305498
0.32685276796588414
0.3268526932079997
0.5246384658929918
0.3268526932079997
0.32685276796588414
0.3268526932079997
0.3268774635653968
0.3268526932079997
0.32685276796588414
0.3268533902680544
0.3268533902680544
0.32685276796588414
0.5821310374328834
0.5246080086260372
0.32685276796588414
0.3471101149403282
0.3268533902680544
0.3268526932079997
0.32685276796588414
0.32685331551016994
0.32913300617106184
0.32685331551016994
0.3268703252912324
0.33813072264026245
0.3268526932079997
0.3268533902680544
0.32685276796588414
0.5821310374328834
0.32685276796588414
0.3268526932079997
0.3268533902680544
0.32685276796588414
0.3268773888075124
0.32693566102992744
0.32685276796588414
0.5822696523853095
0.3268533902680544
0.32685331551016994
0.32685276796588414
0.3268526932079997
0.3268533902680544
0.3268526932079997
0.35607312883487247
0.32685331551016994
0.32685276796588414
0.32685331551016994
0.3268533902680544
0.32685276796588414
0.32685276796588414
0.3278983777810148
0.3268526932079997
0.32741374717266536
0.32685276796588414
0.32685276796588414
0.32685276796588414
0.3268533902680544
0.32685276796588414
0.3268533902680544
0.3381294323199697
0.32685331551016994
0.3268526932079997
0.3268533902680544
0.3268526932079997
0.3268533902680544
0.32685276796588414
0.5821323373150242
0.3552840051642445
0.33813005462214
1.4414514960420408
0.32685276796588414
0.3268533902680544
0.3268526932079997
0.3268533902680544
0.3268526932079997
0.3289581317822853
0.32685276796588414
0.3268533902680544
0.32685276796588414
0.3268533902680544
0.3283985300784361
0.3547228764416944
0.32685331551016994
0.3268780111096826
0.32685276796588414
0.3297733210527992
0.3268533902680544
0.5823214146042838
0.32685276796588414
0.32685276796588414
0.32685276796588414
0.3268533902680544
0.32685276796588414
0.8912329417586258
0.32685276796588414
0.3268533902680544
0.5238745103502453
0.33815412791948246
0.32685276796588414
0.32685331551016994
0.33853945980210276
0.3268526932079997
0.3268526932079997
0.32863693446287656
0.32685276796588414
0.33813005462214
0.32685276796588414
0.32685276796588414
0.3268533902680544
0.3268704000491168
0.3286133688437721
1.4414401221982664
0.3268533902680544
0.32685331551016994
0.3268526932079997
0.32685276796588414
0.32685276796588414
0.32685331551016994
0.328957509480115
0.32685276796588414
0.32895679859648314
0.32685276796588414
0.3268533902680544
0.3268526932079997
0.3268526932079997
0.3268526932079997
0.3268533902680544
0.3268533902680544
0.32685276796588414
0.3385382442396946
0.32685276796588414
0.32784080261865445
0.32691096543041476
0.3268526932079997
0.32685276796588414
0.32685276796588414
0.32861344360165656
0.32685331551016994
0.3268526932079997
0.3268533902680544
0.32685276796588414
1.557147360604139
0.3398553265945471
0.32685276796588414
0.33853762193752435
0.32784080261865445
0.4468490133558735
0.3268533902680544
0.3268526932079997
0.3268533902680544
0.3268526932079997
0.32866163006238924
0.32685276796588414
0.32685276796588414
0.3268526932079997
0.32685276796588414
0.8912329417586258
0.32685276796588414
0.32685331551016994
0.32685276796588414
0.32685276796588414
0.3283978191948042
0.32685276796588414
0.3268526932079997
0.32685276796588414
0.3283985300784361
0.32685276796588414
0.32866163006238924
0.3268533902680544
0.326935586272043
0.32685276796588414
0.3268533902680544
0.32685276796588414
0.32685276796588414
0.3381299798642556
0.3381294323199697
0.32685276796588414
0.4468490133558735
0.32685276796588414
0.32861344360165656
0.32685276796588414
0.3381293575620853
0.32685276796588414
0.3268533902680544
0.33813127018454825
0.32685276796588414
0.3268533902680544
0.32685276796588414
0.32685276796588414
0.3268526932079997
0.3268533902680544
0.7957640537600177
0.3268526932079997
0.338130647882378
0.547707197717948
0.32685276796588414
0.3268533902680544
0.3268526932079997
0.5821323373150242
0.3268533902680544
0.32685276796588414
0.7459416555211258
0.3268533902680544
0.3268533902680544
0.32685276796588414
0.33813072264026245
0.33853762193752435
0.32685331551016994
0.329773868597085
0.3268526932079997
0.3268533902680544
0.32685276796588414
0.3268526932079997
0.3268533902680544
0.3268526932079997
0.3268526932079997
0.32685276796588414
0.3465497580357172
0.5668293099749976
0.32685331551016994
0.3268533902680544
0.32685276796588414
0.3268533902680544
0.3268533902680544
0.3268533902680544
0.32685276796588414
0.7480327149175117
0.3268526932079997
0.3268704000491168
0.338130647882378
0.3268533902680544
0.3268526932079997
0.33853762193752435
0.32685276796588414
0.32685276796588414
0.32685276796588414
0.32685276796588414
0.32685276796588414
0.4468497242395054
0.32685276796588414
0.3268533902680544
0.3268533902680544
0.32685276796588414
0.3381294323199697
0.3268533902680544
0.32685276796588414
0.32685276796588414
0.42300338437191537
0.32685276796588414
0.32685276796588414
0.3292246969869691
0.3268533902680544
0.32685276796588414
0.3268704000491168
0.32685276796588414
0.3268526932079997
0.32685331551016994
0.32685331551016994
0.3283985300784361
0.32685276796588414
0.32685276796588414
0.3268526932079997
0.3268533902680544
0.3285787369983459
0.3268526932079997
0.3268533902680544
0.32685276796588414
0.3268533902680544
0.32685276796588414
0.32685331551016994
0.3268526932079997
0.5821300838432796
0.3268526932079997
0.3268526932079997
0.32685276796588414
0.5822693060927726
0.7957641285179022
0.3268526932079997
0.3547228764416944
0.32685276796588414
0.3268774635653968
0.3268526932079997
0.3268526932079997
0.3268533902680544
0.3268533902680544
0.32685276796588414
0.5120429465473416
0.32685276796588414
0.3268526932079997
0.32685276796588414
0.32685276796588414
0.8665773330363704
0.32685276796588414
0.3268533902680544
0.3268533902680544
0.32685276796588414
0.32857866224046145
0.3268774635653968
0.32685276796588414
0.3268526932079997
0.5668293099749976
0.3547228764416944
0.3268526932079997
0.4242869981129621
0.3268526932079997
0.32685331551016994
0.3268533902680544
0.3268526932079997
0.3268526932079997
0.3268533902680544
0.338130647882378
0.32685276796588414
0.7957371859598362
0.33853762193752435
0.32685331551016994
0.32685276796588414
0.3268533902680544
0.32685331551016994
0.5821310374328834
0.32685276796588414
0.32685276796588414
0.32685276796588414
0.3268526932079997
0.32685276796588414
0.32685276796588414
0.3385382442396946
0.33853762193752435
0.32685276796588414
0.32685276796588414
0.3268533902680544
0.32685276796588414
0.32685276796588414
0.3268526932079997
0.32685276796588414
0.32691096543041476
0.3268526932079997
0.32685331551016994
0.3268773888075124
0.32685331551016994
0.9504673604195495
0.3268533902680544
0.32685276796588414
0.3547235735017491
0.3268533902680544
0.3268533902680544
0.32685276796588414
0.3268533902680544
0.3268526932079997
0.32685276796588414
0.42425582996237565
0.3268533902680544
0.3268526932079997
0.32685276796588414
0.32685276796588414
0.3385375471796399
0.32685276796588414
1.4414391584149269
0.3268526932079997
0.3283978191948042
0.32685276796588414
