0.32685276796588414
0.32685276796588414
0.32685276796588414
0.32687102235128707
0.3268533902680544
0.3268704000491168
0.3268704000491168
0.32685276796588414
0.3268704000491168
0.3268704000491168
0.32685276796588414
0.3268533902680544
0.3268704000491168
0.32685276796588414
0.32685276796588414
0.32685276796588414
0.3268950956486295
0.32685276796588414
0.32685276796588414
0.3268533902680544
0.32685276796588414
0.32687102235128707
0.32685276796588414
0.3268704000491168
0.3278585094597716
0.3268704000491168
0.3268704000491168
0.3268704000491168
0.32685276796588414
0.3268533902680544
0.3268950956486295
0.3268533902680544
0.32685276796588414
0.3268704000491168
0.32685276796588414
0.32689571795079975
0.32685276796588414
0.32685276796588414
0.32685276796588414
0.32693566102992744
0.32687102235128707
0.32685276796588414
0.3268533902680544
0.3268704000491168
0.32685276796588414
0.3268533902680544
0.3268533902680544
0.32685276796588414
0.32685276796588414
0.3268704000491168
0.3268950956486295
0.32689571795079975
0.32685276796588414
0.3268704000491168
0.32687102235128707
0.32685276796588414
0.32692921981581774
0.3268533902680544
0.32687102235128707
0.32685276796588414
0.4242869981129621
0.33853762193752435
0.3268774635653968
0.5668293099749976
0.3269539154153305
0.32685276796588414
0.3268533902680544
0.3268704000491168
0.3268704000491168
0.32687102235128707
0.32687102235128707
0.3268950956486295
0.32685276796588414
0.3268950956486295
0.32685276796588414
1.4414405447400374
0.32685276796588414
0.3268533902680544
0.32685276796588414
0.32693566102992744
0.32687102235128707
0.32685276796588414
0.3268533902680544
0.32693566102992744
0.32687102235128707
0.32685276796588414
0.32685276796588414
0.32685276796588414
0.3268533902680544
0.5668293099749976
0.32685276796588414
0.3268533902680544
0.32689571795079975
0.3268704000491168
0.32687102235128707
0.3268704000491168
0.3268704000491168
0.3268704000491168
0.35474113082709735
0.3268704000491168
0.32685276796588414
0.32685276796588414
0.3268704000491168
0.7957641285179022
0.32685276796588414
0.32685276796588414
0.3278408773765389
0.5080703644586513
0.3268704000491168
0.3268533902680544
0.32687102235128707
0.32685276796588414
0.3268526932079997
0.32685276796588414
0.3268704000491168
0.32687102235128707
0.3268774635653968
0.32685276796588414
0.32685276796588414
0.3268704000491168
0.3268704000491168
0.3268533902680544
0.32685276796588414
0.5668293099749976
0.3268704000491168
0.32685276796588414
0.32685276796588414
0.3268704000491168
0.32687102235128707
0.32685276796588414
0.32685276796588414
0.3268950956486295
0.3547405085249271
0.32685276796588414
0.32685276796588414
0.3268704000491168
0.338538912257817
0.32685276796588414
0.32685276796588414
0.3268704000491168
0.32685276796588414
0.3268704000491168
0.32689571795079975
0.3268704000491168
0.3268774635653968
0.32685276796588414
0.32687102235128707
0.3268533902680544
0.3268533902680544
0.3268533902680544
0.32685276796588414
0.3268704000491168
0.3268704000491168
0.32687102235128707
0.32693566102992744
0.32685276796588414
0.32685276796588414
0.3268704000491168
0.3268774635653968
0.32685276796588414
0.32685276796588414
0.32685276796588414
0.3297733210527992
0.32685276796588414
0.32693566102992744
0.32685276796588414
0.32685276796588414
0.32687808586756706
0.3268704000491168
0.32685276796588414
0.32685276796588414
0.32687102235128707
0.3268533902680544
0.32685276796588414
0.3268704000491168
0.3268533902680544
0.32685276796588414
0.3268533902680544
0.3268533902680544
0.32685276796588414
0.32687808586756706
0.32693566102992744
0.3268533902680544
0.32685276796588414
0.3268533902680544
0.32685331551016994
0.3268704000491168
0.32685276796588414
0.32685276796588414
0.3268533902680544
0.32687102235128707
0.3268704000491168
0.32685276796588414
0.32685276796588414
0.3268704000491168
0.3268704000491168
0.32685276796588414
0.32685276796588414
0.3268533902680544
0.32685276796588414
0.3268774635653968
0.3268774635653968
0.32685276796588414
0.32687102235128707
0.3268533902680544
0.3268774635653968
0.3268774635653968
0.32685276796588414
0.3268533902680544
0.32685276796588414
0.3268704000491168
0.3268533902680544
0.32687102235128707
0.3268533902680544
0.32685276796588414
0.3268533902680544
0.32687102235128707
0.32685276796588414
0.32687102235128707
0.32685276796588414
0.32685276796588414
0.32685276796588414
0.3268704000491168
0.32685276796588414
0.3268704000491168
0.3269285975136475
0.32687102235128707
0.32685276796588414
0.32685276796588414
0.32685276796588414
0.3268526932079997
0.3268774635653968
0.32685276796588414
0.3268950956486295
0.32685276796588414
0.3268704000491168
0.3268526932079997
0.32685276796588414
0.3268704000491168
0.32687102235128707
0.32685276796588414
0.3268704000491168
0.32685276796588414
0.32687102235128707
0.3268704000491168
0.32687102235128707
0.32685276796588414
0.327882582757114
0.3268704000491168
0.32685276796588414
0.32689571795079975
0.3385395345599872
0.32685276796588414
0.32685276796588414
0.32685276796588414
0.32687808586756706
0.32685276796588414
0.3268533902680544
0.3268704000491168
0.3268533902680544
0.3268950956486295
0.32685276796588414
0.3268704000491168
0.3268533902680544
0.32685276796588414
0.32685276796588414
0.3268533902680544
0.32685276796588414
0.32685276796588414
0.32687102235128707
0.32685276796588414
0.3268704000491168
0.32685276796588414
0.32687102235128707
0.3268704000491168
0.3268533902680544
0.3268704000491168
0.3268533902680544
0.3268704000491168
0.32685276796588414
0.32685276796588414
0.3471101896982126
0.3268533902680544
0.32685276796588414
0.3268704000491168
0.32685276796588414
0.3268704000491168
0.32926709942759896
0.3268774635653968
0.3268533902680544
0.32685276796588414
0.3268704000491168
0.32785788715760134
0.32685276796588414
0.32685276796588414
0.32687808586756706
0.3268533902680544
0.3268704000491168
0.32685276796588414
0.3268704000491168
0.32693628333209773
0.3268533902680544
0.3268704000491168
0.3268533902680544
0.3268533902680544
0.3268704000491168
0.32685276796588414
0.32685276796588414
0.3268533902680544
0.3268533902680544
0.32685276796588414
0.32687102235128707
0.3274320763159527
0.32685276796588414
0.3268533902680544
0.3268526932079997
0.32685276796588414
0.3268704000491168
0.32687102235128707
0.3269539154153305
0.32685276796588414
0.32685276796588414
0.3268533902680544
0.32685276796588414
0.32685276796588414
0.32689571795079975
0.3268704000491168
0.32687102235128707
0.3268533902680544
0.32685276796588414
0.327882582757114
0.3268774635653968
0.32685276796588414
0.32685276796588414
0.3268774635653968
0.32687102235128707
0.5668457821478426
0.3268533902680544
0.32685276796588414
0.32685276796588414
0.326911587732585
0.5239515014104698
0.3268533902680544
0.32685276796588414
0.7957641285179022
0.3268533902680544
0.32687102235128707
0.32685276796588414
0.3268704000491168
0.32687102235128707
0.32685331551016994
0.3268774635653968
0.3268704000491168
0.32685276796588414
0.32685276796588414
0.3268704000491168
0.32685276796588414
0.3268704000491168
0.3268704000491168
0.3268533902680544
0.3268533902680544
0.3268526932079997
0.3268774635653968
0.3268704000491168
0.3268533902680544
0.32687102235128707
0.3268533902680544
0.5241205190614069
0.3268533902680544
0.3268704000491168
0.32685276796588414
0.32685276796588414
0.3268774635653968
0.32693628333209773
0.32685276796588414
0.32687102235128707
0.3268704000491168
0.3268704000491168
0.9504673604195495
0.3268704000491168
0.32685276796588414
0.32685276796588414
0.32685276796588414
0.3268950956486295
0.3268704000491168
0.32685331551016994
0.3268704000491168
0.32685276796588414
0.32687102235128707
0.32685276796588414
0.3268533902680544
0.32685276796588414
0.32685276796588414
0.32685276796588414
0.32685276796588414
0.3268704000491168
0.32685276796588414
0.3465666930588952
0.32685276796588414
0.3268533902680544
0.3269532931131602
0.5822693060927726
0.32685276796588414
0.32687102235128707
0.32685276796588414
0.3268704000491168
0.32685276796588414
0.32685276796588414
0.32685276796588414
0.5668704777473553
0.32687102235128707
0.32685276796588414
0.32687808586756706
0.3268704000491168
0.32685276796588414
0.32687102235128707
0.3268533902680544
0.32687102235128707
0.32687102235128707
0.3268533902680544
0.32685276796588414
0.32685276796588414
0.32687102235128707
0.3268704000491168
0.32685276796588414
0.3268704000491168
0.32685276796588414
0.3268704000491168
0.3268704000491168
0.3268533902680544
0.3268533902680544
0.32685276796588414
0.32687102235128707
0.32685276796588414
1.4414405447400374
0.32687102235128707
0.32687102235128707
0.3268704000491168
0.32685276796588414
0.32685276796588414
0.32687102235128707
0.3268533902680544
0.3268704000491168
0.32685276796588414
0.32685276796588414
0.32685276796588414
0.32685276796588414
0.32685276796588414
0.32922477174485354
0.3269285975136475
0.3268704000491168
0.32685276796588414
0.32693566102992744
0.3268704000491168
0.32685276796588414
0.3268774635653968
0.3268704000491168
0.3268533902680544
0.32685276796588414
0.3268774635653968
0.32685276796588414
0.3268533902680544
0.3268533902680544
0.3268533902680544
0.32687102235128707
0.32685276796588414
0.3268533902680544
0.3268533902680544
0.32685276796588414
0.32685276796588414
0.32685276796588414
0.32685276796588414
0.32687102235128707
0.32685276796588414
0.32685276796588414
0.3268774635653968
0.32685276796588414
0.3268704000491168
0.32685276796588414
0.32687102235128707
0.3268704000491168
0.32685276796588414
0.32685276796588414
0.32685276796588414
0.3268533902680544
0.3268533902680544
0.3268533902680544
0.32685276796588414
0.32685276796588414
0.3268533902680544
0.32685276796588414
0.7957641285179022
0.3268704000491168
0.32685276796588414
0.32685276796588414
0.3268774635653968
0.32685276796588414
0.32685276796588414
0.3268533902680544
0.3297733210527992
0.8548513934797171
0.3268533902680544
0.32685276796588414
0.5536295621579772
0.32685276796588414
0.3268774635653968
0.3381313449424327
0.32685276796588414
0.5821313837254203
0.3268533902680544
0.32685276796588414
0.3268774635653968
0.3268533902680544
0.32685276796588414
0.32687102235128707
0.3268774635653968
0.3268703252912324
0.32687102235128707
0.32687102235128707
0.3268704000491168
0.3268533902680544
0.32693566102992744
0.32693566102992744
0.32685276796588414
0.32685276796588414
0.32685276796588414
0.3268704000491168
0.32687102235128707
0.3501305846952093
0.3284153830245242
0.32685331551016994
0.3268774635653968
0.32685276796588414
0.32685276796588414
0.32687102235128707
0.32687102235128707
0.32784025507436865
0.32685276796588414
0.32685276796588414
0.32693566102992744
0.3268704000491168
0.3268533902680544
0.32687102235128707
0.32685276796588414
0.3268533902680544
0.32685276796588414
0.32685276796588414
0.32691096543041476
0.32685276796588414
0.32687102235128707
0.32685276796588414
0.3268774635653968
0.32685276796588414
0.3268950956486295
0.32685276796588414
0.32685276796588414
0.32685276796588414
0.32685276796588414
0.3268774635653968
0.3268533902680544
0.32685276796588414
0.3268704000491168
0.32685276796588414
0.32685276796588414
0.32685276796588414
0.4242565408460075
0.3268704000491168
0.3268533902680544
0.3268703252912324
0.32685276796588414
0.3268950956486295
0.32685276796588414
0.32685276796588414
0.32687102235128707
0.3268533902680544
0.3292594783481642
0.3268774635653968
0.32685276796588414
0.3284232256779488
0.3268704000491168
0.3268950956486295
0.32687102235128707
0.3268533902680544
0.5242272634084331
0.32685276796588414
0.3268533902680544
0.32685276796588414
0.3268533902680544
0.32685276796588414
0.32685276796588414
0.3268704000491168
0.32922477174485354
0.32687102235128707
0.3268533902680544
0.32685276796588414
0.32685276796588414
0.32685276796588414
0.3268704000491168
0.32685276796588414
0.32685276796588414
0.3268533902680544
0.32685276796588414
0.32685276796588414
0.32685276796588414
0.32685276796588414
0.32685276796588414
0.3274314540137825
0.3283985300784361
0.3268704000491168
0.3268704000491168
0.32687808586756706
0.32685276796588414
0.32685276796588414
0.32687102235128707
0.32741444423272004
0.3268704000491168
0.32685276796588414
0.3268704000491168
0.3268704000491168
0.9510187708439789
0.3268533902680544
0.3547475720412071
0.32685276796588414
0.32685276796588414
0.3268704000491168
0.32687102235128707
0.32687102235128707
0.32685276796588414
0.3268704000491168
0.32689571795079975
0.32685276796588414
0.32685276796588414
0.32685276796588414
0.3268704000491168
0.32685276796588414
0.32685276796588414
0.42427789146993183
0.32685276796588414
0.3268533902680544
0.3292347827486515
0.3268704000491168
0.32685276796588414
0.32685276796588414
0.32685276796588414
0.32685276796588414
0.32685276796588414
0.32693566102992744
1.4414405447400374
0.32685276796588414
0.32685276796588414
0.3268704000491168
0.3268704000491168
0.32685276796588414
0.32685276796588414
0.32685276796588414
0.32685276796588414
0.32685276796588414
0.3268704000491168
0.3268950956486295
0.32685276796588414
0.3268950956486295
0.3268533902680544
0.32687102235128707
0.32685276796588414
0.3268704000491168
0.32859636908157863
0.32685276796588414
0.3268704000491168
0.3268533902680544
0.3268704000491168
0.32685276796588414
0.3268533902680544
0.3268950956486295
0.32685276796588414
0.5821310374328834
0.32685276796588414
0.3297733210527992
0.3268704000491168
0.3292347827486515
0.3268533902680544
0.3268704000491168
0.32685276796588414
0.3268704000491168
0.5239049676172
0.3268533902680544
0.3268704000491168
0.32685276796588414
0.32685276796588414
0.32685276796588414
0.32685276796588414
0.3268774635653968
0.3268533902680544
0.3268533902680544
0.3268704000491168
0.32685276796588414
0.32685276796588414
0.32693566102992744
0.32687102235128707
1.4414514960420408
0.3268774635653968
0.32685276796588414
0.32685276796588414
0.3268774635653968
0.32685276796588414
0.3268533902680544
0.3268533902680544
0.32685276796588414
0.3268533902680544
0.32685276796588414
0.3268533902680544
0.3268704000491168
0.32685276796588414
0.32685276796588414
0.3268526932079997
0.3268533902680544
0.3268774635653968
0.3268533902680544
0.3268704000491168
0.3268704000491168
0.32687102235128707
0.3268533902680544
0.3268704000491168
0.32685276796588414
0.3268704000491168
0.3268533902680544
0.32687102235128707
0.3268533902680544
0.32685276796588414
0.32685276796588414
0.32685276796588414
0.32685276796588414
0.32687102235128707
0.3268533902680544
0.3268704000491168
0.32685276796588414
0.3268704000491168
0.3268533902680544
0.3268774635653968
0.32685276796588414
0.3268950956486295
0.326911587732585
0.5535693516042208
0.32685276796588414
0.33853762193752435
0.3268704000491168
0.3268704000491168
1.4414406550323204
0.3268533902680544
0.32685276796588414
0.3268704000491168
0.3268703252912324
0.3268704000491168
0.32685276796588414
0.32687808586756706
0.32687102235128707
0.32685276796588414
0.32685276796588414
0.32685276796588414
0.32693566102992744
0.3269539154153305
0.3268533902680544
0.32685276796588414
0.32687102235128707
0.3268774635653968
0.3268774635653968
0.32687102235128707
0.32685276796588414
0.32685276796588414
0.32685276796588414
0.32685276796588414
0.32687102235128707
0.3268704000491168
0.3268774635653968
0.32687102235128707
0.3268704000491168
0.3268704000491168
0.32685276796588414
0.3268774635653968
0.32685276796588414
0.3268950956486295
0.3268950956486295
0.3268704000491168
0.3268704000491168
0.32685276796588414
0.3283985300784361
0.32693566102992744
0.32687102235128707
0.32687102235128707
0.32685276796588414
0.3268533902680544
0.3268704000491168
0.32685276796588414
0.3268704000491168
0.32687102235128707
0.32685276796588414
0.3268533902680544
0.32687808586756706
0.35472349874386466
0.32685276796588414
0.32685276796588414
0.32685276796588414
0.3268704000491168
0.32685276796588414
0.3268704000491168
0.3268533902680544
0.32685276796588414
0.3268704000491168
0.3268533902680544
0.32685276796588414
0.32685276796588414
0.3268704000491168
0.32685276796588414
0.32685276796588414
0.32689571795079975
0.32685276796588414
0.32685276796588414
0.3268533902680544
0.3268704000491168
0.3268704000491168
0.3269532931131602
0.32685276796588414
0.32685276796588414
0.32685276796588414
0.32685276796588414
0.32687102235128707
0.3268950956486295
0.3268533902680544
0.32685276796588414
0.3268704000491168
0.3268533902680544
0.32685276796588414
0.3268704000491168
0.3269532931131602
0.3268950956486295
0.32687102235128707
0.32685276796588414
0.32687808586756706
0.3268704000491168
0.3268533902680544
0.32685276796588414
0.3268704000491168
0.32685276796588414
0.3268704000491168
0.3268533902680544
0.3268704000491168
0.32685276796588414
0.32687102235128707
0.32687102235128707
0.32685276796588414
0.3268533902680544
0.32685276796588414
0.32685276796588414
0.32685276796588414
0.32693566102992744
0.32685276796588414
0.3268533902680544
0.3268704000491168
0.3268774635653968
0.32685276796588414
0.32685276796588414
0.32844070092620714
0.3278832050592843
0.32685276796588414
0.32685276796588414
0.32685276796588414
0.32685276796588414
0.32741444423272004
0.3268704000491168
0.3268774635653968
0.32685276796588414
0.3268533902680544
0.32693566102992744
0.32685276796588414
0.32685276796588414
0.32685276796588414
0.3268950956486295
0.35472295119957886
0.32685276796588414
0.32685276796588414
0.32685276796588414
0.3646408790969924
0.3268533902680544
0.32685276796588414
0.3268533902680544
0.3268704000491168
0.32687102235128707
0.32687102235128707
0.3268704000491168
0.32687102235128707
0.3268704000491168
0.3268533902680544
0.3268774635653968
0.3268774635653968
0.3268533902680544
0.32685276796588414
0.32685276796588414
0.32685276796588414
0.3268533902680544
0.32685276796588414
0.32693628333209773
0.32685276796588414
0.32685276796588414
0.32685276796588414
0.3268533902680544
0.3268533902680544
0.32685276796588414
0.32685276796588414
0.32685276796588414
0.32685276796588414
0.32685276796588414
0.32685276796588414
0.32689571795079975
0.32687102235128707
0.3268774635653968
0.32685276796588414
0.32685276796588414
0.3278408773765389
0.32685276796588414
0.3547228764416944
0.32687102235128707
0.32685276796588414
0.3268533902680544
0.3268533902680544
0.5668306098571383
0.32687102235128707
0.3283985300784361
0.32685276796588414
0.32685276796588414
0.3268704000491168
0.3268704000491168
0.3268533902680544
0.32687102235128707
0.32689571795079975
0.3268533902680544
0.3268950956486295
0.3268704000491168
0.32685276796588414
0.5239049676172
0.3268533902680544
0.7958599761610816
0.32685276796588414
0.3268774635653968
0.3268704000491168
0.32687102235128707
0.35472295119957886
0.3268533902680544
0.32685276796588414
0.3268704000491168
0.5239049676172
0.32687102235128707
0.32687102235128707
0.3292347827486515
0.32685276796588414
0.3268533902680544
0.3268704000491168
0.3268704000491168
0.32685276796588414
0.3268533902680544
0.3268533902680544
0.32685276796588414
0.32687808586756706
0.32685276796588414
0.32685276796588414
0.32685276796588414
0.32685276796588414
0.3268533902680544
0.32685276796588414
0.32685276796588414
0.32685276796588414
0.3268533902680544
0.3269285975136475
0.3268704000491168
0.3268704000491168
0.32685276796588414
0.3268704000491168
0.3268533902680544
0.32685276796588414
0.3268533902680544
0.3268704000491168
0.32685276796588414
0.3268704000491168
0.32685276796588414
0.3268704000491168
0.32685276796588414
0.4242565408460075
0.3268533902680544
0.3268704000491168
0.32689571795079975
0.32685276796588414
0.32687102235128707
0.3268774635653968
0.3268533902680544
0.3268703252912324
0.32685276796588414
0.32685276796588414
0.3268704000491168
0.32685276796588414
0.3268704000491168
0.32685276796588414
0.32687102235128707
